radio,1 Varón,2 Mujer,TOTAL
020010101,212,124,336
020010201,232,246,478
020010202,188,213,401
020010203,170,167,337
020010204,297,305,602
020010205,174,133,307
020010206,366,366,732
020010207,217,221,438
020010208,266,220,486
020010209,259,252,511
020010210,145,182,327
020010211,308,303,611
020010212,636,589,1225
020010213,234,242,476
020010214,331,357,688
020010215,377,380,757
020010216,570,558,1128
020010217,347,365,712
020010218,239,241,480
020010219,277,270,547
020010301,322,272,594
020010302,283,281,564
020010303,314,345,659
020010304,226,202,428
020010305,688,595,1283
020010306,506,521,1027
020010307,201,202,403
020010308,374,423,797
020010309,528,564,1092
020010310,367,378,745
020010311,377,368,745
020010312,269,292,561
020010313,205,176,381
020010314,249,222,471
020010315,440,403,843
020010316,385,341,726
020010317,277,294,571
020010318,411,372,783
020010319,536,481,1017
020010320,203,194,397
020010321,150,150,300
020010322,359,311,670
020010323,424,413,837
020010401,656,816,1472
020010402,584,715,1299
020010403,522,667,1189
020010404,658,887,1545
020010405,500,569,1069
020010406,480,791,1271
020010407,635,758,1393
020010408,469,659,1128
020010501,261,370,631
020010502,232,301,533
020010503,362,566,928
020010504,497,703,1200
020010505,275,362,637
020010506,435,453,888
020010507,253,344,597
020010601,444,504,948
020010602,291,350,641
020010603,543,617,1160
020010604,350,439,789
020010605,146,186,332
020010606,245,324,569
020010607,220,278,498
020010608,354,376,730
020010609,462,584,1046
020010610,184,231,415
020010701,326,343,669
020010702,430,340,770
020010703,142,119,261
020010704,265,295,560
020010705,200,203,403
020010706,148,152,300
020010707,264,328,592
020010708,281,316,597
020010709,147,183,330
020010710,179,205,384
020010711,110,103,213
020010712,268,239,507
020010713,922,503,1425
020010801,148,204,352
020010802,599,725,1324
020010803,520,584,1104
020010804,249,343,592
020010805,266,323,589
020010806,512,632,1144
020010807,543,791,1334
020010808,194,252,446
020010809,270,421,691
020010810,215,230,445
020010901,125,167,292
020010902,169,219,388
020010903,251,198,449
020010904,119,137,256
020010905,205,204,409
020010906,168,186,354
020010907,282,306,588
020010908,132,129,261
020010909,347,281,628
020010910,185,184,369
020010911,242,180,422
020010912,196,182,378
020010913,307,283,590
020010914,128,125,253
020010915,124,114,238
020010916,513,484,997
020010917,170,190,360
020010918,209,186,395
020010919,55,64,119
020011001,132,186,318
020011002,220,284,504
020011003,448,532,980
020011004,171,256,427
020011005,237,270,507
020011006,256,285,541
020011007,149,163,312
020011008,140,139,279
020011009,170,171,341
020011010,304,376,680
020011011,269,343,612
020011012,271,313,584
020011013,300,378,678
020011014,109,109,218
020011101,239,273,512
020011102,203,225,428
020011103,187,167,354
020011104,323,344,667
020011105,254,275,529
020011106,199,248,447
020011107,253,272,525
020011108,382,435,817
020011109,209,246,455
020011110,308,313,621
020011111,111,155,266
020011112,414,519,933
020011113,324,342,666
020011114,322,452,774
020011201,184,157,341
020011202,101,128,229
020011203,374,349,723
020011204,168,225,393
020011205,264,336,600
020011206,220,252,472
020011207,381,405,786
020011208,162,167,329
020011209,650,706,1356
020011210,162,134,296
020011211,294,234,528
020011212,255,244,499
020011301,364,222,586
020011302,60,68,128
020011303,27,18,45
020011304,449,276,725
020011305,140,155,295
020011306,103,89,192
020011307,262,243,505
020011308,153,155,308
020011309,211,215,426
020011310,312,302,614
020011311,146,146,292
020011312,150,142,292
020011313,226,132,358
020011314,1008,952,1960
020011315,0,0,0
020011401,325,297,622
020011402,627,469,1096
020011403,185,198,383
020011404,28,42,70
020011405,253,231,484
020011406,344,354,698
020011407,232,244,476
020011408,229,182,411
020011409,246,275,521
020011410,207,224,431
020011411,254,268,522
020011412,241,270,511
020011501,345,352,697
020011502,322,340,662
020011503,176,242,418
020011504,366,393,759
020011505,232,232,464
020011506,415,389,804
020011507,287,290,577
020011508,394,424,818
020011509,389,483,872
020011510,282,343,625
020011511,276,278,554
020011601,274,264,538
020011602,164,162,326
020011603,466,479,945
020011604,287,286,573
020011605,202,275,477
020011606,263,296,559
020011607,489,585,1074
020011608,252,294,546
020011609,176,206,382
020011610,252,339,591
020011611,207,257,464
020011612,162,202,364
020011701,457,431,888
020011702,328,329,657
020011703,329,391,720
020011704,252,334,586
020011705,261,316,577
020011706,355,404,759
020011707,294,321,615
020011708,248,349,597
020011709,204,235,439
020011710,264,310,574
020011711,213,261,474
020011801,406,436,842
020011802,318,417,735
020011803,314,328,642
020011804,316,414,730
020011805,296,402,698
020011806,511,669,1180
020011807,331,403,734
020011808,324,350,674
020011809,307,343,650
020011901,412,480,892
020011902,485,581,1066
020011903,172,202,374
020011904,356,364,720
020011905,293,350,643
020011906,214,217,431
020011907,370,376,746
020011908,240,210,450
020011909,221,286,507
020012001,285,342,627
020012002,331,407,738
020012003,254,313,567
020012004,313,456,769
020012005,304,396,700
020012006,349,436,785
020012007,211,270,481
020012008,249,314,563
020012009,275,297,572
020012010,398,462,860
020012101,275,352,627
020012102,317,323,640
020012103,192,208,400
020012104,552,608,1160
020012105,354,370,724
020012106,274,328,602
020012107,375,410,785
020012108,243,310,553
020012109,319,390,709
020012110,391,425,816
020012201,265,302,567
020012202,352,458,810
020012203,370,447,817
020012204,203,243,446
020012205,178,269,447
020012206,247,331,578
020012207,283,279,562
020012208,254,279,533
020012209,413,467,880
020012210,601,630,1231
020012301,275,332,607
020012302,258,267,525
020012303,388,402,790
020012304,174,196,370
020012305,246,255,501
020012306,210,274,484
020012307,282,286,568
020012308,326,355,681
020012309,423,475,898
020012310,177,185,362
020012401,125,123,248
020012402,140,147,287
020012403,296,238,534
020012404,169,159,328
020012405,153,192,345
020012406,331,389,720
020012407,281,285,566
020012408,202,226,428
020012501,198,226,424
020012502,190,198,388
020012503,225,288,513
020012504,449,463,912
020012505,216,261,477
020012506,365,387,752
020012507,187,231,418
020012508,285,327,612
020012509,332,326,658
020012510,254,288,542
020012511,271,286,557
020012601,312,327,639
020012602,289,388,677
020012603,189,251,440
020012604,249,304,553
020012605,316,367,683
020012606,194,271,465
020012607,128,185,313
020012608,209,240,449
020012609,325,414,739
020012701,257,339,596
020012702,429,351,780
020012703,413,475,888
020012704,360,442,802
020012705,298,343,641
020012706,437,492,929
020012707,440,426,866
020012708,332,362,694
020012709,353,370,723
020012710,242,271,513
020012801,226,286,512
020012802,365,388,753
020012803,308,369,677
020012804,281,380,661
020012805,373,432,805
020012806,304,328,632
020012807,348,379,727
020012808,161,145,306
020012809,376,365,741
020012810,435,474,909
020012811,310,300,610
020012812,276,297,573
020012813,330,322,652
020012901,524,599,1123
020012902,312,312,624
020012903,391,426,817
020012904,341,382,723
020012905,385,419,804
020012906,493,497,990
020012907,405,511,916
020012908,300,348,648
020012909,434,489,923
020020101,63,42,105
020020102,268,250,518
020020201,267,320,587
020020202,390,488,878
020020203,265,307,572
020020204,232,308,540
020020205,256,344,600
020020206,207,265,472
020020207,136,165,301
020020208,303,394,697
020020301,362,533,895
020020302,327,418,745
020020303,114,152,266
020020304,159,210,369
020020305,331,383,714
020020306,288,390,678
020020307,368,517,885
020020308,267,339,606
020020401,356,467,823
020020402,112,121,233
020020403,144,221,365
020020404,210,289,499
020020405,317,385,702
020020406,226,313,539
020020407,273,344,617
020020408,465,532,997
020020409,365,447,812
020020410,365,519,884
020020501,350,360,710
020020502,394,493,887
020020503,284,377,661
020020504,233,311,544
020020505,327,450,777
020020506,339,472,811
020020507,358,470,828
020020508,304,396,700
020020509,246,370,616
020020601,186,246,432
020020602,580,766,1346
020020603,295,343,638
020020604,363,472,835
020020605,223,265,488
020020606,299,381,680
020020607,179,213,392
020020608,242,327,569
020020609,223,278,501
020020610,235,280,515
020020701,591,828,1419
020020702,470,603,1073
020020703,373,549,922
020020704,304,368,672
020020705,232,292,524
020020706,257,333,590
020020707,412,521,933
020020708,174,261,435
020020709,220,310,530
020020801,304,409,713
020020802,297,405,702
020020803,397,503,900
020020804,459,646,1105
020020805,409,498,907
020020806,514,733,1247
020020807,613,882,1495
020020808,363,485,848
020020901,306,459,765
020020902,227,454,681
020020903,386,479,865
020020904,451,570,1021
020020905,431,597,1028
020020906,369,531,900
020020907,393,556,949
020020908,604,773,1377
020020909,497,653,1150
020021001,437,538,975
020021002,266,371,637
020021003,202,239,441
020021004,351,434,785
020021005,371,441,812
020021006,322,373,695
020021007,366,502,868
020021008,358,498,856
020021009,285,326,611
020021101,495,701,1196
020021102,245,319,564
020021103,701,942,1643
020021104,600,793,1393
020021105,133,176,309
020021106,238,289,527
020021201,402,568,970
020021202,334,484,818
020021203,391,552,943
020021204,529,721,1250
020021205,551,691,1242
020021206,427,556,983
020021301,526,670,1196
020021302,386,504,890
020021303,409,564,973
020021304,502,610,1112
020021305,597,774,1371
020021306,453,599,1052
020021307,516,695,1211
020021401,341,419,760
020021402,230,345,575
020021403,141,214,355
020021404,320,423,743
020021405,496,628,1124
020021406,424,607,1031
020021407,282,366,648
020021408,272,423,695
020021409,682,793,1475
020021410,418,588,1006
020021501,266,335,601
020021502,336,462,798
020021503,618,775,1393
020021504,285,343,628
020021505,230,325,555
020021506,273,332,605
020021507,334,422,756
020021508,309,399,708
020021601,344,463,807
020021602,306,406,712
020021603,329,369,698
020021604,227,307,534
020021605,350,472,822
020021606,267,408,675
020021607,327,443,770
020021608,187,238,425
020021701,542,675,1217
020021702,371,467,838
020021703,396,535,931
020021704,136,203,339
020021705,233,299,532
020021706,442,544,986
020021707,473,648,1121
020021708,380,533,913
020021709,315,426,741
020021801,398,493,891
020021802,493,695,1188
020021803,322,465,787
020021804,501,684,1185
020021805,234,315,549
020021806,314,430,744
020021807,228,367,595
020021808,373,539,912
020021901,382,472,854
020021902,302,373,675
020021903,307,410,717
020021904,436,561,997
020021905,334,456,790
020021906,327,418,745
020021907,310,372,682
020021908,357,474,831
020022001,422,537,959
020022002,358,464,822
020022003,278,473,751
020022004,389,452,841
020022005,220,284,504
020022006,287,350,637
020022007,250,319,569
020022008,304,367,671
020022101,458,600,1058
020022102,393,566,959
020022103,352,423,775
020022104,436,610,1046
020022105,417,567,984
020022106,373,553,926
020022201,298,401,699
020022202,233,301,534
020022203,192,247,439
020022204,397,562,959
020022205,473,620,1093
020022206,420,596,1016
020022301,443,636,1079
020022302,421,604,1025
020022303,384,544,928
020022304,356,493,849
020022305,283,367,650
020022306,178,228,406
020022307,192,264,456
020022308,195,250,445
020022309,395,548,943
020022401,424,588,1012
020022402,348,439,787
020022403,350,445,795
020022404,446,604,1050
020022405,371,551,922
020022406,395,573,968
020022501,237,333,570
020022502,272,375,647
020022503,293,450,743
020022504,294,463,757
020022505,411,519,930
020022506,331,428,759
020022507,356,412,768
020022508,586,636,1222
020022509,340,435,775
020022510,275,330,605
020022511,474,563,1037
020030101,453,573,1026
020030102,410,493,903
020030103,395,565,960
020030104,220,270,490
020030105,403,506,909
020030106,358,357,715
020030107,430,417,847
020030108,247,244,491
020030109,247,283,530
020030110,211,227,438
020030111,226,236,462
020030201,332,410,742
020030202,320,394,714
020030203,296,380,676
020030204,341,393,734
020030205,399,473,872
020030206,397,530,927
020030207,456,565,1021
020030208,391,475,866
020030209,378,458,836
020030210,174,253,427
020030211,297,305,602
020030212,384,461,845
020030301,485,616,1101
020030302,398,462,860
020030303,271,343,614
020030304,230,286,516
020030305,275,304,579
020030306,363,460,823
020030307,355,447,802
020030308,319,407,726
020030309,136,149,285
020030310,470,480,950
020030311,345,524,869
020030401,317,419,736
020030402,224,275,499
020030403,293,388,681
020030404,359,413,772
020030405,327,356,683
020030406,303,352,655
020030407,315,359,674
020030408,353,371,724
020030501,380,422,802
020030502,281,367,648
020030503,432,538,970
020030504,232,310,542
020030505,256,354,610
020030506,198,243,441
020030507,332,436,768
020030601,310,406,716
020030602,169,182,351
020030603,288,329,617
020030604,274,336,610
020030605,376,490,866
020030606,226,296,522
020030607,300,383,683
020030701,138,172,310
020030702,388,476,864
020030703,450,517,967
020030704,412,502,914
020030705,271,308,579
020030706,263,321,584
020030707,416,506,922
020030708,162,233,395
020030709,397,534,931
020030801,294,353,647
020030802,245,307,552
020030803,384,455,839
020030804,242,296,538
020030805,237,259,496
020030806,215,263,478
020030807,194,233,427
020030808,246,278,524
020030809,333,385,718
020030810,252,295,547
020030901,375,485,860
020030902,221,265,486
020030903,341,421,762
020030904,482,544,1026
020030905,284,310,594
020030906,238,259,497
020030907,393,383,776
020030908,365,375,740
020030909,368,435,803
020030910,360,427,787
020031001,341,445,786
020031002,379,441,820
020031003,449,503,952
020031004,331,402,733
020031005,192,277,469
020031006,445,531,976
020031007,324,418,742
020031008,300,358,658
020031101,355,454,809
020031102,420,514,934
020031103,399,499,898
020031104,556,657,1213
020031105,315,389,704
020031106,424,492,916
020031107,337,506,843
020031108,254,330,584
020031201,294,385,679
020031202,380,524,904
020031203,221,357,578
020031204,253,238,491
020031205,411,560,971
020031206,149,120,269
020031207,425,503,928
020031208,226,320,546
020031209,231,247,478
020031210,377,468,845
020031301,352,392,744
020031302,348,423,771
020031303,370,447,817
020031304,249,267,516
020031305,275,358,633
020031306,326,409,735
020031307,267,355,622
020031308,230,268,498
020031309,303,420,723
020031310,345,348,693
020031311,411,485,896
020031401,424,456,880
020031402,439,509,948
020031403,484,568,1052
020031404,371,431,802
020031405,387,457,844
020031406,513,601,1114
020031407,288,345,633
020031408,322,398,720
020031409,48,55,103
020031410,404,494,898
020031501,314,369,683
020031502,407,502,909
020031503,304,362,666
020031504,361,427,788
020031505,364,391,755
020031506,371,434,805
020031507,565,683,1248
020031508,555,726,1281
020031509,102,173,275
020031601,383,508,891
020031602,525,596,1121
020031603,406,475,881
020031604,217,247,464
020031605,348,316,664
020031606,380,361,741
020031607,383,404,787
020031608,368,406,774
020031609,555,598,1153
020031701,349,389,738
020031702,399,423,822
020031703,190,262,452
020031704,440,465,905
020031705,392,419,811
020031706,321,405,726
020031707,412,468,880
020031708,548,634,1182
020031709,326,381,707
020031801,267,306,573
020031802,362,399,761
020031803,222,264,486
020031804,385,445,830
020031805,179,217,396
020031806,297,347,644
020031807,341,368,709
020031808,245,293,538
020031809,410,485,895
020031810,268,313,581
020031811,262,335,597
020031901,528,653,1181
020031902,140,161,301
020031903,287,378,665
020031904,325,402,727
020031905,407,405,812
020031906,359,422,781
020031907,456,493,949
020031908,530,630,1160
020031909,334,355,689
020031910,245,275,520
020032001,272,331,603
020032002,375,505,880
020032003,267,346,613
020032004,269,347,616
020032005,205,277,482
020032006,247,238,485
020032007,366,436,802
020032008,381,422,803
020032009,425,549,974
020032010,270,356,626
020032011,195,284,479
020032101,444,515,959
020032102,419,493,912
020032103,328,411,739
020032104,353,415,768
020032105,234,273,507
020032106,349,448,797
020032107,173,232,405
020032108,298,392,690
020032109,177,239,416
020032110,438,534,972
020032201,345,442,787
020032202,305,353,658
020032203,193,214,407
020032204,252,261,513
020032205,365,444,809
020032206,351,402,753
020032207,328,409,737
020032208,443,488,931
020032209,441,498,939
020032301,356,443,799
020032302,347,456,803
020032303,382,428,810
020032304,211,237,448
020032305,268,346,614
020032306,289,321,610
020032307,308,353,661
020032308,400,480,880
020032309,477,495,972
020032310,497,547,1044
020032401,307,385,692
020032402,388,463,851
020032403,275,376,651
020032404,328,373,701
020032405,233,284,517
020032406,476,598,1074
020032407,323,351,674
020032408,337,416,753
020032409,215,243,458
020032501,548,673,1221
020032502,341,368,709
020032503,255,294,549
020032504,323,373,696
020032505,386,443,829
020032506,444,515,959
020032507,252,275,527
020032508,665,888,1553
020032509,331,415,746
020032601,384,516,900
020032602,572,590,1162
020032603,346,457,803
020032604,244,273,517
020032605,382,452,834
020032606,282,323,605
020032607,388,427,815
020032608,276,310,586
020032609,376,414,790
020032701,443,523,966
020032702,396,446,842
020032703,445,461,906
020032704,402,432,834
020032705,358,423,781
020032706,410,428,838
020032707,426,506,932
020040101,360,410,770
020040102,393,402,795
020040103,304,331,635
020040104,399,402,801
020040105,408,416,824
020040106,354,371,725
020040107,233,285,518
020040108,337,348,685
020040109,316,334,650
020040110,243,248,491
020040111,275,318,593
020040112,251,278,529
020040113,190,215,405
020040114,352,397,749
020040201,344,409,753
020040202,363,463,826
020040203,478,571,1049
020040204,376,420,796
020040205,343,395,738
020040206,313,370,683
020040207,438,461,899
020040208,258,262,520
020040209,295,326,621
020040210,513,538,1051
020040301,432,542,974
020040302,416,433,849
020040303,298,345,643
020040304,440,464,904
020040305,502,559,1061
020040306,421,481,902
020040307,348,338,686
020040308,416,428,844
020040309,265,310,575
020040310,377,445,822
020040311,430,490,920
020040312,516,549,1065
020040313,279,311,590
020040401,315,353,668
020040402,318,420,738
020040403,414,488,902
020040404,523,518,1041
020040405,497,519,1016
020040406,370,425,795
020040407,422,464,886
020040408,377,403,780
020040409,386,464,850
020040410,318,343,661
020040411,439,521,960
020040501,409,482,891
020040502,292,347,639
020040503,345,452,797
020040504,341,374,715
020040505,203,250,453
020040506,442,494,936
020040507,356,478,834
020040508,481,601,1082
020040509,1028,1134,2162
020040510,609,649,1258
020040511,503,513,1016
020040601,492,598,1090
020040602,361,426,787
020040603,351,400,751
020040604,430,525,955
020040605,340,393,733
020040606,408,521,929
020040607,351,415,766
020040608,417,503,920
020040609,319,388,707
020040610,312,418,730
020040611,297,357,654
020040701,454,448,902
020040702,356,400,756
020040703,430,508,938
020040704,898,1261,2159
020040705,349,414,763
020040706,404,457,861
020040707,355,430,785
020040708,314,375,689
020040709,322,422,744
020040710,267,343,610
020040711,496,781,1277
020040712,461,405,866
020040801,313,392,705
020040802,336,431,767
020040803,302,328,630
020040804,405,395,800
020040805,270,324,594
020040806,321,389,710
020040807,1192,1272,2464
020040808,215,190,405
020040809,543,550,1093
020040810,371,392,763
020040811,431,468,899
020040901,740,755,1495
020040902,359,406,765
020040903,262,274,536
020040904,222,281,503
020040905,249,288,537
020040906,373,466,839
020040907,372,410,782
020041001,29,44,73
020041002,927,1008,1935
020041003,812,841,1653
020041004,229,235,464
020041005,796,863,1659
020041006,479,525,1004
020041007,433,468,901
020041008,794,808,1602
020041009,1034,1057,2091
020041101,408,454,862
020041102,384,463,847
020041103,370,415,785
020041104,283,360,643
020041105,215,241,456
020041106,467,497,964
020041107,506,543,1049
020041108,466,456,922
020041109,435,450,885
020041201,304,300,604
020041202,239,301,540
020041203,341,380,721
020041204,459,516,975
020041205,292,323,615
020041206,379,417,796
020041207,248,236,484
020041208,183,220,403
020041209,316,423,739
020041210,427,457,884
020041211,277,355,632
020041212,274,299,573
020041301,428,479,907
020041302,294,324,618
020041303,289,349,638
020041304,227,259,486
020041305,419,537,956
020041306,285,291,576
020041307,387,511,898
020041308,180,229,409
020041309,175,232,407
020041310,224,267,491
020041311,507,632,1139
020041401,320,315,635
020041402,269,319,588
020041403,318,327,645
020041404,502,608,1110
020041405,294,375,669
020041406,231,266,497
020041407,351,406,757
020041408,460,532,992
020041409,326,338,664
020041501,295,344,639
020041502,580,712,1292
020041503,476,588,1064
020041504,335,397,732
020041505,251,291,542
020041506,273,321,594
020041507,292,352,644
020041508,298,373,671
020041509,316,347,663
020041510,246,281,527
020041601,309,372,681
020041602,866,1067,1933
020041603,557,688,1245
020041604,277,369,646
020041605,432,538,970
020041606,256,301,557
020041607,188,213,401
020041608,297,314,611
020041609,491,573,1064
020041610,361,425,786
020041701,273,304,577
020041702,268,322,590
020041703,273,311,584
020041704,286,389,675
020041705,343,416,759
020041706,271,336,607
020041707,281,328,609
020041708,496,498,994
020041709,332,425,757
020041710,425,456,881
020041801,70,4,74
020041901,295,379,674
020041902,357,378,735
020041903,425,479,904
020041904,526,608,1134
020041905,369,436,805
020041906,573,574,1147
020041907,456,477,933
020041908,768,752,1520
020041909,570,559,1129
020041910,313,331,644
020042001,467,464,931
020042002,337,368,705
020042003,423,426,849
020042004,296,307,603
020042005,346,410,756
020042006,413,455,868
020042007,399,450,849
020042008,376,421,797
020042009,406,443,849
020042010,513,612,1125
020042011,418,495,913
020042012,521,648,1169
020042101,337,366,703
020042102,381,418,799
020042103,251,310,561
020042104,386,381,767
020042105,304,351,655
020042106,351,381,732
020042107,396,442,838
020042108,470,511,981
020042109,416,419,835
020042110,371,362,733
020042111,462,450,912
020042112,261,296,557
020042201,284,305,589
020042202,345,400,745
020042203,407,479,886
020042204,583,722,1305
020042205,355,410,765
020042206,267,332,599
020042207,411,492,903
020042208,463,524,987
020042209,311,374,685
020042210,252,311,563
020042211,348,380,728
020042212,300,305,605
020042301,401,433,834
020042302,429,444,873
020042303,390,429,819
020042304,385,442,827
020042305,247,296,543
020042306,319,376,695
020042307,297,356,653
020042308,392,453,845
020042309,226,245,471
020042310,385,419,804
020042311,291,282,573
020042312,377,403,780
020042401,684,712,1396
020042402,949,903,1852
020042403,598,622,1220
020042404,974,955,1929
020042405,654,696,1350
020042406,691,726,1417
020042501,1193,1164,2357
020042502,1099,1116,2215
020042503,2012,1933,3945
020042504,1065,963,2028
020042601,503,505,1008
020042602,604,624,1228
020042603,592,627,1219
020050101,228,325,553
020050102,388,491,879
020050103,366,409,775
020050104,307,376,683
020050105,483,620,1103
020050106,185,313,498
020050107,283,342,625
020050108,347,395,742
020050109,308,383,691
020050110,283,390,673
020050201,371,504,875
020050202,288,328,616
020050203,334,389,723
020050204,422,519,941
020050205,215,353,568
020050206,287,323,610
020050207,250,322,572
020050208,523,544,1067
020050209,399,438,837
020050210,326,349,675
020050211,375,466,841
020050301,348,409,757
020050302,559,586,1145
020050303,176,193,369
020050304,242,340,582
020050305,344,383,727
020050306,300,369,669
020050307,234,329,563
020050308,165,192,357
020050309,285,325,610
020050310,240,295,535
020050311,399,440,839
020050401,428,602,1030
020050402,317,409,726
020050403,318,385,703
020050404,317,382,699
020050405,327,396,723
020050406,477,550,1027
020050407,242,311,553
020050408,492,602,1094
020050409,341,437,778
020050501,336,448,784
020050502,608,745,1353
020050503,323,420,743
020050504,322,405,727
020050505,257,336,593
020050506,317,399,716
020050507,386,504,890
020050508,322,388,710
020050601,330,410,740
020050602,452,539,991
020050603,369,508,877
020050604,677,804,1481
020050605,494,640,1134
020050606,428,479,907
020050607,418,476,894
020050608,424,498,922
020050701,531,675,1206
020050702,227,311,538
020050703,274,366,640
020050704,602,762,1364
020050705,556,739,1295
020050706,268,359,627
020050707,417,477,894
020050708,393,516,909
020050801,525,646,1171
020050802,307,396,703
020050803,524,656,1180
020050804,418,572,990
020050805,192,209,401
020050806,364,532,896
020050807,362,493,855
020050808,375,459,834
020050809,326,441,767
020050901,475,607,1082
020050902,255,346,601
020050903,259,316,575
020050904,216,310,526
020050905,268,308,576
020050906,266,306,572
020050907,215,270,485
020050908,416,525,941
020050909,439,485,924
020050910,361,445,806
020051001,508,652,1160
020051002,477,605,1082
020051003,187,229,416
020051004,255,302,557
020051005,330,419,749
020051006,365,426,791
020051007,566,659,1225
020051008,279,381,660
020051009,323,462,785
020051010,245,295,540
020051101,511,633,1144
020051102,417,477,894
020051103,324,370,694
020051104,296,386,682
020051105,358,406,764
020051106,349,398,747
020051107,460,599,1059
020051108,369,422,791
020051109,461,565,1026
020051110,371,484,855
020051201,300,306,606
020051202,786,1035,1821
020051203,414,535,949
020051204,331,404,735
020051205,165,270,435
020051206,680,895,1575
020051207,437,460,897
020051301,365,491,856
020051302,327,383,710
020051303,329,430,759
020051304,320,411,731
020051305,354,441,795
020051306,378,472,850
020051307,326,413,739
020051308,409,531,940
020051309,465,557,1022
020051401,289,370,659
020051402,274,398,672
020051403,494,659,1153
020051404,399,532,931
020051405,691,901,1592
020051406,531,698,1229
020051407,196,258,454
020051408,289,361,650
020051409,404,503,907
020051501,500,604,1104
020051502,449,650,1099
020051503,264,322,586
020051504,537,649,1186
020051505,388,534,922
020051506,393,470,863
020051507,321,402,723
020051508,356,419,775
020051509,192,214,406
020051601,408,425,833
020051602,278,350,628
020051603,296,336,632
020051604,449,576,1025
020051605,380,466,846
020051606,315,400,715
020051607,296,308,604
020051608,485,545,1030
020051609,409,509,918
020051610,430,493,923
020051611,487,576,1063
020051701,324,382,706
020051702,382,433,815
020051703,339,415,754
020051704,404,438,842
020051705,317,430,747
020051706,345,430,775
020051707,415,491,906
020051708,441,497,938
020051709,268,290,558
020051710,369,388,757
020051711,417,462,879
020051801,431,512,943
020051802,407,493,900
020051803,410,442,852
020051804,375,413,788
020051805,379,449,828
020051806,303,381,684
020051807,328,396,724
020051808,198,210,408
020051809,331,358,689
020051810,349,469,818
020051811,291,427,718
020051901,400,456,856
020051902,309,383,692
020051903,415,514,929
020051904,435,559,994
020051905,346,422,768
020051906,371,437,808
020051907,212,234,446
020051908,417,505,922
020051909,271,334,605
020051910,363,435,798
020051911,498,548,1046
020052001,351,413,764
020052002,439,491,930
020052003,487,578,1065
020052004,375,429,804
020052005,441,460,901
020052006,406,440,846
020052007,443,469,912
020052008,439,468,907
020052009,408,453,861
020052010,446,516,962
020052011,398,432,830
020052012,455,450,905
020052101,390,470,860
020052102,396,461,857
020052103,228,303,531
020052104,429,485,914
020052105,285,355,640
020052106,319,398,717
020052107,366,353,719
020052108,360,368,728
020052109,355,371,726
020052110,262,337,599
020052111,326,368,694
020052201,347,391,738
020052202,390,437,827
020052203,276,353,629
020052204,437,499,936
020052205,378,423,801
020052206,457,481,938
020052207,722,874,1596
020052208,332,381,713
020052209,417,484,901
020052210,393,465,858
020052211,424,470,894
020052212,424,485,909
020052213,295,383,678
020060101,322,355,677
020060102,384,440,824
020060103,400,488,888
020060104,316,382,698
020060105,499,625,1124
020060106,439,499,938
020060107,316,376,692
020060108,379,492,871
020060109,353,362,715
020060110,272,348,620
020060111,309,366,675
020060112,273,349,622
020060201,527,554,1081
020060202,437,462,899
020060203,275,316,591
020060204,309,358,667
020060205,299,335,634
020060206,395,510,905
020060207,305,432,737
020060208,497,592,1089
020060209,291,369,660
020060210,458,459,917
020060211,622,705,1327
020060301,427,535,962
020060302,393,481,874
020060303,445,464,909
020060304,281,354,635
020060305,346,374,720
020060306,399,481,880
020060307,396,480,876
020060308,313,419,732
020060309,530,612,1142
020060310,407,457,864
020060401,257,297,554
020060402,308,350,658
020060403,391,440,831
020060404,344,429,773
020060405,343,388,731
020060406,365,409,774
020060407,333,340,673
020060408,391,492,883
020060409,433,647,1080
020060410,391,413,804
020060411,343,419,762
020060501,300,441,741
020060502,446,569,1015
020060503,344,430,774
020060504,308,329,637
020060505,436,503,939
020060506,327,362,689
020060507,324,425,749
020060508,212,254,466
020060509,255,314,569
020060510,463,515,978
020060511,407,529,936
020060512,156,213,369
020060601,508,610,1118
020060602,831,1005,1836
020060603,489,618,1107
020060604,208,274,482
020060605,293,384,677
020060606,360,426,786
020060607,322,419,741
020060608,450,559,1009
020060609,326,435,761
020060701,264,329,593
020060702,359,444,803
020060703,438,516,954
020060704,390,479,869
020060705,356,428,784
020060706,323,359,682
020060707,515,636,1151
020060708,331,409,740
020060709,354,415,769
020060710,352,426,778
020060711,296,317,613
020060712,296,356,652
020060713,212,279,491
020060801,399,433,832
020060802,476,547,1023
020060803,290,350,640
020060804,271,355,626
020060805,219,292,511
020060806,597,723,1320
020060807,296,368,664
020060808,565,768,1333
020060809,232,279,511
020060810,297,380,677
020060901,239,361,600
020060902,261,337,598
020060903,289,364,653
020060904,442,570,1012
020060905,160,278,438
020060906,395,469,864
020060907,232,308,540
020060908,159,242,401
020060909,363,475,838
020060910,326,409,735
020061001,256,348,604
020061002,222,342,564
020061003,352,439,791
020061004,305,407,712
020061005,421,538,959
020061006,400,556,956
020061007,243,349,592
020061008,540,703,1243
020061009,236,265,501
020061010,399,544,943
020061101,478,575,1053
020061102,263,287,550
020061103,413,463,876
020061104,359,423,782
020061105,280,301,581
020061106,337,390,727
020061107,354,401,755
020061108,351,428,779
020061109,324,399,723
020061110,238,298,536
020061201,235,287,522
020061202,257,299,556
020061203,286,343,629
020061204,153,207,360
020061205,359,482,841
020061206,251,320,571
020061207,296,389,685
020061208,335,406,741
020061209,346,427,773
020061210,247,289,536
020061211,363,451,814
020061212,225,294,519
020061301,291,398,689
020061302,557,745,1302
020061303,338,426,764
020061304,540,700,1240
020061305,378,495,873
020061306,212,323,535
020061307,392,470,862
020061308,572,649,1221
020061309,420,476,896
020061401,383,513,896
020061402,269,356,625
020061403,394,456,850
020061404,471,588,1059
020061405,468,563,1031
020061406,544,617,1161
020061407,243,296,539
020061408,253,287,540
020061409,376,418,794
020061410,423,489,912
020061501,304,367,671
020061502,708,959,1667
020061503,367,449,816
020061504,318,364,682
020061505,338,422,760
020061506,361,442,803
020061507,402,457,859
020061508,438,521,959
020061509,250,267,517
020061510,349,367,716
020061601,292,380,672
020061602,299,379,678
020061603,432,513,945
020061604,317,379,696
020061605,440,536,976
020061606,449,530,979
020061607,489,551,1040
020061608,674,732,1406
020061609,520,567,1087
020061610,531,624,1155
020061611,391,495,886
020061701,351,487,838
020061702,365,534,899
020061703,311,397,708
020061704,313,434,747
020061705,750,980,1730
020061706,433,614,1047
020061707,263,343,606
020061801,250,373,623
020061802,259,352,611
020061803,292,356,648
020061804,320,402,722
020061805,336,476,812
020061806,503,580,1083
020061807,495,658,1153
020061808,470,601,1071
020061809,362,457,819
020061901,377,510,887
020061902,630,838,1468
020061903,606,814,1420
020061904,443,567,1010
020061905,315,433,748
020061906,447,570,1017
020061907,412,554,966
020061908,403,504,907
020062001,226,265,491
020062002,242,316,558
020062003,430,540,970
020062004,243,289,532
020062005,352,484,836
020062006,368,456,824
020062007,273,330,603
020062008,525,669,1194
020062009,351,419,770
020062010,356,508,864
020062101,266,354,620
020062102,431,561,992
020062103,465,562,1027
020062104,278,336,614
020062105,362,422,784
020062106,221,302,523
020062107,427,536,963
020062108,572,651,1223
020062109,345,395,740
020062110,389,436,825
020062111,453,555,1008
020070101,287,314,601
020070102,406,485,891
020070103,393,485,878
020070104,352,386,738
020070105,219,231,450
020070106,339,410,749
020070107,230,257,487
020070108,313,408,721
020070109,328,352,680
020070110,480,645,1125
020070201,387,441,828
020070202,467,522,989
020070203,401,423,824
020070204,859,918,1777
020070205,472,513,985
020070206,503,597,1100
020070207,324,400,724
020070208,356,356,712
020070209,462,536,998
020070301,319,370,689
020070302,426,527,953
020070303,519,615,1134
020070304,553,621,1174
020070305,369,418,787
020070306,408,516,924
020070307,558,612,1170
020070308,302,434,736
020070309,338,373,711
020070310,474,588,1062
020070401,496,573,1069
020070402,356,414,770
020070403,450,562,1012
020070404,571,731,1302
020070405,364,469,833
020070406,550,624,1174
020070407,561,630,1191
020070408,429,522,951
020070409,292,320,612
020070410,428,500,928
020070501,324,422,746
020070502,260,388,648
020070503,377,489,866
020070504,444,580,1024
020070505,527,602,1129
020070506,281,359,640
020070507,290,370,660
020070508,300,440,740
020070509,501,597,1098
020070601,410,517,927
020070602,355,446,801
020070603,301,330,631
020070604,391,443,834
020070605,396,503,899
020070606,414,494,908
020070607,390,479,869
020070608,202,237,439
020070609,282,405,687
020070701,285,356,641
020070702,268,318,586
020070703,425,533,958
020070704,301,338,639
020070705,302,335,637
020070706,455,504,959
020070707,301,364,665
020070708,231,275,506
020070709,418,518,936
020070710,354,435,789
020070711,244,369,613
020070801,295,387,682
020070802,388,491,879
020070803,239,344,583
020070804,358,463,821
020070805,485,555,1040
020070806,414,482,896
020070807,297,381,678
020070808,373,445,818
020070901,309,358,667
020070902,290,335,625
020070903,225,318,543
020070904,374,452,826
020070905,221,273,494
020070906,404,489,893
020070907,333,420,753
020070908,441,531,972
020070909,318,367,685
020070910,303,389,692
020070911,257,320,577
020071001,316,417,733
020071002,160,220,380
020071003,248,340,588
020071004,302,388,690
020071005,284,356,640
020071006,349,411,760
020071007,292,418,710
020071008,467,605,1072
020071009,292,390,682
020071010,382,550,932
020071101,370,485,855
020071102,367,496,863
020071103,366,484,850
020071104,420,519,939
020071105,254,294,548
020071106,375,426,801
020071107,489,634,1123
020071108,463,542,1005
020071109,408,579,987
020071110,277,368,645
020071201,467,553,1020
020071202,265,313,578
020071203,387,385,772
020071204,349,448,797
020071205,311,429,740
020071206,346,409,755
020071207,302,310,612
020071208,303,292,595
020071209,396,427,823
020071301,344,377,721
020071302,322,391,713
020071303,451,549,1000
020071304,252,310,562
020071305,361,458,819
020071306,351,393,744
020071307,240,309,549
020071308,268,292,560
020071309,245,248,493
020071310,230,267,497
020071311,353,397,750
020071312,331,361,692
020071313,287,278,565
020071314,320,389,709
020071315,220,283,503
020071401,410,423,833
020071402,359,458,817
020071403,327,398,725
020071404,323,373,696
020071405,425,504,929
020071406,525,600,1125
020071407,443,496,939
020071408,466,470,936
020071409,400,456,856
020071410,349,417,766
020071411,448,474,922
020071412,438,486,924
020071413,365,382,747
020071501,340,348,688
020071502,509,558,1067
020071503,450,510,960
020071504,311,344,655
020071505,335,370,705
020071506,509,601,1110
020071507,337,377,714
020071508,371,426,797
020071509,566,652,1218
020071510,504,519,1023
020071511,537,611,1148
020071601,342,380,722
020071602,371,425,796
020071603,381,434,815
020071604,335,391,726
020071605,411,384,795
020071606,481,526,1007
020071607,473,474,947
020071608,535,571,1106
020071609,498,559,1057
020071701,822,783,1605
020071702,750,837,1587
020071703,679,695,1374
020071704,827,818,1645
020071705,429,462,891
020071706,635,678,1313
020071707,1200,1216,2416
020071708,517,586,1103
020071709,865,981,1846
020071710,733,774,1507
020071711,270,290,560
020071801,758,787,1545
020071802,241,246,487
020071803,474,468,942
020071804,400,413,813
020071805,503,500,1003
020071806,823,851,1674
020071807,579,637,1216
020071808,508,502,1010
020071809,594,609,1203
020071810,723,770,1493
020071811,685,640,1325
020071901,421,457,878
020071902,829,830,1659
020071903,659,680,1339
020071904,769,784,1553
020071905,674,733,1407
020071906,935,992,1927
020072001,491,530,1021
020072002,259,293,552
020072003,349,373,722
020072004,266,275,541
020072005,384,422,806
020072006,374,441,815
020072007,379,437,816
020072008,576,613,1189
020072009,417,492,909
020072010,622,705,1327
020072011,510,579,1089
020072012,318,341,659
020072013,768,849,1617
020072101,486,652,1138
020072102,499,622,1121
020072103,438,521,959
020072104,263,302,565
020072105,343,343,686
020072106,430,497,927
020072107,334,388,722
020072108,186,246,432
020072109,326,383,709
020072110,406,505,911
020072111,361,450,811
020072112,412,505,917
020072201,284,350,634
020072202,449,474,923
020072203,386,488,874
020072204,426,506,932
020072205,466,534,1000
020072206,420,483,903
020072207,266,295,561
020072208,258,311,569
020072209,288,318,606
020072210,384,394,778
020072211,348,405,753
020072212,259,323,582
020072213,349,404,753
020072301,386,436,822
020072302,449,535,984
020072303,324,404,728
020072304,275,358,633
020072305,320,415,735
020072306,348,412,760
020072307,358,463,821
020072308,372,442,814
020072309,342,393,735
020072401,432,462,894
020072402,443,470,913
020072403,567,647,1214
020072404,488,548,1036
020072405,441,490,931
020072406,502,557,1059
020072407,416,436,852
020072408,406,471,877
020072409,443,507,950
020072410,442,520,962
020072411,495,545,1040
020080101,578,569,1147
020080102,808,817,1625
020080103,702,619,1321
020080104,966,928,1894
020080105,838,924,1762
020080106,1097,1158,2255
020080107,645,806,1451
020080108,581,602,1183
020080109,1325,1346,2671
020080110,758,756,1514
020080111,338,327,665
020080112,1703,1701,3404
020080201,573,709,1282
020080202,259,276,535
020080203,238,277,515
020080204,385,415,800
020080205,268,293,561
020080206,313,385,698
020080207,567,659,1226
020080208,412,498,910
020080209,410,419,829
020080210,251,289,540
020080301,452,499,951
020080302,386,405,791
020080303,286,294,580
020080304,380,411,791
020080305,324,404,728
020080306,198,199,397
020080307,370,394,764
020080308,986,915,1901
020080309,988,1019,2007
020080310,828,868,1696
020080401,426,473,899
020080402,289,333,622
020080403,312,351,663
020080404,333,330,663
020080405,451,509,960
020080406,509,575,1084
020080407,394,442,836
020080408,416,443,859
020080409,353,417,770
020080410,409,474,883
020080411,362,381,743
020080501,387,420,807
020080502,378,398,776
020080503,389,432,821
020080504,398,474,872
020080505,292,325,617
020080506,389,442,831
020080507,492,532,1024
020080508,292,332,624
020080509,428,482,910
020080510,495,642,1137
020080511,412,515,927
020080601,417,509,926
020080602,531,666,1197
020080603,568,651,1219
020080604,336,406,742
020080605,484,515,999
020080606,491,512,1003
020080607,297,315,612
020080608,374,390,764
020080609,401,468,869
020080610,293,347,640
020080611,338,313,651
020080701,652,687,1339
020080702,815,814,1629
020080703,798,865,1663
020080704,732,789,1521
020080705,874,833,1707
020080706,717,675,1392
020080707,1086,1073,2159
020080708,916,969,1885
020080709,1558,1530,3088
020080710,518,517,1035
020080711,759,811,1570
020080712,819,886,1705
020080713,742,771,1513
020080714,1037,1025,2062
020080801,407,457,864
020080802,437,487,924
020080803,313,369,682
020080804,378,431,809
020080805,287,326,613
020080806,393,552,945
020080807,394,462,856
020080808,299,341,640
020080809,358,377,735
020080810,431,468,899
020080811,433,494,927
020080901,354,447,801
020080902,418,465,883
020080903,490,538,1028
020080904,240,273,513
020080905,428,512,940
020080906,469,551,1020
020080907,330,442,772
020080908,364,392,756
020080909,418,504,922
020081001,424,452,876
020081002,372,387,759
020081003,448,561,1009
020081004,1020,1182,2202
020081005,1105,1296,2401
020081006,732,869,1601
020081007,739,888,1627
020081008,579,617,1196
020081101,1326,1559,2885
020081102,912,1136,2048
020081103,1330,1639,2969
020081104,896,1019,1915
020081105,566,724,1290
020081201,427,488,915
020081202,461,543,1004
020081203,488,515,1003
020081204,488,491,979
020081205,475,503,978
020081206,349,395,744
020081207,408,418,826
020081301,29,16,45
020081302,174,191,365
020081303,489,509,998
020081304,502,562,1064
020081305,457,506,963
020081306,302,355,657
020081307,332,396,728
020081308,425,468,893
020081401,876,929,1805
020081402,708,765,1473
020081403,981,1052,2033
020081404,1310,1395,2705
020081405,595,578,1173
020081406,391,402,793
020081407,434,515,949
020081408,377,421,798
020081409,499,512,1011
020081410,477,502,979
020081501,1401,1396,2797
020081502,1201,1227,2428
020081503,1184,1247,2431
020081504,476,455,931
020081505,1673,1712,3385
020081506,477,404,881
020081507,455,474,929
020081508,648,709,1357
020081509,800,922,1722
020081510,596,668,1264
020081601,501,544,1045
020081602,281,336,617
020081603,519,599,1118
020081604,438,504,942
020081605,461,515,976
020081606,378,452,830
020081607,481,560,1041
020081608,359,445,804
020081609,440,475,915
020081610,440,494,934
020081701,267,309,576
020081702,295,325,620
020081703,290,376,666
020081704,362,418,780
020081705,206,242,448
020090101,234,296,530
020090102,204,240,444
020090103,268,345,613
020090104,350,399,749
020090105,352,385,737
020090106,409,400,809
020090107,304,379,683
020090108,338,345,683
020090109,359,392,751
020090201,377,447,824
020090202,353,414,767
020090203,388,431,819
020090204,436,546,982
020090205,526,617,1143
020090206,327,389,716
020090207,382,418,800
020090208,329,357,686
020090209,388,473,861
020090210,356,398,754
020090211,449,609,1058
020090212,292,333,625
020090301,318,328,646
020090302,306,370,676
020090303,276,325,601
020090304,306,335,641
020090305,223,323,546
020090306,334,415,749
020090307,361,458,819
020090308,346,432,778
020090309,306,391,697
020090310,390,419,809
020090311,394,439,833
020090312,288,297,585
020090313,435,511,946
020090401,410,516,926
020090402,431,492,923
020090403,411,499,910
020090404,429,502,931
020090405,469,523,992
020090406,292,334,626
020090407,308,372,680
020090408,319,416,735
020090409,342,365,707
020090410,352,419,771
020090411,452,481,933
020090501,414,465,879
020090502,386,446,832
020090503,468,593,1061
020090504,377,471,848
020090505,445,561,1006
020090506,391,450,841
020090507,393,405,798
020090508,398,436,834
020090509,361,431,792
020090510,408,439,847
020090511,435,465,900
020090601,506,605,1111
020090602,366,468,834
020090603,419,510,929
020090604,438,467,905
020090605,523,586,1109
020090606,325,384,709
020090607,456,543,999
020090608,382,403,785
020090609,445,445,890
020090610,404,495,899
020090611,383,440,823
020090612,404,426,830
020090701,352,413,765
020090702,402,440,842
020090703,259,309,568
020090704,298,371,669
020090705,332,377,709
020090706,402,451,853
020090707,264,336,600
020090708,348,389,737
020090709,389,449,838
020090710,307,362,669
020090711,362,405,767
020090712,487,527,1014
020090713,379,450,829
020090714,375,486,861
020090801,369,401,770
020090802,353,380,733
020090803,369,463,832
020090804,324,379,703
020090805,433,476,909
020090806,502,492,994
020090807,510,556,1066
020090808,506,576,1082
020090809,368,396,764
020090810,448,457,905
020090811,437,468,905
020090812,463,491,954
020090813,315,335,650
020090901,350,442,792
020090902,334,386,720
020090903,487,546,1033
020090904,302,326,628
020090905,332,381,713
020090906,412,469,881
020090907,445,519,964
020090908,292,297,589
020090909,376,433,809
020090910,408,431,839
020090911,341,412,753
020090912,318,371,689
020090913,299,341,640
020090914,452,519,971
020091001,385,440,825
020091002,488,580,1068
020091003,486,645,1131
020091004,287,339,626
020091005,408,475,883
020091006,403,407,810
020091007,313,356,669
020091008,434,497,931
020091009,214,245,459
020091010,343,417,760
020091011,262,324,586
020091012,233,287,520
020091101,534,617,1151
020091102,526,556,1082
020091103,398,448,846
020091104,484,571,1055
020091105,584,640,1224
020091106,449,510,959
020091107,537,587,1124
020091108,415,493,908
020091109,457,625,1082
020091110,432,491,923
020091111,449,520,969
020091112,609,651,1260
020091201,481,561,1042
020091202,276,270,546
020091203,401,457,858
020091204,384,426,810
020091205,386,417,803
020091206,478,538,1016
020091207,355,364,719
020091208,491,526,1017
020091209,401,470,871
020091210,526,537,1063
020091211,427,432,859
020091212,353,373,726
020091301,481,491,972
020091302,530,582,1112
020091303,606,587,1193
020091304,401,421,822
020091305,452,524,976
020091306,489,488,977
020091307,575,571,1146
020091401,537,572,1109
020091402,452,465,917
020091403,363,410,773
020091404,408,438,846
020091405,907,973,1880
020091406,1261,1297,2558
020091407,676,698,1374
020091408,829,855,1684
020091409,435,470,905
020091410,897,907,1804
020091501,279,300,579
020091502,433,442,875
020091503,407,456,863
020091504,413,452,865
020091505,468,481,949
020091506,526,523,1049
020091507,520,539,1059
020091508,413,430,843
020091509,366,435,801
020091510,345,337,682
020091511,452,476,928
020091601,442,483,925
020091602,404,459,863
020091603,268,345,613
020091604,373,356,729
020091605,425,462,887
020091606,459,527,986
020091607,478,490,968
020091608,417,513,930
020091609,462,561,1023
020091610,385,477,862
020091611,369,379,748
020091612,376,417,793
020091613,392,392,784
020100101,301,340,641
020100102,384,499,883
020100103,454,473,927
020100104,380,457,837
020100105,349,346,695
020100106,377,434,811
020100107,362,392,754
020100108,466,510,976
020100201,434,496,930
020100202,273,327,600
020100203,337,365,702
020100204,433,442,875
020100205,390,449,839
020100206,526,582,1108
020100207,464,509,973
020100208,411,457,868
020100301,282,330,612
020100302,408,428,836
020100303,371,432,803
020100304,272,316,588
020100305,382,424,806
020100306,310,407,717
020100307,432,478,910
020100308,466,540,1006
020100401,472,564,1036
020100402,519,586,1105
020100403,393,486,879
020100404,372,442,814
020100405,387,402,789
020100406,329,326,655
020100407,349,426,775
020100408,348,369,717
020100409,363,411,774
020100501,307,393,700
020100502,331,392,723
020100503,432,504,936
020100504,409,512,921
020100505,374,452,826
020100506,378,475,853
020100507,404,451,855
020100508,466,496,962
020100509,322,371,693
020100510,377,428,805
020100511,345,358,703
020100512,348,419,767
020100513,388,432,820
020100514,358,379,737
020100601,312,350,662
020100602,328,354,682
020100603,480,591,1071
020100604,400,468,868
020100605,411,465,876
020100606,419,432,851
020100607,394,437,831
020100608,388,478,866
020100609,442,523,965
020100610,492,608,1100
020100611,356,430,786
020100612,324,393,717
020100613,476,567,1043
020100701,509,633,1142
020100702,490,578,1068
020100703,519,704,1223
020100704,511,622,1133
020100705,380,463,843
020100706,452,508,960
020100707,697,817,1514
020100708,490,557,1047
020100709,453,506,959
020100710,531,584,1115
020100801,503,582,1085
020100802,578,630,1208
020100803,363,437,800
020100804,509,512,1021
020100805,403,445,848
020100806,421,461,882
020100807,539,615,1154
020100808,504,617,1121
020100809,360,440,800
020100901,389,449,838
020100902,413,486,899
020100903,396,435,831
020100904,390,450,840
020100905,460,541,1001
020100906,469,523,992
020100907,407,478,885
020100908,355,382,737
020100909,337,348,685
020100910,394,407,801
020101001,358,387,745
020101002,452,675,1127
020101003,462,505,967
020101004,377,403,780
020101005,412,477,889
020101006,425,483,908
020101007,387,437,824
020101008,328,405,733
020101009,425,532,957
020101010,318,408,726
020101011,380,430,810
020101012,410,490,900
020101101,416,434,850
020101102,531,582,1113
020101103,386,470,856
020101104,497,524,1021
020101105,438,506,944
020101106,241,269,510
020101107,505,574,1079
020101108,394,445,839
020101109,529,556,1085
020101110,295,383,678
020101111,297,348,645
020101201,462,544,1006
020101202,402,473,875
020101203,371,436,807
020101204,282,347,629
020101205,291,314,605
020101206,279,322,601
020101207,294,365,659
020101208,352,401,753
020101209,323,414,737
020101210,277,335,612
020101301,333,385,718
020101302,346,407,753
020101303,354,371,725
020101304,287,318,605
020101305,391,419,810
020101306,382,458,840
020101307,307,415,722
020101308,357,428,785
020101309,323,403,726
020101310,290,303,593
020101311,264,355,619
020101312,254,347,601
020101401,420,482,902
020101402,449,476,925
020101403,371,442,813
020101404,400,432,832
020101405,330,389,719
020101406,283,310,593
020101407,385,450,835
020101408,282,317,599
020101409,407,480,887
020101410,379,460,839
020101411,339,370,709
020101501,289,344,633
020101502,403,515,918
020101503,265,292,557
020101504,313,363,676
020101505,425,395,820
020101506,273,340,613
020101507,254,272,526
020101508,517,556,1073
020101509,566,657,1223
020101601,308,363,671
020101602,492,585,1077
020101603,361,417,778
020101604,403,470,873
020101605,460,591,1051
020101606,488,518,1006
020101607,374,408,782
020101608,401,452,853
020101609,442,511,953
020101701,336,412,748
020101702,405,439,844
020101703,437,507,944
020101704,519,564,1083
020101705,497,564,1061
020101706,405,467,872
020101707,410,465,875
020101708,319,375,694
020101709,306,332,638
020101710,346,395,741
020101801,349,387,736
020101802,352,403,755
020101803,329,451,780
020101804,491,623,1114
020101805,337,442,779
020101806,259,347,606
020101807,347,438,785
020101808,278,318,596
020101809,575,709,1284
020101810,239,277,516
020101811,303,360,663
020101812,362,446,808
020101901,247,316,563
020101902,518,576,1094
020101903,491,609,1100
020101904,361,427,788
020101905,381,441,822
020101906,416,442,858
020101907,324,451,775
020101908,230,282,512
020101909,354,375,729
020101910,440,568,1008
020101911,450,469,919
020101912,517,620,1137
020110101,472,560,1032
020110102,420,513,933
020110103,325,395,720
020110104,399,447,846
020110105,272,315,587
020110106,384,418,802
020110107,323,397,720
020110108,336,339,675
020110109,356,425,781
020110110,385,437,822
020110111,390,505,895
020110112,301,375,676
020110201,403,433,836
020110202,450,523,973
020110203,348,391,739
020110204,262,293,555
020110205,513,553,1066
020110206,466,515,981
020110207,404,437,841
020110208,417,466,883
020110209,312,353,665
020110210,470,552,1022
020110211,400,437,837
020110301,328,365,693
020110302,367,433,800
020110303,307,380,687
020110304,280,339,619
020110305,247,318,565
020110306,358,397,755
020110307,376,413,789
020110308,320,437,757
020110309,340,394,734
020110310,356,417,773
020110311,325,415,740
020110312,371,404,775
020110401,394,435,829
020110402,364,422,786
020110403,308,431,739
020110404,407,541,948
020110405,360,417,777
020110406,294,350,644
020110407,359,368,727
020110408,339,361,700
020110409,379,449,828
020110410,309,382,691
020110411,414,517,931
020110412,414,469,883
020110413,366,429,795
020110501,347,357,704
020110502,426,441,867
020110503,472,505,977
020110504,268,356,624
020110505,393,461,854
020110506,424,452,876
020110507,360,394,754
020110508,413,449,862
020110509,381,461,842
020110510,355,456,811
020110601,292,406,698
020110602,461,506,967
020110603,366,453,819
020110604,457,459,916
020110605,331,401,732
020110606,378,477,855
020110607,411,484,895
020110608,336,404,740
020110609,392,473,865
020110610,372,427,799
020110611,415,444,859
020110701,1944,274,2218
020110702,424,460,884
020110703,373,413,786
020110704,433,503,936
020110705,433,532,965
020110706,369,422,791
020110707,370,426,796
020110708,342,349,691
020110709,382,426,808
020110710,372,445,817
020110711,367,440,807
020110712,410,444,854
020110801,391,495,886
020110802,434,462,896
020110803,238,281,519
020110804,285,439,724
020110805,296,362,658
020110806,470,522,992
020110807,478,514,992
020110808,455,518,973
020110809,349,474,823
020110901,401,472,873
020110902,378,429,807
020110903,471,537,1008
020110904,312,347,659
020110905,334,403,737
020110906,264,315,579
020110907,318,470,788
020110908,370,496,866
020110909,228,301,529
020110910,303,368,671
020110911,256,330,586
020110912,286,372,658
020111001,324,400,724
020111002,434,522,956
020111003,314,401,715
020111004,423,533,956
020111005,423,519,942
020111006,445,537,982
020111007,454,528,982
020111008,322,426,748
020111009,376,381,757
020111010,344,369,713
020111101,376,451,827
020111102,425,463,888
020111103,471,482,953
020111104,141,153,294
020111105,450,502,952
020111106,472,545,1017
020111107,401,477,878
020111108,385,482,867
020111109,397,509,906
020111201,261,319,580
020111202,259,328,587
020111203,484,525,1009
020111204,282,340,622
020111205,307,348,655
020111206,424,457,881
020111207,301,363,664
020111208,352,404,756
020111209,259,337,596
020111210,273,331,604
020111301,291,418,709
020111302,360,459,819
020111303,297,420,717
020111304,335,428,763
020111305,378,514,892
020111306,384,571,955
020111307,344,469,813
020111308,327,385,712
020111309,464,530,994
020111310,300,356,656
020111311,394,452,846
020111401,451,521,972
020111402,384,435,819
020111403,490,518,1008
020111404,334,365,699
020111405,420,550,970
020111406,476,569,1045
020111407,735,914,1649
020111501,477,513,990
020111502,453,461,914
020111503,469,556,1025
020111504,468,504,972
020111505,379,415,794
020111506,444,443,887
020111507,287,385,672
020111508,403,440,843
020111509,381,435,816
020111510,409,508,917
020111511,519,538,1057
020111601,423,474,897
020111602,400,489,889
020111603,319,359,678
020111604,303,364,667
020111605,355,414,769
020111606,391,419,810
020111607,371,467,838
020111608,458,558,1016
020111609,295,351,646
020111610,318,348,666
020111701,391,430,821
020111702,388,427,815
020111703,412,472,884
020111704,441,492,933
020111705,408,430,838
020111706,545,630,1175
020111707,425,491,916
020111708,409,438,847
020111801,380,474,854
020111802,412,401,813
020111803,406,474,880
020111804,397,506,903
020111805,371,433,804
020111806,647,701,1348
020111807,462,547,1009
020111808,425,482,907
020111809,396,419,815
020111901,266,302,568
020111902,396,475,871
020111903,308,402,710
020111904,441,581,1022
020111905,353,438,791
020111906,443,478,921
020111907,444,472,916
020111908,390,447,837
020111909,387,502,889
020112001,395,500,895
020112002,392,464,856
020112003,549,587,1136
020112004,406,487,893
020112005,416,447,863
020112006,336,375,711
020112007,295,358,653
020112008,240,262,502
020112009,376,444,820
020112010,364,406,770
020112011,303,395,698
020112101,342,452,794
020112102,364,401,765
020112103,432,565,997
020112104,333,423,756
020112105,410,512,922
020112106,450,519,969
020112107,323,388,711
020112108,344,368,712
020112109,246,291,537
020112110,400,429,829
020112111,416,525,941
020112201,402,502,904
020112202,488,489,977
020112203,485,511,996
020112204,324,370,694
020112205,421,472,893
020112206,487,545,1032
020112207,371,485,856
020112208,414,451,865
020112209,358,405,763
020112210,369,408,777
020112211,334,367,701
020120101,263,318,581
020120102,270,312,582
020120103,335,352,687
020120104,429,456,885
020120105,284,304,588
020120106,346,414,760
020120107,533,556,1089
020120108,241,264,505
020120109,468,506,974
020120110,425,463,888
020120111,510,528,1038
020120201,458,608,1066
020120202,325,413,738
020120203,393,457,850
020120204,491,541,1032
020120205,460,560,1020
020120206,433,535,968
020120207,389,461,850
020120208,468,535,1003
020120301,111,121,232
020120302,329,369,698
020120303,371,453,824
020120304,373,432,805
020120305,368,451,819
020120306,890,930,1820
020120307,448,561,1009
020120308,330,394,724
020120309,325,344,669
020120310,433,445,878
020120311,363,422,785
020120401,377,392,769
020120402,386,402,788
020120403,512,576,1088
020120404,467,485,952
020120405,283,323,606
020120406,344,416,760
020120407,476,595,1071
020120408,376,410,786
020120409,264,330,594
020120410,312,318,630
020120501,298,324,622
020120502,302,356,658
020120503,656,702,1358
020120504,298,359,657
020120505,300,394,694
020120506,279,356,635
020120507,348,411,759
020120508,433,564,997
020120509,363,406,769
020120510,327,368,695
020120511,365,428,793
020120601,337,452,789
020120602,401,469,870
020120603,319,367,686
020120604,436,514,950
020120605,481,520,1001
020120606,442,541,983
020120607,335,401,736
020120608,343,390,733
020120609,319,406,725
020120610,361,413,774
020120701,377,459,836
020120702,402,434,836
020120703,400,479,879
020120704,444,500,944
020120705,350,395,745
020120706,414,494,908
020120707,379,443,822
020120708,392,482,874
020120709,558,679,1237
020120710,498,594,1092
020120801,737,728,1465
020120802,337,408,745
020120803,387,481,868
020120804,376,393,769
020120805,280,322,602
020120806,376,460,836
020120807,384,487,871
020120808,440,487,927
020120809,462,513,975
020120810,328,403,731
020120811,286,356,642
020120901,414,523,937
020120902,541,586,1127
020120903,483,522,1005
020120904,498,563,1061
020120905,469,496,965
020120906,452,508,960
020120907,437,442,879
020121001,462,532,994
020121002,465,529,994
020121003,337,393,730
020121004,381,377,758
020121005,347,391,738
020121006,404,470,874
020121007,353,415,768
020121008,543,623,1166
020121009,415,427,842
020121010,349,466,815
020121011,420,463,883
020121101,343,417,760
020121102,309,336,645
020121103,248,320,568
020121104,405,483,888
020121105,450,470,920
020121106,403,455,858
020121107,353,425,778
020121108,442,480,922
020121109,398,471,869
020121110,411,449,860
020121111,360,414,774
020121201,285,376,661
020121202,493,605,1098
020121203,571,638,1209
020121204,417,494,911
020121205,360,443,803
020121206,234,319,553
020121207,400,458,858
020121208,331,385,716
020121301,403,495,898
020121302,390,482,872
020121303,706,858,1564
020121304,582,675,1257
020121305,467,610,1077
020121306,428,483,911
020121307,198,295,493
020121401,393,607,1000
020121402,402,512,914
020121403,360,418,778
020121404,375,491,866
020121405,468,518,986
020121406,371,407,778
020121407,480,577,1057
020121408,448,523,971
020121409,375,425,800
020121410,474,549,1023
020121501,394,490,884
020121502,366,478,844
020121503,438,559,997
020121504,454,520,974
020121505,397,516,913
020121506,377,452,829
020121507,397,524,921
020121508,409,529,938
020121509,455,540,995
020121510,426,422,848
020121511,377,467,844
020121512,377,421,798
020121513,301,389,690
020121601,537,573,1110
020121602,399,474,873
020121603,428,480,908
020121604,532,611,1143
020121605,651,688,1339
020121606,648,758,1406
020121607,335,419,754
020121608,488,575,1063
020121609,382,456,838
020121610,306,357,663
020121611,374,422,796
020121612,311,403,714
020121613,230,268,498
020121614,152,201,353
020121701,470,540,1010
020121702,491,561,1052
020121703,444,473,917
020121704,356,440,796
020121705,537,596,1133
020121706,479,527,1006
020121707,469,523,992
020121708,590,662,1252
020121801,289,342,631
020121802,440,484,924
020121803,379,485,864
020121804,383,434,817
020121805,405,508,913
020121806,420,469,889
020121807,429,465,894
020121808,444,536,980
020121809,372,422,794
020121810,361,386,747
020121811,316,392,708
020121812,534,629,1163
020121813,327,429,756
020121901,403,510,913
020121902,267,326,593
020121903,349,415,764
020121904,488,594,1082
020121905,502,587,1089
020121906,497,581,1078
020121907,465,533,998
020121908,476,487,963
020121909,339,450,789
020121910,507,573,1080
020121911,509,573,1082
020121912,388,445,833
020121913,306,407,713
020122001,405,446,851
020122002,587,699,1286
020122003,485,541,1026
020122004,495,539,1034
020122005,474,519,993
020122006,447,567,1014
020122007,393,494,887
020122008,451,486,937
020122101,479,573,1052
020122102,482,592,1074
020122103,441,479,920
020122104,471,544,1015
020122105,383,430,813
020122106,420,449,869
020122107,459,498,957
020122108,367,436,803
020122109,372,429,801
020122110,299,365,664
020122201,364,424,788
020122202,444,510,954
020122203,347,439,786
020122204,419,466,885
020122205,575,632,1207
020122206,517,602,1119
020122207,503,618,1121
020122208,465,517,982
020122209,420,500,920
020122210,457,507,964
020122211,422,533,955
020130101,316,417,733
020130102,373,397,770
020130103,286,326,612
020130104,379,384,763
020130105,402,433,835
020130106,430,452,882
020130107,240,269,509
020130108,260,278,538
020130109,220,237,457
020130110,341,368,709
020130111,285,375,660
020130112,255,289,544
020130113,283,339,622
020130114,262,385,647
020130201,497,576,1073
020130202,408,452,860
020130203,272,319,591
020130204,322,344,666
020130205,394,392,786
020130206,465,484,949
020130207,322,345,667
020130208,263,355,618
020130209,496,559,1055
020130210,494,608,1102
020130211,305,308,613
020130301,375,458,833
020130302,312,342,654
020130303,363,418,781
020130304,509,560,1069
020130305,392,406,798
020130306,294,357,651
020130307,301,362,663
020130308,278,347,625
020130309,461,489,950
020130310,454,518,972
020130401,271,339,610
020130402,344,433,777
020130403,341,338,679
020130404,446,549,995
020130405,336,422,758
020130406,382,497,879
020130407,351,379,730
020130408,280,344,624
020130409,331,383,714
020130410,186,254,440
020130411,378,446,824
020130412,632,768,1400
020130413,305,402,707
020130414,319,439,758
020130501,360,384,744
020130502,496,700,1196
020130503,539,650,1189
020130504,441,567,1008
020130505,406,482,888
020130506,425,528,953
020130507,352,425,777
020130508,407,476,883
020130601,314,374,688
020130602,479,582,1061
020130603,429,503,932
020130604,411,493,904
020130605,412,527,939
020130606,364,500,864
020130607,445,532,977
020130608,354,440,794
020130701,335,444,779
020130702,268,318,586
020130703,447,569,1016
020130704,344,409,753
020130705,438,610,1048
020130706,372,457,829
020130707,382,423,805
020130708,346,430,776
020130709,360,458,818
020130801,268,372,640
020130802,248,315,563
020130803,427,502,929
020130804,411,468,879
020130805,439,516,955
020130806,317,359,676
020130807,354,454,808
020130808,428,565,993
020130809,309,399,708
020130810,289,361,650
020130901,307,366,673
020130902,304,395,699
020130903,213,293,506
020130904,246,326,572
020130905,502,673,1175
020130906,311,374,685
020130907,318,359,677
020130908,337,451,788
020130909,357,511,868
020130910,219,318,537
020131001,376,422,798
020131002,436,464,900
020131003,448,516,964
020131004,533,577,1110
020131005,270,298,568
020131006,440,460,900
020131007,292,369,661
020131008,346,564,910
020131009,297,404,701
020131010,389,504,893
020131011,267,349,616
020131101,296,272,568
020131102,344,402,746
020131103,264,315,579
020131104,245,312,557
020131105,278,313,591
020131106,521,560,1081
020131107,343,383,726
020131201,329,374,703
020131202,439,458,897
020131203,309,315,624
020131204,404,456,860
020131205,334,373,707
020131206,267,303,570
020131207,417,479,896
020131208,282,347,629
020131209,473,472,945
020131210,281,283,564
020131301,461,567,1028
020131302,140,174,314
020131303,330,407,737
020131304,370,472,842
020131305,376,451,827
020131306,118,143,261
020131307,295,334,629
020131308,277,372,649
020131309,338,442,780
020131310,388,531,919
020131311,278,325,603
020131312,435,562,997
020131313,588,631,1219
020131314,330,347,677
020131401,367,409,776
020131402,165,216,381
020131403,289,371,660
020131404,327,407,734
020131405,246,285,531
020131406,373,473,846
020131407,172,212,384
020131408,282,322,604
020131409,225,309,534
020131410,317,410,727
020131411,357,449,806
020131501,332,413,745
020131502,294,418,712
020131503,293,453,746
020131504,197,295,492
020131505,361,441,802
020131506,294,365,659
020131507,346,457,803
020131508,324,389,713
020131509,357,510,867
020131510,244,388,632
020131511,305,430,735
020131512,272,382,654
020131601,365,489,854
020131602,376,500,876
020131603,210,299,509
020131604,308,388,696
020131605,229,297,526
020131606,189,223,412
020131607,323,442,765
020131608,281,390,671
020131609,361,466,827
020131610,358,481,839
020131611,299,425,724
020131612,315,415,730
020131613,259,293,552
020131701,487,578,1065
020131702,484,599,1083
020131703,389,428,817
020131704,243,309,552
020131705,296,411,707
020131706,338,430,768
020131707,373,467,840
020131708,353,386,739
020131709,434,572,1006
020131710,431,513,944
020131711,239,331,570
020131801,403,485,888
020131802,391,476,867
020131803,423,517,940
020131804,324,395,719
020131805,315,387,702
020131806,346,393,739
020131807,464,507,971
020131808,339,462,801
020131809,228,297,525
020131810,368,444,812
020131901,351,454,805
020131902,427,506,933
020131903,314,385,699
020131904,230,270,500
020131905,406,523,929
020131906,222,275,497
020131907,319,414,733
020131908,317,427,744
020131909,277,384,661
020131910,315,378,693
020131911,199,206,405
020131912,323,430,753
020132001,282,364,646
020132002,406,537,943
020132003,190,222,412
020132004,267,418,685
020132005,250,352,602
020132006,327,488,815
020132007,370,465,835
020132008,341,442,783
020132009,234,317,551
020132010,237,327,564
020132011,271,327,598
020132012,232,332,564
020132101,257,344,601
020132102,132,177,309
020132103,234,303,537
020132104,388,473,861
020132105,396,454,850
020132106,333,426,759
020132107,497,628,1125
020132108,329,406,735
020132109,404,438,842
020132110,382,534,916
020132201,231,358,589
020132202,228,292,520
020132203,218,253,471
020132204,395,500,895
020132205,500,684,1184
020132206,510,612,1122
020132207,493,608,1101
020132208,376,421,797
020132209,243,308,551
020132301,536,656,1192
020132302,241,274,515
020132303,480,619,1099
020132304,250,354,604
020132305,226,268,494
020132306,326,436,762
020132307,222,307,529
020132308,460,584,1044
020132309,455,569,1024
020132310,249,313,562
020132311,333,486,819
020132401,211,260,471
020132402,231,337,568
020132403,308,360,668
020132404,370,452,822
020132405,354,372,726
020132406,323,411,734
020132407,443,500,943
020132408,377,470,847
020132409,438,532,970
020132410,356,449,805
020132501,283,308,591
020132502,310,391,701
020132503,418,457,875
020132504,311,357,668
020132505,270,324,594
020132506,358,372,730
020132507,510,646,1156
020132508,352,431,783
020132601,413,440,853
020132602,351,460,811
020132603,343,428,771
020132604,445,522,967
020132605,346,405,751
020132606,329,456,785
020132607,216,275,491
020132608,214,253,467
020132609,237,278,515
020132610,420,518,938
020132611,292,353,645
020132701,183,239,422
020132702,359,497,856
020132703,417,626,1043
020132704,381,471,852
020132705,262,354,616
020132706,473,647,1120
020132707,466,592,1058
020132708,371,443,814
020132709,371,497,868
020132801,239,288,527
020132802,193,248,441
020132803,303,364,667
020132804,170,219,389
020132805,226,322,548
020132806,374,449,823
020132807,307,386,693
020132808,379,557,936
020132809,341,429,770
020132810,280,344,624
020132901,303,395,698
020132902,301,333,634
020132903,249,293,542
020132904,396,448,844
020132905,257,318,575
020132906,338,425,763
020132907,399,489,888
020132908,517,586,1103
020132909,276,295,571
020132910,384,402,786
020132911,392,398,790
020140101,186,243,429
020140102,244,318,562
020140103,375,487,862
020140104,424,520,944
020140105,612,744,1356
020140106,455,545,1000
020140107,371,478,849
020140108,415,537,952
020140109,439,573,1012
020140110,531,679,1210
020140201,508,664,1172
020140202,246,294,540
020140203,372,494,866
020140204,283,375,658
020140205,310,410,720
020140206,298,375,673
020140207,309,395,704
020140208,390,542,932
020140209,398,511,909
020140210,521,614,1135
020140301,719,900,1619
020140302,235,263,498
020140303,188,238,426
020140304,347,434,781
020140305,368,494,862
020140306,190,220,410
020140307,279,359,638
020140308,359,480,839
020140309,352,541,893
020140310,260,371,631
020140311,308,400,708
020140312,302,375,677
020140401,374,506,880
020140402,282,328,610
020140403,262,323,585
020140404,289,362,651
020140405,377,485,862
020140406,619,684,1303
020140407,397,532,929
020140408,490,633,1123
020140409,373,429,802
020140410,645,837,1482
020140501,352,436,788
020140502,446,509,955
020140503,442,530,972
020140504,240,314,554
020140505,441,605,1046
020140506,280,351,631
020140507,258,295,553
020140508,222,234,456
020140509,582,631,1213
020140510,550,718,1268
020140601,468,523,991
020140602,397,424,821
020140603,453,490,943
020140604,354,368,722
020140605,333,461,794
020140606,522,605,1127
020140607,334,454,788
020140608,249,281,530
020140609,357,427,784
020140610,172,223,395
020140701,422,457,879
020140702,442,476,918
020140703,397,418,815
020140704,487,534,1021
020140705,359,386,745
020140706,316,411,727
020140707,309,352,661
020140708,254,332,586
020140709,280,336,616
020140801,427,416,843
020140802,287,305,592
020140803,166,190,356
020140804,203,252,455
020140805,429,558,987
020140806,398,529,927
020140807,297,335,632
020140808,319,377,696
020140809,570,607,1177
020140901,582,608,1190
020140902,392,484,876
020140903,522,580,1102
020140904,551,666,1217
020140905,173,225,398
020140906,320,374,694
020140907,284,370,654
020140908,364,420,784
020140909,361,432,793
020140910,408,504,912
020140911,334,433,767
020140912,533,502,1035
020140913,305,378,683
020141001,17,8,25
020141101,484,563,1047
020141102,469,486,955
020141103,225,282,507
020141104,300,410,710
020141105,375,424,799
020141106,435,476,911
020141107,259,302,561
020141108,479,566,1045
020141109,322,372,694
020141110,210,234,444
020141111,233,293,526
020141112,344,383,727
020141113,344,432,776
020141114,238,285,523
020141201,187,247,434
020141202,381,460,841
020141203,312,321,633
020141204,290,477,767
020141205,353,476,829
020141206,228,323,551
020141207,149,175,324
020141208,145,187,332
020141209,313,358,671
020141210,341,402,743
020141211,285,321,606
020141301,319,378,697
020141302,331,345,676
020141303,357,392,749
020141304,275,320,595
020141305,332,391,723
020141306,281,303,584
020141307,170,215,385
020141308,308,354,662
020141309,332,437,769
020141310,326,409,735
020141311,262,359,621
020141312,248,311,559
020141401,390,488,878
020141402,271,325,596
020141403,328,398,726
020141404,195,222,417
020141405,194,222,416
020141406,218,249,467
020141407,254,269,523
020141408,408,534,942
020141409,445,537,982
020141410,298,386,684
020141411,352,481,833
020141501,302,402,704
020141502,324,425,749
020141503,280,399,679
020141504,331,483,814
020141505,394,521,915
020141506,424,519,943
020141507,272,365,637
020141508,831,1073,1904
020141601,575,731,1306
020141602,353,437,790
020141603,515,586,1101
020141604,457,488,945
020141605,424,505,929
020141606,135,164,299
020141607,320,401,721
020141701,373,436,809
020141702,390,510,900
020141703,348,472,820
020141704,189,231,420
020141705,333,396,729
020141706,272,403,675
020141707,327,435,762
020141708,572,763,1335
020141801,327,414,741
020141802,305,436,741
020141803,468,613,1081
020141804,387,513,900
020141805,437,559,996
020141806,360,468,828
020141807,276,330,606
020141808,356,556,912
020141901,235,307,542
020141902,419,550,969
020141903,463,597,1060
020141904,526,698,1224
020141905,605,821,1426
020142001,577,688,1265
020142002,550,756,1306
020142003,398,559,957
020142004,336,464,800
020142005,339,426,765
020142006,221,286,507
020142007,133,187,320
020142101,412,538,950
020142102,301,380,681
020142103,136,196,332
020142104,246,283,529
020142105,173,236,409
020142106,266,293,559
020142107,316,380,696
020142108,286,401,687
020142109,283,285,568
020142110,248,297,545
020142111,324,381,705
020142201,371,486,857
020142202,421,454,875
020142203,212,282,494
020142204,257,319,576
020142205,449,477,926
020142206,482,576,1058
020142207,343,417,760
020142208,339,428,767
020142209,613,762,1375
020142210,291,381,672
020142301,283,316,599
020142302,198,270,468
020142303,254,293,547
020142304,325,401,726
020142305,469,554,1023
020142306,210,233,443
020142307,329,365,694
020142308,514,581,1095
020142309,448,506,954
020142310,350,400,750
020142311,386,504,890
020142401,296,377,673
020142402,204,258,462
020142403,217,297,514
020142404,169,225,394
020142405,356,451,807
020142406,304,410,714
020142407,286,404,690
020142408,232,295,527
020142409,329,391,720
020142501,377,472,849
020142502,192,251,443
020142503,336,445,781
020142504,229,295,524
020142505,200,266,466
020142506,212,248,460
020142507,332,389,721
020142508,314,401,715
020142509,279,396,675
020142601,432,614,1046
020142602,322,406,728
020142603,183,228,411
020142604,732,1000,1732
020142605,435,509,944
020142606,406,533,939
020142607,508,662,1170
020142701,537,693,1230
020142702,471,654,1125
020142703,248,339,587
020142704,321,470,791
020142705,389,534,923
020142706,175,244,419
020142707,200,233,433
020142801,269,361,630
020142802,270,347,617
020142803,283,393,676
020142804,287,406,693
020142805,259,296,555
020142806,390,546,936
020142807,312,428,740
020142808,200,325,525
020142809,253,326,579
020142810,379,464,843
020142811,446,534,980
020142812,233,345,578
020142901,239,306,545
020142902,381,543,924
020142903,239,278,517
020142904,323,427,750
020142905,185,289,474
020142906,357,469,826
020142907,371,467,838
020142908,261,348,609
020142909,317,407,724
020142910,331,456,787
020142911,270,370,640
020143001,366,445,811
020143002,423,553,976
020143003,378,462,840
020143004,272,302,574
020143005,410,542,952
020143006,201,275,476
020143007,166,217,383
020143008,717,915,1632
020143009,540,740,1280
020143101,371,350,721
020143102,393,444,837
020143103,278,338,616
020143104,274,372,646
020143105,275,332,607
020143106,551,669,1220
020143107,391,506,897
020143108,340,398,738
020143109,292,357,649
020143110,237,308,545
020143111,160,231,391
020143112,217,358,575
020150101,485,538,1023
020150102,425,521,946
020150103,309,382,691
020150104,297,347,644
020150105,364,418,782
020150106,366,374,740
020150107,327,372,699
020150108,330,386,716
020150109,472,516,988
020150110,441,498,939
020150111,295,292,587
020150112,357,380,737
020150201,344,412,756
020150202,387,430,817
020150203,405,423,828
020150204,255,299,554
020150205,246,271,517
020150206,338,371,709
020150207,310,356,666
020150208,315,353,668
020150209,268,313,581
020150210,286,317,603
020150301,335,387,722
020150302,418,523,941
020150303,414,504,918
020150304,377,423,800
020150305,375,426,801
020150306,349,382,731
020150307,387,425,812
020150308,446,471,917
020150309,409,468,877
020150310,386,482,868
020150311,345,410,755
020150312,563,647,1210
020150313,364,406,770
020150401,394,458,852
020150402,318,373,691
020150403,442,513,955
020150404,275,289,564
020150405,298,338,636
020150406,357,444,801
020150407,400,427,827
020150408,336,419,755
020150409,298,344,642
020150410,297,346,643
020150411,380,391,771
020150412,377,435,812
020150413,331,437,768
020150414,446,451,897
020150501,367,412,779
020150502,458,537,995
020150503,361,401,762
020150504,274,308,582
020150505,356,419,775
020150506,360,419,779
020150507,318,385,703
020150508,437,470,907
020150509,433,483,916
020150510,318,343,661
020150511,366,383,749
020150512,335,383,718
020150513,364,378,742
020150514,347,375,722
020150601,310,368,678
020150602,300,381,681
020150603,303,338,641
020150604,340,382,722
020150605,247,279,526
020150606,243,273,516
020150607,297,359,656
020150701,446,454,900
020150702,326,379,705
020150703,316,331,647
020150704,459,483,942
020150705,448,440,888
020150706,508,523,1031
020150707,480,544,1024
020150708,466,514,980
020150709,388,413,801
020150710,480,504,984
020150711,406,485,891
020150712,475,496,971
020150801,473,501,974
020150802,352,368,720
020150803,451,557,1008
020150804,433,509,942
020150805,341,408,749
020150806,324,396,720
020150807,462,534,996
020150808,434,497,931
020150809,466,559,1025
020150810,393,495,888
020150901,239,279,518
020150902,228,267,495
020150903,261,256,517
020150904,374,360,734
020150905,375,385,760
020150906,296,316,612
020150907,362,368,730
020150908,1140,1184,2324
020151001,336,383,719
020151002,579,528,1107
020151003,503,594,1097
020151004,383,416,799
020151005,319,406,725
020151006,216,269,485
020151007,386,460,846
020151008,316,404,720
020151009,345,421,766
020151010,270,312,582
020151011,285,371,656
020151012,363,419,782
020151013,457,602,1059
020151101,380,409,789
020151102,383,381,764
020151103,347,389,736
020151104,392,429,821
020151105,320,381,701
020151106,384,414,798
020151107,317,362,679
020151108,341,385,726
020151109,494,598,1092
020151110,311,359,670
020151111,540,624,1164
020151112,399,466,865
020151113,442,481,923
020151201,389,392,781
020151202,365,400,765
020151203,347,405,752
020151204,310,383,693
020151205,409,518,927
020151206,338,388,726
020151207,217,280,497
020151208,344,397,741
020151209,235,285,520
020151301,423,426,849
020151302,330,412,742
020151303,292,342,634
020151304,293,393,686
020151305,188,238,426
020151306,217,281,498
020151307,317,369,686
020151308,186,253,439
020151309,487,565,1052
020151310,291,361,652
020151401,412,436,848
020151402,415,484,899
020151403,324,398,722
020151404,326,388,714
020151405,422,530,952
020151406,223,299,522
020151407,406,477,883
020151408,387,454,841
020151409,425,437,862
020151410,314,370,684
020151411,486,539,1025
020151501,326,370,696
020151502,353,406,759
020151503,461,583,1044
020151504,494,494,988
020151505,413,436,849
020151506,415,466,881
020151507,405,453,858
020151508,340,326,666
020151509,482,555,1037
020151510,416,518,934
020151601,404,459,863
020151602,406,442,848
020151603,483,582,1065
020151604,336,409,745
020151605,279,363,642
020151606,353,441,794
020151607,398,450,848
020151608,384,455,839
020151609,323,412,735
020151610,385,420,805
020151611,335,428,763
020151701,330,402,732
020151702,249,335,584
020151703,381,473,854
020151704,455,551,1006
020151705,406,473,879
020151706,295,416,711
020151707,323,415,738
020151708,260,334,594
020151709,306,372,678
020151710,382,530,912
020151711,384,438,822
020151712,332,398,730
020151801,254,316,570
020151802,241,259,500
020151803,300,414,714
020151804,210,257,467
020151805,218,272,490
020151806,257,260,517
020151807,354,417,771
020151808,236,333,569
020151809,200,292,492
020151810,263,319,582
020151811,291,366,657
020151812,256,304,560
020151813,242,304,546
020151901,212,253,465
020151902,351,443,794
020151903,305,380,685
020151904,348,409,757
020151905,376,465,841
020151906,329,436,765
020151907,297,446,743
020151908,268,331,599
020151909,294,367,661
020151910,423,541,964
020151911,364,442,806
020152001,408,450,858
020152002,351,454,805
020152003,336,455,791
020152004,283,352,635
020152005,275,320,595
020152006,317,396,713
020152007,328,401,729
020152008,276,383,659
020152009,233,258,491
020152010,380,424,804
020152011,319,409,728
020152012,314,424,738
020152101,342,380,722
020152102,379,443,822
020152103,293,338,631
020152104,302,424,726
020152105,213,259,472
020152106,490,555,1045
020152107,183,228,411
020152108,241,333,574
020152109,390,473,863
020152110,269,344,613
020152111,339,358,697
020152112,235,275,510
020152113,405,490,895
060280101,663,645,1308
060280102,595,618,1213
060280103,592,622,1214
060280104,485,500,985
060280105,270,344,614
060280106,445,439,884
060280107,638,654,1292
060280108,843,809,1652
060280109,785,831,1616
060280110,335,378,713
060280111,602,644,1246
060280112,465,550,1015
060280113,476,475,951
060280114,519,574,1093
060280115,684,699,1383
060280201,824,861,1685
060280202,731,696,1427
060280203,825,810,1635
060280204,875,879,1754
060280205,593,596,1189
060280206,672,673,1345
060280207,565,604,1169
060280208,625,619,1244
060280301,819,819,1638
060280302,798,815,1613
060280303,1040,1048,2088
060280304,448,439,887
060280305,858,934,1792
060280306,444,427,871
060280307,753,748,1501
060280308,968,987,1955
060280309,484,589,1073
060280310,492,542,1034
060280311,425,465,890
060280312,508,534,1042
060280401,959,916,1875
060280402,743,690,1433
060280403,797,828,1625
060280404,709,656,1365
060280405,791,709,1500
060280406,839,847,1686
060280407,830,830,1660
060280408,806,814,1620
060280409,940,910,1850
060280410,678,743,1421
060280411,734,737,1471
060280412,832,893,1725
060280501,38,34,72
060280502,49,47,96
060280503,20,23,43
060280504,553,556,1109
060280505,48,50,98
060280506,369,349,718
060280507,224,206,430
060280508,130,149,279
060280509,116,123,239
060280510,112,137,249
060280511,627,627,1254
060280512,55,77,132
060280513,679,677,1356
060280601,583,661,1244
060280602,1156,1154,2310
060280603,715,818,1533
060280604,2139,2151,4290
060280605,1002,1013,2015
060280606,949,943,1892
060280607,721,745,1466
060280608,407,426,833
060280609,560,585,1145
060280610,1881,1900,3781
060280611,546,557,1103
060280612,512,499,1011
060280613,360,421,781
060280614,1426,1435,2861
060280615,1987,2060,4047
060280701,1181,1263,2444
060280702,1011,1022,2033
060280703,1075,1088,2163
060280704,695,780,1475
060280705,736,791,1527
060280706,699,751,1450
060280707,1202,1241,2443
060280708,556,560,1116
060280709,661,690,1351
060280710,537,572,1109
060280711,771,826,1597
060280801,185,197,382
060280802,141,146,287
060280803,41,44,85
060280804,113,125,238
060280805,640,637,1277
060280806,439,490,929
060280807,445,493,938
060280808,527,572,1099
060280809,54,60,114
060280810,789,836,1625
060280811,683,722,1405
060280812,483,564,1047
060280813,474,554,1028
060280901,810,832,1642
060280902,622,660,1282
060280903,505,557,1062
060280904,947,1003,1950
060280905,510,576,1086
060280906,596,633,1229
060280907,607,638,1245
060280908,647,678,1325
060280909,797,857,1654
060281001,378,427,805
060281002,352,373,725
060281003,522,612,1134
060281004,377,419,796
060281005,432,461,893
060281006,500,523,1023
060281007,673,665,1338
060281008,743,766,1509
060281009,487,548,1035
060281010,551,577,1128
060281011,556,580,1136
060281012,566,543,1109
060281013,987,1012,1999
060281014,617,666,1283
060281015,479,517,996
060281016,508,508,1016
060281017,406,417,823
060281101,503,571,1074
060281102,485,492,977
060281103,397,446,843
060281104,346,360,706
060281105,352,385,737
060281106,293,329,622
060281107,284,342,626
060281108,191,218,409
060281109,689,771,1460
060281110,682,771,1453
060281111,781,878,1659
060281112,417,459,876
060281113,348,405,753
060281201,571,636,1207
060281202,410,533,943
060281203,591,640,1231
060281204,400,473,873
060281205,437,523,960
060281206,245,312,557
060281207,339,401,740
060281208,401,490,891
060281209,483,513,996
060281210,685,746,1431
060281211,548,613,1161
060281301,642,690,1332
060281302,396,393,789
060281303,479,477,956
060281304,832,819,1651
060281305,497,577,1074
060281306,528,543,1071
060281307,510,493,1003
060281308,676,635,1311
060281309,605,628,1233
060281310,545,632,1177
060281311,605,613,1218
060281312,412,499,911
060281313,375,385,760
060281401,743,803,1546
060281402,553,580,1133
060281403,811,876,1687
060281404,809,832,1641
060281405,748,705,1453
060281406,824,876,1700
060281407,828,869,1697
060281408,512,556,1068
060281409,487,462,949
060281410,621,637,1258
060281501,481,480,961
060281502,436,446,882
060281503,468,497,965
060281504,539,553,1092
060281505,567,540,1107
060281506,403,487,890
060281507,649,747,1396
060281508,384,389,773
060281509,877,936,1813
060281510,646,690,1336
060281511,366,381,747
060281512,495,536,1031
060281601,440,451,891
060281602,754,759,1513
060281603,978,1081,2059
060281604,533,588,1121
060281605,548,625,1173
060281606,744,826,1570
060281607,392,445,837
060281608,450,464,914
060281701,346,431,777
060281702,563,598,1161
060281703,310,309,619
060281704,416,451,867
060281705,438,478,916
060281706,748,840,1588
060281707,498,568,1066
060281708,649,763,1412
060281709,433,464,897
060281801,706,790,1496
060281802,423,516,939
060281803,854,842,1696
060281804,440,459,899
060281805,441,432,873
060281806,849,949,1798
060281807,674,638,1312
060281808,885,872,1757
060281809,622,600,1222
060281810,601,606,1207
060281811,442,438,880
060281901,593,676,1269
060281902,513,565,1078
060281903,716,818,1534
060281904,727,748,1475
060281905,316,331,647
060281906,168,154,322
060281907,462,449,911
060281908,613,650,1263
060281909,693,776,1469
060281910,325,357,682
060281911,762,720,1482
060281912,616,569,1185
060281913,396,381,777
060282001,654,671,1325
060282002,625,685,1310
060282003,402,348,750
060282004,1075,980,2055
060282005,810,785,1595
060282006,695,750,1445
060282007,608,596,1204
060282008,598,652,1250
060282009,581,597,1178
060282010,719,673,1392
060282011,585,564,1149
060282012,381,345,726
060282013,799,811,1610
060282014,650,710,1360
060282015,746,735,1481
060282101,325,355,680
060282102,372,419,791
060282103,640,681,1321
060282104,360,388,748
060282105,486,506,992
060282106,279,304,583
060282107,509,525,1034
060282108,558,580,1138
060282109,680,642,1322
060282110,478,485,963
060282111,576,578,1154
060282112,527,556,1083
060282113,430,460,890
060282201,207,236,443
060282202,451,473,924
060282203,594,618,1212
060282204,468,465,933
060282205,871,850,1721
060282206,759,756,1515
060282207,353,353,706
060282208,450,406,856
060282209,647,704,1351
060282210,900,887,1787
060282211,416,463,879
060282212,382,384,766
060282213,422,461,883
060282214,434,433,867
060282215,385,385,770
060282216,923,982,1905
060282217,360,366,726
060282218,378,387,765
060282301,680,707,1387
060282302,675,740,1415
060282303,379,415,794
060282304,514,584,1098
060282305,314,392,706
060282306,412,487,899
060282307,412,504,916
060282308,311,329,640
060282309,444,443,887
060282310,399,423,822
060282311,349,383,732
060282312,309,347,656
060282313,289,323,612
060282401,560,624,1184
060282402,718,753,1471
060282403,412,490,902
060282404,376,525,901
060282405,750,901,1651
060282406,470,601,1071
060282407,582,601,1183
060282408,444,499,943
060282409,426,509,935
060282501,353,393,746
060282502,433,472,905
060282503,129,204,333
060282504,136,190,326
060282505,430,521,951
060282506,529,552,1081
060282507,262,324,586
060282508,222,310,532
060282509,272,299,571
060282510,514,608,1122
060282511,532,602,1134
060282512,425,421,846
060282513,398,451,849
060282601,205,242,447
060282602,176,209,385
060282603,425,494,919
060282604,252,362,614
060282605,280,372,652
060282606,381,376,757
060282607,304,301,605
060282608,215,263,478
060282609,388,476,864
060282610,311,328,639
060282611,241,257,498
060282612,216,239,455
060282701,316,342,658
060282702,467,476,943
060282703,801,768,1569
060282704,448,505,953
060282705,411,426,837
060282706,745,752,1497
060282707,282,301,583
060282708,724,796,1520
060282709,225,207,432
060282710,240,236,476
060282711,328,376,704
060282712,429,473,902
060282713,483,502,985
060282801,523,581,1104
060282802,400,430,830
060282803,687,666,1353
060282804,677,623,1300
060282805,762,847,1609
060282806,979,976,1955
060282807,607,639,1246
060282808,441,437,878
060282809,660,631,1291
060282810,675,615,1290
060282811,277,320,597
060282901,611,658,1269
060282902,326,383,709
060282903,477,518,995
060282904,528,503,1031
060282905,469,484,953
060282906,477,487,964
060282907,583,618,1201
060282908,535,514,1049
060282909,559,565,1124
060282910,478,461,939
060282911,549,579,1128
060282912,546,561,1107
060282913,449,499,948
060283001,426,465,891
060283002,417,423,840
060283003,412,407,819
060283004,569,592,1161
060283005,455,514,969
060283006,469,487,956
060283007,717,706,1423
060283008,1004,1010,2014
060283009,638,680,1318
060283010,743,753,1496
060283011,538,533,1071
060283012,519,491,1010
060283013,412,443,855
060283014,563,588,1151
060283015,560,535,1095
060283016,506,562,1068
060283017,22,14,36
060283101,399,455,854
060283102,359,431,790
060283103,372,464,836
060283104,276,285,561
060283105,371,369,740
060283106,597,631,1228
060283107,660,707,1367
060283108,410,444,854
060283109,496,539,1035
060283110,689,777,1466
060283111,546,602,1148
060283112,460,475,935
060283201,428,436,864
060283202,343,414,757
060283203,493,534,1027
060283204,387,433,820
060283205,300,372,672
060283206,382,401,783
060283207,454,509,963
060283208,641,660,1301
060283209,698,756,1454
060283301,1046,1074,2120
060283302,671,734,1405
060283303,394,434,828
060283304,391,450,841
060283305,343,397,740
060283306,2,0,2
060283307,743,756,1499
060283308,691,718,1409
060283309,504,597,1101
060283310,387,443,830
060283311,539,556,1095
060283312,609,615,1224
060283313,767,725,1492
060283314,988,931,1919
060283401,485,485,970
060283402,637,713,1350
060283403,636,683,1319
060283404,619,681,1300
060283405,504,512,1016
060283406,553,592,1145
060283407,344,364,708
060283408,467,481,948
060283409,628,634,1262
060283410,514,547,1061
060283411,486,511,997
060283412,539,624,1163
060283501,712,699,1411
060283502,809,738,1547
060283503,648,674,1322
060283504,523,541,1064
060283505,973,908,1881
060283506,725,732,1457
060283507,834,812,1646
060283508,499,548,1047
060283509,842,859,1701
060283601,357,351,708
060283602,223,266,489
060283603,371,396,767
060283604,680,700,1380
060283605,800,795,1595
060283606,766,766,1532
060283607,674,743,1417
060283608,396,481,877
060283609,473,476,949
060283610,580,588,1168
060283611,596,635,1231
060283612,759,691,1450
060283613,585,543,1128
060283614,852,833,1685
060283615,927,889,1816
060283701,578,523,1101
060283702,433,485,918
060283703,536,482,1018
060283704,563,601,1164
060283705,681,637,1318
060283706,746,758,1504
060283707,434,463,897
060283708,398,437,835
060283709,462,450,912
060283710,631,667,1298
060283711,655,678,1333
060283712,756,796,1552
060283713,558,582,1140
060283714,567,597,1164
060283801,1052,1039,2091
060283802,648,651,1299
060283803,709,672,1381
060283804,742,745,1487
060283805,536,584,1120
060283806,452,470,922
060283807,383,378,761
060283808,601,623,1224
060283809,531,491,1022
060283810,492,488,980
060283811,420,461,881
060283812,493,553,1046
060283901,659,652,1311
060283902,746,749,1495
060283903,603,626,1229
060283904,671,665,1336
060283905,630,648,1278
060283906,502,449,951
060283907,583,533,1116
060283908,535,503,1038
060283909,910,886,1796
060283910,826,792,1618
060283911,795,765,1560
060283912,759,810,1569
060283913,917,969,1886
060283914,408,423,831
060283915,465,484,949
060350101,1301,1277,2578
060350102,811,837,1648
060350103,363,394,757
060350104,362,361,723
060350105,221,259,480
060350106,351,391,742
060350107,384,391,775
060350108,242,263,505
060350109,239,237,476
060350110,486,530,1016
060350111,485,463,948
060350201,530,544,1074
060350202,581,555,1136
060350203,581,600,1181
060350301,488,511,999
060350302,622,650,1272
060350303,465,486,951
060350304,462,537,999
060350305,336,391,727
060350306,481,555,1036
060350307,439,461,900
060350308,380,440,820
060350309,258,282,540
060350310,329,341,670
060350311,465,517,982
060350312,344,406,750
060350313,499,550,1049
060350314,383,428,811
060350315,447,500,947
060350401,685,732,1417
060350402,435,437,872
060350403,526,555,1081
060350404,661,701,1362
060350405,540,605,1145
060350406,492,541,1033
060350407,486,585,1071
060350408,408,456,864
060350409,660,748,1408
060350410,356,376,732
060350411,657,696,1353
060350412,451,467,918
060350413,443,508,951
060350414,349,379,728
060350415,331,361,692
060350501,292,304,596
060350502,565,676,1241
060350503,334,396,730
060350504,526,617,1143
060350505,1586,1646,3232
060350506,850,829,1679
060350507,707,783,1490
060350508,467,518,985
060350509,418,458,876
060350510,383,469,852
060350511,355,405,760
060350512,367,411,778
060350601,520,566,1086
060350602,491,592,1083
060350603,426,526,952
060350604,363,432,795
060350605,398,483,881
060350606,449,512,961
060350607,284,305,589
060350608,408,472,880
060350609,534,603,1137
060350610,425,492,917
060350611,380,417,797
060350612,457,490,947
060350701,334,384,718
060350702,560,591,1151
060350703,433,486,919
060350704,421,419,840
060350705,378,457,835
060350706,536,567,1103
060350707,292,306,598
060350708,149,169,318
060350709,153,184,337
060350710,192,211,403
060350711,267,374,641
060350712,134,151,285
060350801,450,536,986
060350802,338,335,673
060350803,558,574,1132
060350804,459,565,1024
060350805,192,222,414
060350806,347,390,737
060350807,352,352,704
060350808,320,360,680
060350809,401,432,833
060350810,298,305,603
060350811,406,393,799
060350812,1430,1780,3210
060350813,646,671,1317
060350814,341,348,689
060350815,893,893,1786
060350901,393,387,780
060350902,337,339,676
060350903,300,292,592
060350904,1244,1366,2610
060350905,430,445,875
060350906,365,389,754
060350907,491,487,978
060350908,644,619,1263
060350909,284,340,624
060350910,755,723,1478
060350911,624,611,1235
060350912,295,338,633
060350913,423,448,871
060350914,369,407,776
060351001,402,342,744
060351002,975,1138,2113
060351003,428,488,916
060351004,457,510,967
060351005,247,322,569
060351006,337,414,751
060351007,354,460,814
060351008,203,253,456
060351009,135,177,312
060351010,345,397,742
060351011,292,358,650
060351012,271,376,647
060351101,293,286,579
060351102,485,487,972
060351103,260,250,510
060351104,372,458,830
060351105,633,741,1374
060351106,388,484,872
060351107,164,180,344
060351108,447,481,928
060351109,225,336,561
060351110,373,463,836
060351201,293,360,653
060351202,386,464,850
060351203,178,229,407
060351204,152,212,364
060351205,423,413,836
060351206,239,276,515
060351207,153,209,362
060351208,500,619,1119
060351209,104,149,253
060351210,327,462,789
060351211,392,433,825
060351212,261,297,558
060351301,471,508,979
060351302,433,469,902
060351303,327,419,746
060351304,380,410,790
060351305,347,374,721
060351306,294,339,633
060351307,299,339,638
060351308,332,351,683
060351309,216,259,475
060351310,282,345,627
060351401,325,397,722
060351402,234,320,554
060351403,441,496,937
060351404,403,449,852
060351405,287,348,635
060351406,248,298,546
060351407,245,283,528
060351408,421,470,891
060351409,292,373,665
060351410,392,438,830
060351411,282,277,559
060351412,306,333,639
060351413,290,324,614
060351501,377,402,779
060351502,346,466,812
060351503,398,463,861
060351504,377,394,771
060351505,485,533,1018
060351506,702,758,1460
060351507,471,521,992
060351508,420,451,871
060351509,317,433,750
060351510,325,353,678
060351511,340,430,770
060351512,292,348,640
060351601,213,261,474
060351602,413,515,928
060351603,382,489,871
060351604,179,212,391
060351605,388,415,803
060351606,388,432,820
060351607,266,315,581
060351608,483,537,1020
060351609,437,470,907
060351610,469,495,964
060351611,353,368,721
060351701,364,449,813
060351702,359,436,795
060351703,411,455,866
060351704,396,470,866
060351705,478,570,1048
060351706,354,394,748
060351707,406,476,882
060351708,355,423,778
060351709,353,389,742
060351710,489,581,1070
060351711,304,361,665
060351801,387,456,843
060351802,421,494,915
060351803,367,386,753
060351804,325,424,749
060351805,341,420,761
060351806,410,478,888
060351807,306,359,665
060351808,291,363,654
060351809,409,431,840
060351810,341,348,689
060351811,404,503,907
060351901,401,443,844
060351902,460,512,972
060351903,403,449,852
060351904,343,391,734
060351905,408,507,915
060351906,420,505,925
060351907,384,437,821
060351908,391,441,832
060351909,421,450,871
060351910,560,609,1169
060351911,516,555,1071
060352001,461,531,992
060352002,460,531,991
060352003,510,579,1089
060352004,333,378,711
060352005,422,446,868
060352006,415,481,896
060352007,465,526,991
060352008,477,505,982
060352009,411,461,872
060352010,442,500,942
060352011,390,449,839
060352101,544,591,1135
060352102,477,566,1043
060352103,273,312,585
060352104,237,283,520
060352105,168,213,381
060352106,215,254,469
060352107,314,307,621
060352108,245,313,558
060352109,329,362,691
060352110,348,433,781
060352201,696,754,1450
060352202,303,347,650
060352203,213,249,462
060352204,195,254,449
060352205,239,294,533
060352206,327,384,711
060352207,292,354,646
060352208,204,272,476
060352209,276,333,609
060352210,354,388,742
060352211,225,252,477
060352212,54,73,127
060352301,230,243,473
060352302,218,251,469
060352303,275,346,621
060352304,168,192,360
060352305,472,547,1019
060352306,478,570,1048
060352307,568,598,1166
060352308,415,425,840
060352309,364,436,800
060352310,443,475,918
060352311,457,536,993
060352312,667,685,1352
060352401,420,529,949
060352402,465,475,940
060352403,612,663,1275
060352404,481,528,1009
060352405,352,391,743
060352406,419,490,909
060352407,419,501,920
060352408,542,571,1113
060352409,576,567,1143
060352410,489,578,1067
060352411,668,730,1398
060352501,320,341,661
060352502,427,454,881
060352503,675,767,1442
060352504,382,431,813
060352505,490,560,1050
060352506,479,533,1012
060352507,399,457,856
060352508,457,503,960
060352509,446,504,950
060352510,910,935,1845
060352511,559,644,1203
060352601,658,729,1387
060352602,770,760,1530
060352603,383,390,773
060352604,145,148,293
060352605,972,1041,2013
060352606,385,435,820
060352607,480,537,1017
060352608,422,434,856
060352609,589,603,1192
060352610,917,979,1896
060352611,748,836,1584
060352612,381,404,785
060352613,395,393,788
060352614,476,463,939
060352615,470,541,1011
060352701,149,143,292
060352702,388,458,846
060352703,436,449,885
060352704,1173,1161,2334
060352705,369,410,779
060352706,874,848,1722
060352707,789,768,1557
060352708,202,205,407
060352709,470,503,973
060352710,472,505,977
060352711,887,912,1799
060352712,665,763,1428
060352713,349,429,778
060352714,630,611,1241
060352801,500,572,1072
060352802,521,561,1082
060352803,444,471,915
060352804,357,405,762
060352805,436,459,895
060352806,426,519,945
060352807,366,411,777
060352808,457,523,980
060352901,298,350,648
060352902,439,478,917
060352903,483,526,1009
060352904,385,440,825
060352905,342,384,726
060352906,394,441,835
060352907,328,426,754
060352908,362,390,752
060352909,286,322,608
060353001,483,559,1042
060353002,534,553,1087
060353003,429,479,908
060353004,544,627,1171
060353005,373,425,798
060353006,414,514,928
060353007,505,507,1012
060353008,478,559,1037
060353009,410,451,861
060353010,399,430,829
060353101,196,227,423
060353102,209,251,460
060353103,355,380,735
060353104,435,520,955
060353105,551,606,1157
060353106,255,299,554
060353107,203,243,446
060353108,338,384,722
060353109,278,305,583
060353201,482,544,1026
060353202,350,400,750
060353203,428,503,931
060353204,392,448,840
060353205,312,365,677
060353206,452,466,918
060353207,476,524,1000
060353208,364,418,782
060353301,469,496,965
060353302,407,437,844
060353303,503,634,1137
060353304,402,411,813
060353305,224,268,492
060353306,371,435,806
060353307,387,428,815
060353308,341,404,745
060353401,383,417,800
060353402,353,422,775
060353403,281,322,603
060353404,350,395,745
060353405,388,412,800
060353406,487,520,1007
060353407,271,328,599
060353408,382,433,815
060353409,320,372,692
060353501,497,560,1057
060353502,428,444,872
060353503,378,420,798
060353504,384,416,800
060353505,745,806,1551
060353506,381,405,786
060353507,335,375,710
060353508,354,378,732
060910101,820,786,1606
060910102,856,879,1735
060910103,298,327,625
060910104,303,360,663
060910105,351,376,727
060910106,350,354,704
060910107,582,643,1225
060910108,444,490,934
060910109,659,677,1336
060910110,485,493,978
060910201,615,601,1216
060910202,471,488,959
060910203,286,292,578
060910204,365,437,802
060910205,349,380,729
060910206,258,335,593
060910207,311,340,651
060910208,474,566,1040
060910209,671,716,1387
060910301,466,552,1018
060910302,694,754,1448
060910303,285,349,634
060910304,524,541,1065
060910305,356,394,750
060910306,667,709,1376
060910307,656,682,1338
060910308,385,407,792
060910309,545,597,1142
060910310,481,581,1062
060910311,362,415,777
060910312,197,234,431
060910313,207,274,481
060910401,803,869,1672
060910402,678,717,1395
060910403,808,834,1642
060910404,917,920,1837
060910405,722,785,1507
060910406,831,845,1676
060910407,760,816,1576
060910408,327,382,709
060910409,1001,1049,2050
060910410,1055,1003,2058
060910411,778,797,1575
060910412,687,686,1373
060910501,986,1059,2045
060910502,574,644,1218
060910503,874,838,1712
060910504,404,425,829
060910505,553,615,1168
060910506,384,422,806
060910507,514,522,1036
060910508,445,416,861
060910509,295,292,587
060910510,53,35,88
060910601,592,639,1231
060910602,438,512,950
060910603,393,418,811
060910604,419,396,815
060910605,352,377,729
060910606,583,588,1171
060910607,715,755,1470
060910608,929,944,1873
060910609,786,806,1592
060910610,764,736,1500
060910611,611,615,1226
060910701,589,667,1256
060910702,512,557,1069
060910703,381,395,776
060910704,518,531,1049
060910705,482,445,927
060910706,485,534,1019
060910707,802,784,1586
060910708,739,714,1453
060910709,612,651,1263
060910710,710,674,1384
060910801,393,388,781
060910802,298,305,603
060910803,426,451,877
060910804,529,587,1116
060910805,392,424,816
060910806,488,516,1004
060910807,707,784,1491
060910808,781,841,1622
060910809,702,680,1382
060910810,559,603,1162
060910901,295,359,654
060910902,570,659,1229
060910903,652,687,1339
060910904,631,705,1336
060910905,270,318,588
060910906,523,546,1069
060910907,651,674,1325
060910908,304,360,664
060911001,490,527,1017
060911002,278,335,613
060911003,692,750,1442
060911004,328,388,716
060911005,653,689,1342
060911006,744,788,1532
060911007,516,563,1079
060911008,448,491,939
060911009,402,484,886
060911010,868,899,1767
060911011,738,753,1491
060911101,631,691,1322
060911102,631,723,1354
060911103,283,317,600
060911104,267,323,590
060911105,444,520,964
060911106,444,521,965
060911107,563,620,1183
060911108,651,716,1367
060911109,643,719,1362
060911201,629,668,1297
060911202,757,782,1539
060911203,602,633,1235
060911204,612,606,1218
060911205,543,593,1136
060911206,826,877,1703
060911207,489,494,983
060911208,838,908,1746
060911301,675,706,1381
060911302,600,625,1225
060911303,582,599,1181
060911304,777,673,1450
060911305,802,821,1623
060911306,599,687,1286
060911307,513,543,1056
060911308,634,598,1232
060911309,752,818,1570
060911310,711,724,1435
060911311,481,472,953
060911312,467,479,946
060911401,941,1072,2013
060911402,744,776,1520
060911403,485,562,1047
060911404,602,601,1203
060911405,779,758,1537
060911406,710,710,1420
060911407,712,748,1460
060911408,646,672,1318
060911409,462,468,930
060911410,919,948,1867
060911411,775,812,1587
060911412,523,512,1035
060911413,533,553,1086
060911501,422,442,864
060911502,461,457,918
060911503,472,491,963
060911504,611,728,1339
060911505,467,524,991
060911506,510,554,1064
060911507,395,439,834
060911508,557,625,1182
060911509,329,383,712
060911510,517,507,1024
060911511,766,747,1513
060911512,432,479,911
060911513,406,407,813
060911601,626,674,1300
060911602,724,757,1481
060911603,477,522,999
060911604,720,741,1461
060911605,703,841,1544
060911606,493,491,984
060911607,267,289,556
060911608,440,432,872
060911609,432,448,880
060911610,497,522,1019
060911611,917,943,1860
060911612,413,426,839
060911613,721,820,1541
060911614,619,664,1283
060911701,488,508,996
060911702,737,772,1509
060911703,800,868,1668
060911704,466,459,925
060911705,729,728,1457
060911706,666,644,1310
060911707,758,792,1550
060911708,490,538,1028
060911709,678,719,1397
060911710,634,677,1311
060911711,661,646,1307
060911712,598,650,1248
060911713,483,490,973
060911714,944,903,1847
060911801,473,457,930
060911802,410,412,822
060911803,977,975,1952
060911804,640,748,1388
060911805,661,688,1349
060911806,772,791,1563
060911807,715,759,1474
060911808,530,589,1119
060911809,384,406,790
060911810,395,382,777
060911811,829,841,1670
060911812,726,739,1465
060911901,349,362,711
060911902,786,768,1554
060911903,613,631,1244
060911904,747,858,1605
060911905,319,359,678
060911906,294,314,608
060911907,311,389,700
060911908,633,608,1241
060911909,319,359,678
060911910,512,522,1034
060911911,481,490,971
060911912,649,705,1354
060912001,595,608,1203
060912002,693,709,1402
060912003,265,289,554
060912004,354,392,746
060912005,820,823,1643
060912006,392,400,792
060912007,564,547,1111
060912008,301,338,639
060912009,403,410,813
060912010,588,591,1179
060912011,562,637,1199
060912012,396,444,840
060912013,434,439,873
060912101,536,527,1063
060912102,412,484,896
060912103,526,481,1007
060912104,373,406,779
060912105,332,378,710
060912106,506,496,1002
060912107,694,691,1385
060912108,392,448,840
060912109,342,439,781
060912110,424,477,901
060912111,700,693,1393
060912112,826,795,1621
060912113,600,623,1223
060912114,558,619,1177
060912115,472,519,991
060912116,661,677,1338
060912117,807,844,1651
060912201,624,665,1289
060912202,497,536,1033
060912203,585,670,1255
060912204,601,606,1207
060912205,493,534,1027
060912206,805,816,1621
060912207,571,578,1149
060912208,450,457,907
060912209,400,373,773
060912210,893,935,1828
060912211,233,231,464
060912212,203,187,390
060912213,476,487,963
060912214,301,294,595
060912215,740,749,1489
060912216,769,769,1538
060912217,385,378,763
060912301,479,500,979
060912302,529,578,1107
060912303,389,422,811
060912304,649,694,1343
060912305,330,363,693
060912306,674,664,1338
060912307,343,346,689
060912308,403,381,784
060912309,313,315,628
060912310,804,811,1615
060912311,598,635,1233
060912312,343,347,690
060912313,306,315,621
060912314,1142,752,1894
060912315,464,409,873
060912316,178,177,355
060912317,248,251,499
060912318,110,94,204
060912319,142,119,261
060912401,361,347,708
060912402,378,390,768
060912403,558,569,1127
060912404,791,760,1551
060912405,587,574,1161
060912406,439,455,894
060912407,240,211,451
060912408,220,208,428
060912409,174,140,314
060912410,405,441,846
060912411,487,447,934
060912412,329,297,626
060912413,351,296,647
062600101,865,827,1692
062600102,658,629,1287
062600103,546,536,1082
062600104,425,396,821
062600105,499,463,962
062600106,992,988,1980
062600107,650,655,1305
062600108,780,761,1541
062600109,683,747,1430
062600110,855,818,1673
062600111,531,494,1025
062600112,814,798,1612
062600113,532,501,1033
062600114,666,684,1350
062600115,577,564,1141
062600116,589,602,1191
062600117,820,844,1664
062600118,313,325,638
062600119,753,762,1515
062600201,1101,1125,2226
062600202,923,933,1856
062600203,920,960,1880
062600204,809,792,1601
062600205,1047,1007,2054
062600206,701,655,1356
062600207,842,785,1627
062600208,122,117,239
062600209,865,844,1709
062600210,698,717,1415
062600211,738,750,1488
062600212,722,724,1446
062600213,661,608,1269
062600214,626,688,1314
062600215,786,782,1568
062600216,704,681,1385
062600301,1120,1172,2292
062600302,513,528,1041
062600303,702,700,1402
062600304,1120,1059,2179
062600305,761,796,1557
062600306,551,576,1127
062600307,702,680,1382
062600308,587,631,1218
062600309,431,410,841
062600310,874,912,1786
062600311,931,972,1903
062600312,941,1047,1988
062600313,899,939,1838
062600314,523,485,1008
062600315,524,501,1025
062600316,774,775,1549
062600317,643,730,1373
062600318,635,635,1270
062600319,576,547,1123
062600401,449,499,948
062600402,655,698,1353
062600403,614,612,1226
062600404,573,594,1167
062600405,524,526,1050
062600406,592,598,1190
062600407,509,503,1012
062600408,592,595,1187
062600409,527,545,1072
062600410,333,393,726
062600411,370,403,773
062600412,537,579,1116
062600501,648,625,1273
062600502,589,627,1216
062600503,425,425,850
062600504,644,668,1312
062600505,725,709,1434
062600506,836,841,1677
062600507,593,631,1224
062600508,280,322,602
062600509,679,680,1359
062600510,516,509,1025
062600511,794,834,1628
062600512,614,633,1247
062600513,752,710,1462
062600514,715,775,1490
062600515,646,656,1302
062600516,419,440,859
062600517,452,464,916
062600601,648,711,1359
062600602,464,466,930
062600603,461,542,1003
062600604,590,706,1296
062600605,580,670,1250
062600606,318,374,692
062600607,429,446,875
062600608,401,366,767
062600609,356,396,752
062600610,302,315,617
062600611,343,378,721
062600612,460,533,993
062600613,484,549,1033
062600614,490,501,991
062600615,409,464,873
062600616,556,600,1156
062600701,681,769,1450
062600702,512,571,1083
062600703,566,665,1231
062600704,471,500,971
062600705,423,418,841
062600706,536,583,1119
062600707,561,602,1163
062600708,389,434,823
062600709,441,473,914
062600710,612,694,1306
062600711,452,525,977
062600712,396,431,827
062600713,380,473,853
062600801,659,678,1337
062600802,788,827,1615
062600803,660,624,1284
062600804,889,881,1770
062600805,595,593,1188
062600806,639,641,1280
062600807,551,527,1078
062600808,616,670,1286
062600809,581,587,1168
062600810,466,452,918
062600811,742,772,1514
062600812,760,806,1566
062600813,787,801,1588
062600814,509,533,1042
062600901,592,629,1221
062600902,591,601,1192
062600903,909,942,1851
062600904,853,882,1735
062600905,625,615,1240
062600906,163,176,339
062600907,728,742,1470
062600908,799,803,1602
062600909,417,443,860
062600910,683,684,1367
062600911,802,794,1596
062600912,611,588,1199
062600913,816,827,1643
062600914,539,543,1082
062601001,595,669,1264
062601002,489,502,991
062601003,571,602,1173
062601004,494,484,978
062601005,181,221,402
062601006,1743,1918,3661
062601007,675,685,1360
062601008,591,611,1202
062601009,404,465,869
062601010,436,449,885
062601011,608,594,1202
062601012,536,544,1080
062601013,810,829,1639
062601014,548,509,1057
062601015,250,252,502
062601101,117,156,273
062601102,204,240,444
062601103,438,514,952
062601104,423,517,940
062601105,419,443,862
062601106,237,292,529
062601107,539,637,1176
062601108,505,562,1067
062601109,573,601,1174
062601110,623,682,1305
062601201,359,427,786
062601202,263,296,559
062601203,190,238,428
062601204,406,446,852
062601205,581,646,1227
062601206,506,560,1066
062601207,313,362,675
062601208,445,467,912
062601209,414,447,861
062601210,322,345,667
062601211,466,482,948
062601212,633,628,1261
062601301,367,401,768
062601302,651,695,1346
062601303,477,546,1023
062601304,475,516,991
062601305,631,697,1328
062601306,464,550,1014
062601307,545,639,1184
062601308,504,570,1074
062601309,517,561,1078
062601310,305,392,697
062601311,296,388,684
062601312,176,208,384
062601313,276,312,588
062601314,184,242,426
062601401,578,635,1213
062601402,439,478,917
062601403,406,463,869
062601404,318,360,678
062601405,538,628,1166
062601406,590,673,1263
062601407,444,454,898
062601408,652,680,1332
062601409,614,665,1279
062601410,620,696,1316
062601411,585,585,1170
062601412,332,393,725
062601413,495,487,982
062601501,879,848,1727
062601502,629,605,1234
062601503,367,359,726
062601504,438,466,904
062601505,643,629,1272
062601506,600,592,1192
062601507,560,566,1126
062601508,580,539,1119
062601509,799,803,1602
062601510,943,928,1871
062601511,909,872,1781
062601512,498,521,1019
062601513,615,639,1254
062601514,498,478,976
062601515,593,605,1198
062601516,585,683,1268
062601517,933,938,1871
062601518,847,864,1711
062601519,573,586,1159
062601601,718,738,1456
062601602,554,581,1135
062601603,788,772,1560
062601604,567,545,1112
062601605,636,690,1326
062601606,680,692,1372
062601607,764,835,1599
062601608,244,256,500
062601609,654,665,1319
062601610,563,575,1138
062601611,677,645,1322
062601612,697,678,1375
062601613,603,586,1189
062601614,897,896,1793
062601615,863,808,1671
062601616,631,646,1277
062601617,738,753,1491
062601701,838,796,1634
062601702,33,36,69
062601703,1763,1624,3387
062601704,507,514,1021
062601705,124,95,219
062601706,888,862,1750
062601707,111,93,204
062601708,374,380,754
062601709,132,160,292
062601710,143,170,313
062601711,155,146,301
062601712,204,185,389
062601713,1160,1160,2320
062601714,96,73,169
062700101,330,315,645
062700102,290,339,629
062700103,2153,1007,3160
062700104,726,692,1418
062700105,210,256,466
062700106,482,258,740
062700201,955,1026,1981
062700202,482,516,998
062700203,499,479,978
062700204,532,506,1038
062700205,430,487,917
062700206,712,744,1456
062700207,669,745,1414
062700208,996,956,1952
062700209,924,914,1838
062700210,767,815,1582
062700211,845,836,1681
062700212,830,812,1642
062700213,533,570,1103
062700214,506,527,1033
062700215,553,504,1057
062700216,674,665,1339
062700217,706,727,1433
062700301,413,427,840
062700302,493,472,965
062700303,871,838,1709
062700304,984,953,1937
062700305,804,849,1653
062700306,659,694,1353
062700307,453,478,931
062700308,652,642,1294
062700309,754,754,1508
062700310,691,704,1395
062700311,559,571,1130
062700312,668,713,1381
062700313,399,457,856
062700314,408,466,874
062700315,352,379,731
062700316,392,412,804
062700401,298,279,577
062700402,454,437,891
062700403,462,555,1017
062700404,654,654,1308
062700405,721,716,1437
062700406,832,866,1698
062700407,495,551,1046
062700408,256,295,551
062700409,571,631,1202
062700410,587,647,1234
062700411,879,902,1781
062700412,577,651,1228
062700413,625,639,1264
062700414,647,637,1284
062700501,454,487,941
062700502,434,491,925
062700503,539,529,1068
062700504,940,940,1880
062700505,763,743,1506
062700506,721,735,1456
062700507,635,665,1300
062700508,834,787,1621
062700509,25,15,40
062700510,764,792,1556
062700511,425,388,813
062700512,387,371,758
062700601,527,496,1023
062700602,264,281,545
062700603,145,159,304
062700604,234,243,477
062700605,625,601,1226
062700606,770,771,1541
062700607,759,765,1524
062700608,774,734,1508
062700609,635,646,1281
062700610,1101,1129,2230
062700611,785,769,1554
062700612,184,214,398
062700613,169,177,346
062700614,414,436,850
062700615,360,371,731
062700616,669,709,1378
062700617,918,939,1857
062700701,503,508,1011
062700702,420,406,826
062700703,599,611,1210
062700704,310,314,624
062700705,632,638,1270
062700706,528,498,1026
062700707,720,746,1466
062700708,314,393,707
062700709,351,407,758
062700710,345,374,719
062700711,724,728,1452
062700712,953,964,1917
062700713,563,529,1092
062700714,586,590,1176
062700715,503,492,995
062700716,698,646,1344
062700717,730,787,1517
062700718,956,955,1911
062700719,818,820,1638
062700801,121,116,237
062700802,64,58,122
062700803,126,109,235
062700804,27,31,58
062700805,80,76,156
062700806,41,55,96
062700807,110,110,220
062700808,637,708,1345
062700809,516,528,1044
062700810,508,498,1006
062700811,548,580,1128
062700812,45,30,75
062700813,89,92,181
062700814,189,201,390
062700815,295,274,569
062700816,373,337,710
062700817,73,62,135
062700901,1331,1282,2613
062700902,788,726,1514
062700903,589,567,1156
062700904,428,479,907
062700905,571,560,1131
062700906,685,723,1408
062700907,372,383,755
062700908,372,377,749
062700909,847,821,1668
062700910,690,696,1386
062700911,405,414,819
062700912,494,478,972
062700913,550,523,1073
062701001,581,647,1228
062701002,1156,1193,2349
062701003,1219,1224,2443
062701004,848,912,1760
062701005,676,709,1385
062701006,735,687,1422
062701007,724,769,1493
062701008,704,695,1399
062701009,705,719,1424
062701010,689,646,1335
062701101,712,739,1451
062701102,20,17,37
062701103,44,24,68
062701104,185,175,360
062701105,19,16,35
062740101,672,683,1355
062740102,513,542,1055
062740103,328,349,677
062740104,323,324,647
062740105,774,835,1609
062740106,449,505,954
062740107,386,437,823
062740108,242,270,512
062740109,432,478,910
062740110,412,451,863
062740111,462,475,937
062740112,449,445,894
062740113,816,849,1665
062740114,427,450,877
062740115,916,916,1832
062740201,601,674,1275
062740202,660,657,1317
062740203,705,748,1453
062740204,418,453,871
062740205,554,586,1140
062740206,764,859,1623
062740207,518,577,1095
062740208,523,551,1074
062740209,476,481,957
062740210,588,634,1222
062740211,813,830,1643
062740212,569,586,1155
062740213,564,607,1171
062740214,606,665,1271
062740215,611,665,1276
062740301,660,660,1320
062740302,505,476,981
062740303,395,436,831
062740304,899,869,1768
062740305,718,787,1505
062740306,380,383,763
062740307,788,827,1615
062740308,540,561,1101
062740309,499,517,1016
062740310,664,671,1335
062740311,616,603,1219
062740312,813,834,1647
062740313,713,759,1472
062740314,684,699,1383
062740315,478,504,982
062740316,546,539,1085
062740401,629,691,1320
062740402,730,786,1516
062740403,731,699,1430
062740404,723,719,1442
062740405,585,542,1127
062740406,540,555,1095
062740407,492,506,998
062740408,413,430,843
062740409,787,804,1591
062740410,650,625,1275
062740411,551,544,1095
062740412,1011,957,1968
062740413,631,637,1268
062740414,641,635,1276
062740415,685,707,1392
062740416,597,619,1216
062740417,569,612,1181
062740501,418,470,888
062740502,448,489,937
062740503,476,519,995
062740504,659,604,1263
062740505,482,485,967
062740506,454,441,895
062740507,647,644,1291
062740508,651,692,1343
062740509,503,487,990
062740510,542,562,1104
062740511,609,638,1247
062740512,622,659,1281
062740513,574,568,1142
062740514,743,715,1458
062740515,720,676,1396
062740516,531,583,1114
062740601,719,776,1495
062740602,521,514,1035
062740603,563,543,1106
062740604,491,514,1005
062740605,716,711,1427
062740606,709,752,1461
062740607,484,485,969
062740608,471,464,935
062740609,471,497,968
062740610,439,463,902
062740611,509,497,1006
062740612,506,498,1004
062740613,477,474,951
062740614,522,499,1021
062740615,787,728,1515
062740616,476,450,926
062740617,566,596,1162
062740618,514,533,1047
062740619,413,403,816
062740620,795,809,1604
062740701,337,280,617
062740702,489,489,978
062740703,612,604,1216
062740704,610,592,1202
062740705,572,580,1152
062740706,743,759,1502
062740707,765,703,1468
062740708,824,802,1626
062740709,641,678,1319
062740710,626,591,1217
062740711,473,421,894
062740712,523,562,1085
062740713,712,742,1454
062740801,350,332,682
062740802,451,456,907
062740803,358,424,782
062740804,457,511,968
062740805,391,435,826
062740806,333,354,687
062740807,657,752,1409
062740808,431,480,911
062740809,484,503,987
062740810,692,657,1349
062740811,523,483,1006
062740812,518,495,1013
062740813,878,825,1703
062740814,641,620,1261
062740815,597,609,1206
062740816,514,515,1029
062740817,502,490,992
062740818,612,593,1205
062740819,607,629,1236
062740820,716,695,1411
062740901,659,622,1281
062740902,636,579,1215
062740903,649,651,1300
062740904,585,604,1189
062740905,526,527,1053
062740906,831,791,1622
062740907,446,455,901
062740908,373,418,791
062740909,339,368,707
062740910,587,604,1191
062740911,434,458,892
062740912,463,448,911
062740913,517,511,1028
062740914,526,527,1053
062740915,800,848,1648
062740916,456,449,905
062740917,582,590,1172
062740918,568,556,1124
062740919,740,661,1401
062740920,686,700,1386
062740921,640,666,1306
062740922,552,538,1090
062741001,685,610,1295
062741002,586,518,1104
062741003,780,787,1567
062741004,567,535,1102
062741005,417,468,885
062741006,494,494,988
062741007,719,706,1425
062741008,698,730,1428
062741009,558,551,1109
062741010,577,510,1087
062741011,420,356,776
062741012,623,568,1191
062741013,310,281,591
062741014,516,455,971
062741015,3647,571,4218
062741101,488,491,979
062741102,578,609,1187
062741103,560,581,1141
062741104,532,573,1105
062741105,791,796,1587
062741106,1135,1074,2209
062741107,625,607,1232
062741108,568,618,1186
062741109,982,1022,2004
062741110,1026,994,2020
062741111,508,512,1020
062741112,575,581,1156
062741113,574,581,1155
062741114,621,601,1222
062741115,585,616,1201
062741116,559,550,1109
062741117,785,789,1574
062741118,548,525,1073
062741201,707,757,1464
062741202,423,452,875
062741203,484,557,1041
062741204,320,378,698
062741205,312,323,635
062741206,333,360,693
062741207,396,430,826
062741208,780,818,1598
062741209,756,750,1506
062741210,555,587,1142
062741211,679,694,1373
062741212,785,798,1583
062741213,426,461,887
062741214,444,431,875
062741215,707,684,1391
062741216,664,597,1261
062741217,585,622,1207
062741301,656,669,1325
062741302,315,325,640
062741303,361,399,760
062741304,411,415,826
062741305,424,476,900
062741306,724,718,1442
062741307,455,486,941
062741308,416,436,852
062741309,559,544,1103
062741310,409,408,817
062741311,421,472,893
062741312,599,646,1245
062741313,246,281,527
062741314,250,300,550
062741315,260,330,590
062741316,401,424,825
062741317,680,758,1438
062741401,638,668,1306
062741402,477,535,1012
062741403,242,304,546
062741404,402,419,821
062741405,503,576,1079
062741406,244,272,516
062741407,278,356,634
062741408,409,485,894
062741409,499,556,1055
062741410,374,429,803
062741411,485,592,1077
062741501,675,692,1367
062741502,636,617,1253
062741503,503,498,1001
062741504,775,812,1587
062741505,364,404,768
062741506,365,415,780
062741507,544,551,1095
062741508,536,524,1060
062741509,467,490,957
062741510,810,795,1605
062741511,461,437,898
062741512,463,485,948
062741513,545,586,1131
062741514,465,481,946
062741515,407,451,858
062741516,591,612,1203
062741517,746,717,1463
062741518,704,743,1447
062741601,783,754,1537
062741602,854,840,1694
062741603,788,744,1532
062741604,1020,986,2006
062741605,435,463,898
062741606,568,598,1166
062741607,528,511,1039
062741608,511,541,1052
062741609,441,434,875
062741610,612,626,1238
062741611,433,439,872
062741612,543,527,1070
062741613,714,705,1419
062741614,563,545,1108
062741701,338,376,714
062741702,391,435,826
062741703,510,588,1098
062741704,576,603,1179
062741705,515,553,1068
062741706,613,611,1224
062741707,422,421,843
062741708,366,390,756
062741709,574,559,1133
062741710,635,605,1240
062741711,433,411,844
062741712,476,470,946
062741713,598,605,1203
062741714,622,679,1301
062741801,899,880,1779
062741802,600,544,1144
062741803,526,520,1046
062741804,508,498,1006
062741805,555,545,1100
062741806,929,914,1843
062741807,828,852,1680
062741808,564,562,1126
062741809,679,646,1325
062741810,663,730,1393
062741811,830,820,1650
062741812,407,374,781
062741813,628,594,1222
062741814,515,488,1003
062741815,399,426,825
062741816,789,804,1593
062741817,724,688,1412
062741818,929,891,1820
062741901,556,602,1158
062741902,770,797,1567
062741903,652,601,1253
062741904,833,767,1600
062741905,1050,976,2026
062741906,774,796,1570
062741907,880,893,1773
062741908,471,463,934
062741909,458,454,912
062741910,913,888,1801
062741911,933,949,1882
062741912,790,808,1598
062741913,555,545,1100
062742001,922,920,1842
062742002,787,815,1602
062742003,664,625,1289
062742004,1294,1216,2510
062742005,948,931,1879
062742006,805,796,1601
062742007,1127,1071,2198
062742008,602,609,1211
062742009,551,591,1142
062742010,589,565,1154
062742011,612,615,1227
062742012,684,701,1385
062742013,790,810,1600
062742014,128,125,253
062742015,26,22,48
062742016,634,596,1230
062742101,309,370,679
062742102,365,382,747
062742103,757,780,1537
062742104,686,661,1347
062742105,808,886,1694
062742106,988,1130,2118
062742107,941,1092,2033
062742108,990,1018,2008
062742109,555,542,1097
062742110,469,494,963
062742111,486,493,979
062742112,433,451,884
062742113,733,726,1459
062742114,559,606,1165
062742115,789,796,1585
062742116,460,485,945
062742117,784,755,1539
062742118,693,679,1372
062742119,628,628,1256
062742120,422,407,829
062742121,406,401,807
062742122,503,517,1020
062742123,541,615,1156
062742201,484,465,949
062742202,498,551,1049
062742203,821,871,1692
062742204,509,489,998
062742205,505,488,993
062742206,654,636,1290
062742207,79,78,157
062742208,165,180,345
062742209,285,270,555
062742210,622,633,1255
062742211,818,738,1556
062742212,448,448,896
063710101,640,661,1301
063710102,471,490,961
063710103,790,765,1555
063710104,394,428,822
063710105,372,347,719
063710106,305,349,654
063710107,222,196,418
063710108,251,230,481
063710109,626,687,1313
063710110,981,870,1851
063710111,40,33,73
063710201,664,723,1387
063710202,637,724,1361
063710203,586,627,1213
063710204,690,735,1425
063710205,974,983,1957
063710206,507,571,1078
063710207,374,429,803
063710208,426,457,883
063710209,553,628,1181
063710210,627,650,1277
063710211,415,444,859
063710212,388,412,800
063710301,571,717,1288
063710302,387,446,833
063710303,239,295,534
063710304,711,784,1495
063710305,509,521,1030
063710306,555,581,1136
063710307,485,521,1006
063710308,638,646,1284
063710309,518,622,1140
063710310,378,466,844
063710311,544,620,1164
063710312,210,225,435
063710313,324,367,691
063710314,307,355,662
063710315,474,556,1030
063710401,620,758,1378
063710402,515,583,1098
063710403,379,407,786
063710404,290,338,628
063710405,509,539,1048
063710406,610,678,1288
063710407,494,575,1069
063710408,265,286,551
063710501,448,481,929
063710502,492,571,1063
063710503,238,267,505
063710504,326,368,694
063710505,385,398,783
063710506,513,611,1124
063710507,386,442,828
063710508,301,341,642
063710509,556,629,1185
063710510,580,624,1204
063710601,339,362,701
063710602,375,396,771
063710603,471,497,968
063710604,340,353,693
063710605,383,419,802
063710606,442,479,921
063710607,448,493,941
063710608,422,415,837
063710609,729,769,1498
063710610,778,781,1559
063710611,808,816,1624
063710612,432,490,922
063710701,429,506,935
063710702,897,987,1884
063710703,605,646,1251
063710704,692,681,1373
063710705,513,572,1085
063710706,782,777,1559
063710707,873,926,1799
063710708,347,381,728
063710709,557,604,1161
063710710,304,332,636
063710711,336,368,704
063710712,474,487,961
063710713,369,437,806
063710801,736,756,1492
063710802,547,605,1152
063710803,436,522,958
063710804,461,512,973
063710805,402,452,854
063710806,611,683,1294
063710807,358,416,774
063710808,500,551,1051
063710809,518,555,1073
063710810,464,513,977
063710811,430,485,915
063710812,499,536,1035
063710901,568,613,1181
063710902,524,612,1136
063710903,361,441,802
063710904,301,367,668
063710905,444,479,923
063710906,671,796,1467
063710907,487,517,1004
063710908,516,613,1129
063710909,549,625,1174
063710910,523,550,1073
063710911,251,276,527
063710912,308,374,682
063710913,354,377,731
063710914,478,549,1027
063710915,297,311,608
063710916,296,331,627
063710917,475,549,1024
063711001,410,438,848
063711002,513,583,1096
063711003,478,525,1003
063711004,253,309,562
063711005,325,349,674
063711006,543,575,1118
063711007,588,651,1239
063711008,388,439,827
063711009,409,448,857
063711010,471,510,981
063711011,378,468,846
063711012,191,185,376
063711013,651,691,1342
063711014,385,458,843
063711015,400,532,932
063711016,263,308,571
063711101,321,399,720
063711102,251,411,662
063711103,337,450,787
063711104,303,405,708
063711105,254,318,572
063711106,240,290,530
063711107,457,550,1007
063711108,252,298,550
063711109,230,256,486
063711110,566,598,1164
063711201,487,584,1071
063711202,391,426,817
063711203,268,307,575
063711204,531,563,1094
063711205,261,275,536
063711206,241,280,521
063711207,402,433,835
063711208,583,635,1218
063711209,322,357,679
063711210,275,374,649
063711301,466,544,1010
063711302,481,500,981
063711303,599,618,1217
063711304,461,531,992
063711305,436,523,959
063711306,528,613,1141
063711307,544,604,1148
063711308,428,475,903
063711309,581,688,1269
063711310,570,611,1181
063711311,453,469,922
063711312,551,546,1097
063711401,578,670,1248
063711402,400,453,853
063711403,260,346,606
063711404,473,515,988
063711405,383,374,757
063711406,721,764,1485
063711407,454,425,879
063711408,537,520,1057
063711409,475,480,955
063711410,452,451,903
063711411,436,475,911
063711412,405,455,860
063711413,366,408,774
063711414,611,612,1223
063711501,162,142,304
063711502,463,509,972
063711503,767,764,1531
063711504,285,295,580
063711505,1251,1257,2508
063711506,789,792,1581
063711507,421,403,824
063711508,382,372,754
063711509,337,335,672
063711510,226,220,446
063711511,644,669,1313
063711512,521,531,1052
063711513,404,500,904
063711514,474,542,1016
063711601,503,482,985
063711602,408,359,767
063711603,367,362,729
063711604,681,651,1332
063711605,204,193,397
063711606,325,331,656
063711607,347,376,723
063711608,516,553,1069
063711609,540,546,1086
063711610,393,468,861
063711611,480,514,994
063711612,140,171,311
063711613,519,581,1100
063711614,436,454,890
063711701,508,570,1078
063711702,430,529,959
063711703,441,493,934
063711704,461,499,960
063711705,371,406,777
063711706,434,475,909
063711707,424,434,858
063711708,399,455,854
063711709,413,495,908
063711710,616,696,1312
063711711,487,532,1019
063711712,376,403,779
063711713,539,595,1134
063711714,492,527,1019
063711801,536,591,1127
063711802,280,351,631
063711803,440,502,942
063711804,491,519,1010
063711805,459,534,993
063711806,521,611,1132
063711807,544,606,1150
063711808,420,455,875
063711809,380,419,799
063711810,322,381,703
063711811,586,651,1237
063711812,328,386,714
063711813,663,755,1418
063711814,671,754,1425
063711815,668,755,1423
063711901,240,316,556
063711902,286,393,679
063711903,391,409,800
063711904,396,458,854
063711905,445,483,928
063711906,375,435,810
063711907,466,563,1029
063711908,437,488,925
063711909,474,556,1030
063712001,496,527,1023
063712002,532,602,1134
063712003,395,490,885
063712004,545,600,1145
063712005,380,424,804
063712006,498,564,1062
063712007,562,644,1206
063712008,301,350,651
063712101,548,540,1088
063712102,570,505,1075
063712103,267,315,582
063712104,219,255,474
063712105,591,646,1237
063712106,178,202,380
063712107,391,479,870
063712108,526,604,1130
063712109,396,437,833
063712110,446,488,934
063712111,473,571,1044
063712112,289,351,640
063712113,387,426,813
063712114,373,466,839
063712115,429,553,982
063712201,423,437,860
063712202,348,382,730
063712203,406,444,850
063712204,365,443,808
063712205,271,304,575
063712206,212,239,451
063712207,452,500,952
063712208,230,320,550
063712209,192,224,416
063712210,193,256,449
063712211,126,152,278
063712212,227,239,466
063712213,261,297,558
063712214,238,315,553
063712301,337,429,766
063712302,551,709,1260
063712303,157,198,355
063712304,262,301,563
063712305,219,285,504
063712306,321,372,693
063712307,314,389,703
063712308,382,493,875
063712309,241,334,575
063712310,206,239,445
063712311,426,324,750
063712312,366,291,657
063712313,386,328,714
063712314,409,485,894
063712315,595,685,1280
063712316,577,671,1248
063712317,383,406,789
063712401,520,593,1113
063712402,346,355,701
063712403,559,614,1173
063712404,242,260,502
063712405,297,319,616
063712406,314,306,620
063712407,304,342,646
063712408,287,318,605
063712501,394,402,796
063712502,428,527,955
063712503,260,285,545
063712504,451,485,936
063712505,494,532,1026
063712506,435,488,923
063712507,446,511,957
063712508,405,432,837
063712601,508,546,1054
063712602,345,444,789
063712603,443,526,969
063712604,477,491,968
063712605,275,354,629
063712606,524,539,1063
063712607,343,373,716
063712608,353,385,738
063712701,330,356,686
063712702,482,543,1025
063712703,881,883,1764
063712704,526,575,1101
063712705,422,472,894
063712706,244,286,530
063712707,255,299,554
063712708,307,329,636
063712801,338,325,663
063712802,64,62,126
063712803,38,51,89
063712804,165,152,317
063712805,102,91,193
063712806,477,536,1013
063712807,113,147,260
063712808,473,556,1029
063712901,386,401,787
063712902,218,274,492
063712903,285,344,629
063712904,418,489,907
063712905,580,633,1213
063712906,239,300,539
063712907,711,799,1510
063712908,891,1011,1902
063712909,452,485,937
063713001,406,443,849
063713002,591,649,1240
063713003,561,550,1111
063713004,379,392,771
063713005,396,441,837
063713006,578,661,1239
063713007,290,325,615
063713008,347,338,685
063713009,407,426,833
063713010,245,266,511
063713011,412,458,870
063713101,468,536,1004
063713102,293,348,641
063713103,566,655,1221
063713104,214,260,474
063713105,414,470,884
063713106,618,685,1303
063713107,394,455,849
063713108,416,472,888
063713201,134,133,267
063713202,689,750,1439
063713203,616,686,1302
063713204,631,624,1255
063713205,566,604,1170
063713206,455,512,967
063713207,437,488,925
063713208,703,802,1505
063713209,342,382,724
063713210,699,725,1424
063713211,693,682,1375
063713212,592,627,1219
063713213,598,604,1202
063713214,784,826,1610
063713215,458,471,929
063713301,472,506,978
063713302,807,838,1645
063713303,676,689,1365
063713304,469,508,977
063713305,594,686,1280
063713306,625,705,1330
063713307,523,513,1036
063713308,360,427,787
063713309,497,583,1080
063713310,234,263,497
063713401,365,408,773
063713402,573,625,1198
063713403,210,239,449
063713404,358,354,712
063713405,793,811,1604
063713406,430,457,887
063713407,496,543,1039
063713408,471,540,1011
063713409,335,370,705
063713501,561,641,1202
063713502,343,369,712
063713503,422,426,848
063713504,374,400,774
063713505,398,422,820
063713506,560,595,1155
063713507,81,72,153
063713508,130,112,242
063713509,96,76,172
063713510,491,504,995
063713511,832,765,1597
063713512,539,595,1134
063713513,528,550,1078
063713514,351,404,755
063713601,1168,1227,2395
063713602,585,626,1211
063713603,844,787,1631
063713604,924,938,1862
063713605,493,511,1004
063713606,560,521,1081
063713607,681,749,1430
063713608,502,549,1051
063713609,762,858,1620
063713610,515,550,1065
063713611,588,607,1195
063713701,518,507,1025
063713702,680,693,1373
063713703,388,393,781
063713704,250,256,506
063713705,366,348,714
063713706,398,423,821
063713707,800,809,1609
063713708,1166,1143,2309
063713709,871,887,1758
063713710,827,824,1651
063713711,896,880,1776
063713712,689,668,1357
063713713,774,821,1595
063713714,631,691,1322
063713715,680,698,1378
063713716,775,843,1618
064080101,522,587,1109
064080102,365,439,804
064080103,514,566,1080
064080104,506,589,1095
064080105,616,634,1250
064080106,290,324,614
064080107,584,614,1198
064080108,685,723,1408
064080109,700,754,1454
064080110,364,371,735
064080111,844,936,1780
064080112,641,673,1314
064080113,642,683,1325
064080114,55,64,119
064080115,137,168,305
064080116,262,326,588
064080117,437,570,1007
064080201,545,563,1108
064080202,541,645,1186
064080203,575,626,1201
064080204,583,697,1280
064080205,326,375,701
064080206,416,478,894
064080207,635,656,1291
064080208,807,838,1645
064080209,746,865,1611
064080210,690,756,1446
064080211,484,539,1023
064080301,201,198,399
064080302,167,173,340
064080303,683,692,1375
064080304,499,527,1026
064080305,456,483,939
064080306,575,568,1143
064080307,879,934,1813
064080308,1124,1176,2300
064080309,487,527,1014
064080310,369,394,763
064080401,806,801,1607
064080402,1155,1187,2342
064080403,477,507,984
064080404,957,924,1881
064080405,614,649,1263
064080406,483,518,1001
064080407,725,758,1483
064080408,1001,1047,2048
064080409,685,709,1394
064080410,903,979,1882
064080411,530,595,1125
064080412,611,622,1233
064080501,448,479,927
064080502,581,577,1158
064080503,608,609,1217
064080504,577,550,1127
064080505,227,262,489
064080506,404,439,843
064080507,454,500,954
064080508,478,493,971
064080509,524,552,1076
064080510,416,398,814
064080511,410,427,837
064080512,364,406,770
064080601,598,636,1234
064080602,290,299,589
064080603,490,523,1013
064080604,382,424,806
064080605,519,555,1074
064080606,152,161,313
064080607,490,539,1029
064080608,384,462,846
064080609,467,505,972
064080701,484,517,1001
064080702,454,487,941
064080703,449,477,926
064080704,604,646,1250
064080705,478,544,1022
064080706,431,460,891
064080707,133,140,273
064080708,459,492,951
064080709,317,351,668
064080710,422,417,839
064080801,531,604,1135
064080802,583,574,1157
064080803,322,362,684
064080804,300,315,615
064080805,334,389,723
064080806,509,516,1025
064080807,403,458,861
064080808,427,482,909
064080809,371,400,771
064080810,507,529,1036
064080811,531,658,1189
064080812,340,381,721
064080813,455,460,915
064080814,749,770,1519
064080901,537,595,1132
064080902,357,374,731
064080903,419,464,883
064080904,349,398,747
064080905,506,531,1037
064080906,475,545,1020
064080907,684,786,1470
064080908,554,614,1168
064081001,464,535,999
064081002,471,506,977
064081003,653,738,1391
064081004,541,580,1121
064081005,645,744,1389
064081006,471,546,1017
064081007,644,686,1330
064081008,378,376,754
064081101,445,509,954
064081102,545,555,1100
064081103,418,517,935
064081104,524,556,1080
064081105,913,933,1846
064081106,503,569,1072
064081107,127,128,255
064081108,612,653,1265
064081109,140,145,285
064081110,340,350,690
064081111,126,129,255
064081201,1441,1652,3093
064081202,505,521,1026
064081203,558,589,1147
064081204,642,682,1324
064081205,824,867,1691
064081206,1055,1142,2197
064081207,621,651,1272
064081208,855,810,1665
064081209,469,498,967
064081301,706,764,1470
064081302,542,585,1127
064081303,570,604,1174
064081304,482,516,998
064081305,394,442,836
064081306,635,675,1310
064081307,574,623,1197
064081308,527,580,1107
064081309,553,538,1091
064081310,691,686,1377
064081311,616,662,1278
064081312,566,567,1133
064081313,381,411,792
064081401,555,645,1200
064081402,573,639,1212
064081403,605,694,1299
064081404,661,748,1409
064081405,286,305,591
064081406,403,381,784
064081407,355,395,750
064081408,358,409,767
064081409,395,453,848
064081410,415,461,876
064081411,485,497,982
064081412,471,493,964
064081413,490,507,997
064081501,610,613,1223
064081502,711,748,1459
064081503,80,95,175
064081504,579,644,1223
064081505,668,800,1468
064081506,123,150,273
064081507,439,467,906
064081508,373,392,765
064081509,514,542,1056
064081510,305,321,626
064081511,366,416,782
064081512,182,234,416
064081513,473,535,1008
064100101,661,735,1396
064100102,702,702,1404
064100103,684,698,1382
064100104,772,767,1539
064100105,432,442,874
064100106,371,367,738
064100107,371,392,763
064100108,746,680,1426
064100109,444,459,903
064100110,615,648,1263
064100111,1408,1453,2861
064100112,568,599,1167
064100113,327,316,643
064100201,460,466,926
064100202,491,535,1026
064100203,373,367,740
064100204,103,94,197
064100205,692,703,1395
064100206,156,157,313
064100207,370,416,786
064100208,703,750,1453
064100209,529,543,1072
064100210,422,462,884
064100301,832,930,1762
064100302,541,592,1133
064100303,400,412,812
064100304,600,603,1203
064100305,613,646,1259
064100306,491,488,979
064100307,482,517,999
064100308,469,489,958
064100309,755,823,1578
064100310,551,561,1112
064100311,441,419,860
064100312,253,255,508
064100401,647,668,1315
064100402,573,627,1200
064100403,607,669,1276
064100404,382,433,815
064100405,385,400,785
064100406,603,602,1205
064100407,397,427,824
064100408,448,479,927
064100409,838,885,1723
064100410,443,465,908
064100411,373,394,767
064100412,628,712,1340
064100413,515,517,1032
064100414,648,678,1326
064100415,148,155,303
064100416,260,289,549
064100501,396,440,836
064100502,517,520,1037
064100503,684,678,1362
064100504,426,422,848
064100505,545,530,1075
064100506,384,398,782
064100507,333,381,714
064100508,595,653,1248
064100509,586,584,1170
064100510,619,696,1315
064100511,491,530,1021
064100512,609,585,1194
064100513,625,672,1297
064100514,485,553,1038
064100515,1625,1052,2677
064100601,661,654,1315
064100602,599,668,1267
064100603,583,619,1202
064100604,497,554,1051
064100605,493,494,987
064100606,406,511,917
064100607,531,614,1145
064100608,622,698,1320
064100609,390,436,826
064100610,434,472,906
064100611,344,381,725
064100612,721,742,1463
064100613,654,756,1410
064100614,551,579,1130
064100615,442,518,960
064100701,302,352,654
064100702,263,296,559
064100703,397,489,886
064100704,620,681,1301
064100705,563,597,1160
064100706,390,415,805
064100707,762,738,1500
064100708,493,515,1008
064100709,472,474,946
064100710,610,636,1246
064100711,452,522,974
064100712,429,486,915
064100713,589,661,1250
064100714,524,554,1078
064100715,460,455,915
064100716,719,790,1509
064100801,344,340,684
064100802,393,408,801
064100803,628,655,1283
064100804,402,419,821
064100805,447,510,957
064100806,663,740,1403
064100807,561,617,1178
064100808,459,508,967
064100809,694,765,1459
064100901,577,740,1317
064100902,380,393,773
064100903,640,698,1338
064100904,561,580,1141
064100905,582,667,1249
064100906,456,488,944
064100907,388,475,863
064100908,391,439,830
064100909,364,445,809
064101001,599,658,1257
064101002,615,667,1282
064101003,532,563,1095
064101004,565,718,1283
064101005,465,540,1005
064101006,436,480,916
064101007,697,766,1463
064101008,475,491,966
064101009,494,583,1077
064101010,481,566,1047
064101101,461,527,988
064101102,455,568,1023
064101103,383,448,831
064101104,385,457,842
064101105,261,309,570
064101106,298,296,594
064101107,428,439,867
064101108,435,444,879
064101109,514,569,1083
064101110,502,536,1038
064101111,447,562,1009
064101201,411,498,909
064101202,439,533,972
064101203,261,333,594
064101204,328,374,702
064101205,380,409,789
064101206,393,416,809
064101207,350,396,746
064101208,234,285,519
064101209,338,364,702
064101210,788,646,1434
064101211,409,480,889
064101212,474,497,971
064101213,685,784,1469
064101301,619,643,1262
064101302,363,409,772
064101303,340,362,702
064101304,334,361,695
064101305,373,416,789
064101306,701,735,1436
064101307,761,820,1581
064101308,433,468,901
064101309,421,439,860
064101310,371,434,805
064101311,508,523,1031
064120101,366,359,725
064120102,289,278,567
064120103,107,116,223
064120104,322,290,612
064120105,201,181,382
064120106,538,497,1035
064120107,161,182,343
064120108,242,230,472
064120109,561,638,1199
064120110,713,721,1434
064120111,410,380,790
064120112,680,622,1302
064120113,616,632,1248
064120114,646,615,1261
064120115,525,594,1119
064120116,915,892,1807
064120117,932,913,1845
064120118,991,892,1883
064120201,234,216,450
064120202,576,607,1183
064120203,572,651,1223
064120204,761,773,1534
064120205,729,746,1475
064120206,514,486,1000
064120207,610,636,1246
064120208,617,655,1272
064120209,691,747,1438
064120210,488,571,1059
064120211,458,520,978
064120301,704,694,1398
064120302,804,825,1629
064120303,701,751,1452
064120304,682,713,1395
064120305,646,719,1365
064120306,463,499,962
064120307,669,699,1368
064120308,512,552,1064
064120309,450,527,977
064120310,508,615,1123
064120311,568,635,1203
064120312,228,256,484
064120313,314,342,656
064120401,694,708,1402
064120402,636,636,1272
064120403,759,770,1529
064120404,795,874,1669
064120405,462,483,945
064120406,499,511,1010
064120407,577,607,1184
064120408,366,338,704
064120409,320,383,703
064120410,655,671,1326
064120411,643,666,1309
064120412,793,861,1654
064120501,355,395,750
064120502,508,559,1067
064120503,532,577,1109
064120504,380,394,774
064120505,310,335,645
064120506,324,357,681
064120507,536,557,1093
064120508,580,634,1214
064120509,757,777,1534
064120510,715,745,1460
064120511,561,583,1144
064120512,519,546,1065
064120513,631,683,1314
064120514,446,512,958
064120601,248,271,519
064120602,394,485,879
064120603,383,471,854
064120604,421,526,947
064120605,357,409,766
064120606,599,611,1210
064120607,673,695,1368
064120608,785,848,1633
064120609,512,507,1019
064120610,482,465,947
064120611,820,908,1728
064120612,575,640,1215
064120613,525,582,1107
064120701,721,737,1458
064120702,730,767,1497
064120703,770,779,1549
064120704,548,533,1081
064120705,484,486,970
064120706,418,499,917
064120707,413,445,858
064120708,538,567,1105
064120709,302,341,643
064120710,701,741,1442
064120711,698,698,1396
064120712,661,682,1343
064120713,701,699,1400
064120714,540,573,1113
064120715,492,491,983
064120716,539,497,1036
064120717,513,535,1048
064120801,808,790,1598
064120802,659,695,1354
064120803,370,382,752
064120804,429,451,880
064120805,392,429,821
064120806,618,639,1257
064120807,544,559,1103
064120808,487,491,978
064120809,599,617,1216
064120810,581,631,1212
064120811,509,584,1093
064120812,537,559,1096
064120813,756,769,1525
064120814,669,666,1335
064120815,541,570,1111
064120901,473,449,922
064120902,549,565,1114
064120903,776,727,1503
064120904,785,718,1503
064120905,721,733,1454
064120906,133,142,275
064120907,280,247,527
064120908,752,742,1494
064120909,713,721,1434
064120910,771,693,1464
064120911,850,805,1655
064120912,493,468,961
064120913,495,500,995
064120914,842,876,1718
064120915,759,730,1489
064120916,432,449,881
064120917,461,403,864
064120918,808,814,1622
064121001,758,792,1550
064121002,691,730,1421
064121003,813,784,1597
064121004,833,928,1761
064121005,772,718,1490
064121006,657,677,1334
064121007,625,596,1221
064121008,760,729,1489
064121009,498,527,1025
064121010,605,610,1215
064121011,608,643,1251
064121012,477,463,940
064121013,510,480,990
064121014,789,783,1572
064121015,606,636,1242
064121016,726,779,1505
064121017,1003,1040,2043
064121018,704,778,1482
064121019,840,917,1757
064121020,799,826,1625
064121021,673,716,1389
064121101,788,786,1574
064121102,606,627,1233
064121103,909,926,1835
064121104,491,528,1019
064121105,781,821,1602
064121106,661,663,1324
064121107,546,536,1082
064121108,556,505,1061
064121109,568,535,1103
064121110,436,435,871
064121111,541,579,1120
064121112,469,464,933
064121113,514,476,990
064121114,484,456,940
064121115,661,671,1332
064121116,574,600,1174
064121117,430,417,847
064121118,677,689,1366
064121119,822,806,1628
064121120,976,988,1964
064121201,600,626,1226
064121202,678,681,1359
064121203,830,764,1594
064121204,835,838,1673
064121205,893,890,1783
064121206,672,718,1390
064121207,886,867,1753
064121208,702,767,1469
064121209,811,770,1581
064121301,671,672,1343
064121302,710,750,1460
064121303,455,394,849
064121304,491,480,971
064121305,893,963,1856
064121306,832,884,1716
064121307,671,631,1302
064121308,809,801,1610
064121309,505,528,1033
064121310,423,434,857
064121311,605,595,1200
064121312,830,826,1656
064121401,419,434,853
064121402,575,584,1159
064121403,896,914,1810
064121404,543,528,1071
064121405,572,590,1162
064121406,730,747,1477
064121407,721,795,1516
064121408,793,836,1629
064121409,613,616,1229
064121410,652,651,1303
064121411,689,730,1419
064121412,788,765,1553
064121413,559,567,1126
064121501,464,457,921
064121502,784,793,1577
064121503,851,889,1740
064121504,678,715,1393
064121505,467,464,931
064121506,561,537,1098
064121507,560,572,1132
064121508,512,524,1036
064121509,511,534,1045
064121510,541,528,1069
064121511,671,714,1385
064121512,900,936,1836
064270101,178,236,414
064270102,148,216,364
064270103,436,595,1031
064270104,126,137,263
064270105,97,132,229
064270106,440,590,1030
064270107,413,538,951
064270108,291,364,655
064270109,305,290,595
064270110,366,432,798
064270111,407,490,897
064270112,320,366,686
064270113,375,427,802
064270201,314,428,742
064270202,299,301,600
064270203,136,173,309
064270204,270,408,678
064270205,222,267,489
064270206,181,193,374
064270207,248,315,563
064270208,293,331,624
064270209,296,357,653
064270210,310,364,674
064270211,90,108,198
064270212,324,367,691
064270213,230,297,527
064270214,228,260,488
064270215,213,231,444
064270216,173,205,378
064270217,299,327,626
064270218,364,437,801
064270301,258,343,601
064270302,381,460,841
064270303,240,309,549
064270304,274,319,593
064270305,337,372,709
064270306,452,574,1026
064270307,341,403,744
064270308,339,384,723
064270309,257,319,576
064270310,342,469,811
064270311,426,470,896
064270312,424,530,954
064270401,455,486,941
064270402,548,603,1151
064270403,696,709,1405
064270404,387,458,845
064270405,455,560,1015
064270406,483,510,993
064270407,473,522,995
064270408,513,549,1062
064270409,642,679,1321
064270501,796,865,1661
064270502,419,459,878
064270503,427,447,874
064270504,661,718,1379
064270505,649,730,1379
064270506,582,681,1263
064270507,656,750,1406
064270508,323,376,699
064270509,326,383,709
064270510,426,474,900
064270511,460,516,976
064270601,520,591,1111
064270602,802,873,1675
064270603,528,524,1052
064270604,881,991,1872
064270605,280,327,607
064270606,328,357,685
064270607,318,369,687
064270608,297,295,592
064270609,536,600,1136
064270610,360,373,733
064270611,336,363,699
064270612,398,404,802
064270613,370,453,823
064270614,356,449,805
064270701,570,665,1235
064270702,589,670,1259
064270703,494,515,1009
064270704,503,575,1078
064270705,563,627,1190
064270706,412,427,839
064270707,300,324,624
064270708,400,435,835
064270709,436,483,919
064270710,845,927,1772
064270711,517,568,1085
064270712,664,705,1369
064270713,525,519,1044
064270801,663,716,1379
064270802,619,724,1343
064270803,546,590,1136
064270804,716,792,1508
064270805,562,644,1206
064270806,777,806,1583
064270807,625,646,1271
064270808,343,364,707
064270809,327,345,672
064270810,787,840,1627
064270811,627,700,1327
064270812,768,744,1512
064270901,729,765,1494
064270902,653,654,1307
064270903,981,995,1976
064270904,987,1048,2035
064270905,752,827,1579
064270906,970,969,1939
064270907,634,659,1293
064270908,521,583,1104
064270909,336,322,658
064270910,577,598,1175
064270911,570,609,1179
064270912,585,587,1172
064271001,690,800,1490
064271002,399,464,863
064271003,409,428,837
064271004,675,733,1408
064271005,669,679,1348
064271006,538,625,1163
064271007,639,691,1330
064271008,604,677,1281
064271009,777,814,1591
064271010,351,366,717
064271011,274,319,593
064271012,609,698,1307
064271101,623,674,1297
064271102,547,631,1178
064271103,759,761,1520
064271104,506,579,1085
064271105,477,564,1041
064271106,604,671,1275
064271107,529,557,1086
064271108,669,695,1364
064271109,604,661,1265
064271110,411,461,872
064271111,357,465,822
064271201,710,741,1451
064271202,619,716,1335
064271203,258,285,543
064271204,324,354,678
064271205,593,642,1235
064271206,630,662,1292
064271207,392,372,764
064271208,312,342,654
064271209,348,421,769
064271210,349,386,735
064271301,672,693,1365
064271302,736,755,1491
064271303,491,500,991
064271304,931,992,1923
064271305,913,967,1880
064271306,445,438,883
064271307,392,425,817
064271308,492,505,997
064271309,498,564,1062
064271310,637,698,1335
064271311,655,696,1351
064271401,588,629,1217
064271402,571,605,1176
064271403,619,651,1270
064271404,678,660,1338
064271405,832,848,1680
064271406,240,276,516
064271407,936,1108,2044
064271408,1823,1782,3605
064271409,657,677,1334
064271410,1429,1475,2904
064271411,1490,1501,2991
064271412,445,448,893
064271413,1242,1292,2534
064271414,285,284,569
064271415,432,500,932
064271416,652,676,1328
064271417,432,448,880
064271418,382,401,783
064271419,535,540,1075
064271420,354,408,762
064271501,408,510,918
064271502,403,438,841
064271503,327,391,718
064271504,539,664,1203
064271505,384,440,824
064271506,443,531,974
064271507,374,438,812
064271508,426,427,853
064271509,375,422,797
064271510,414,413,827
064271511,383,371,754
064271512,627,673,1300
064271513,340,405,745
064271514,605,569,1174
064271515,471,513,984
064271601,631,673,1304
064271602,598,691,1289
064271603,632,705,1337
064271604,598,627,1225
064271605,1062,1061,2123
064271606,699,715,1414
064271607,666,703,1369
064271608,447,493,940
064271609,665,736,1401
064271610,388,389,777
064271611,502,594,1096
064271612,478,555,1033
064271613,248,250,498
064271701,588,610,1198
064271702,408,464,872
064271703,705,679,1384
064271704,421,495,916
064271705,446,463,909
064271706,498,506,1004
064271707,2881,2971,5852
064271708,980,1116,2096
064271709,483,598,1081
064271710,1094,1173,2267
064271711,2217,2222,4439
064271801,912,939,1851
064271802,1024,1055,2079
064271803,695,710,1405
064271804,1387,1506,2893
064271805,2255,2449,4704
064271806,109,114,223
064271807,1202,1258,2460
064271808,1149,1228,2377
064271809,1500,1542,3042
064271810,956,957,1913
064271811,934,896,1830
064271812,182,185,367
064271813,2486,2571,5057
064271901,352,462,814
064271902,333,356,689
064271903,764,749,1513
064271904,465,473,938
064271905,376,395,771
064271906,647,663,1310
064271907,571,609,1180
064271908,613,706,1319
064271909,656,716,1372
064271910,493,555,1048
064272001,566,519,1085
064272002,432,450,882
064272003,429,475,904
064272004,354,363,717
064272005,258,276,534
064272006,545,568,1113
064272007,347,390,737
064272008,365,409,774
064272009,421,530,951
064272010,508,533,1041
064272011,658,744,1402
064272012,179,225,404
064272013,296,361,657
064272014,1329,1435,2764
064272015,624,672,1296
064272016,1197,1335,2532
064272101,703,792,1495
064272102,765,836,1601
064272103,827,879,1706
064272104,773,846,1619
064272105,500,541,1041
064272106,605,612,1217
064272107,473,519,992
064272108,625,656,1281
064272201,448,468,916
064272202,352,404,756
064272203,689,735,1424
064272204,659,679,1338
064272205,524,536,1060
064272206,567,569,1136
064272207,645,687,1332
064272208,468,479,947
064272209,586,622,1208
064272301,206,220,426
064272302,531,628,1159
064272303,888,984,1872
064272304,819,890,1709
064272305,555,627,1182
064272306,608,700,1308
064272307,591,668,1259
064272308,721,789,1510
064272309,931,995,1926
064272310,830,837,1667
064272311,865,931,1796
064272401,604,659,1263
064272402,427,438,865
064272403,1142,1126,2268
064272404,514,539,1053
064272405,1065,1123,2188
064272406,575,605,1180
064272407,898,951,1849
064272408,544,620,1164
064272409,554,631,1185
064272410,451,503,954
064272501,334,359,693
064272502,423,430,853
064272503,564,595,1159
064272504,476,532,1008
064272505,1083,1086,2169
064272506,445,503,948
064272507,270,307,577
064272508,236,273,509
064272509,543,570,1113
064272510,1939,1988,3927
064272511,1481,1509,2990
064272512,1616,1677,3293
064272513,257,286,543
064272514,269,274,543
064272515,484,471,955
064272601,292,364,656
064272602,505,539,1044
064272603,645,727,1372
064272604,651,712,1363
064272605,512,559,1071
064272606,350,380,730
064272607,740,849,1589
064272608,521,613,1134
064272609,575,626,1201
064272610,473,537,1010
064272611,583,650,1233
064272701,834,919,1753
064272702,282,304,586
064272703,366,412,778
064272704,369,410,779
064272705,373,443,816
064272706,482,548,1030
064272707,558,619,1177
064272708,569,596,1165
064272709,660,735,1395
064272801,492,579,1071
064272802,319,397,716
064272803,382,422,804
064272804,403,427,830
064272805,357,410,767
064272806,553,640,1193
064272807,511,585,1096
064272808,427,457,884
064272809,353,399,752
064272810,570,653,1223
064272811,454,534,988
064272812,502,584,1086
064272901,541,624,1165
064272902,494,583,1077
064272903,311,360,671
064272904,339,376,715
064272905,448,505,953
064272906,440,504,944
064272907,631,685,1316
064272908,607,702,1309
064272909,252,291,543
064272910,277,304,581
064272911,649,694,1343
064272912,601,697,1298
064272913,464,540,1004
064272914,579,627,1206
064273001,311,407,718
064273002,509,593,1102
064273003,317,378,695
064273004,276,373,649
064273005,194,228,422
064273006,375,497,872
064273007,390,468,858
064273008,187,232,419
064273009,188,264,452
064273010,358,362,720
064273011,158,203,361
064273012,278,334,612
064273013,443,514,957
064273101,291,353,644
064273102,394,459,853
064273103,489,583,1072
064273104,399,494,893
064273105,583,693,1276
064273106,474,550,1024
064273107,373,425,798
064273108,210,255,465
064273109,377,371,748
064273110,388,420,808
064273201,315,385,700
064273202,375,446,821
064273203,324,385,709
064273204,341,395,736
064273205,533,613,1146
064273206,373,394,767
064273207,496,583,1079
064273208,627,675,1302
064273209,289,319,608
064273210,289,341,630
064273211,352,393,745
064273212,306,344,650
064273301,328,362,690
064273302,517,611,1128
064273303,303,362,665
064273304,180,210,390
064273305,293,319,612
064273306,227,262,489
064273307,280,316,596
064273308,409,436,845
064273309,357,408,765
064273310,455,505,960
064273311,458,515,973
064273312,736,821,1557
064273313,428,491,919
064273314,563,663,1226
064273315,382,467,849
064273401,518,533,1051
064273402,413,439,852
064273403,699,805,1504
064273404,451,502,953
064273405,475,557,1032
064273406,933,964,1897
064273407,513,624,1137
064273408,439,519,958
064273409,583,642,1225
064273410,367,383,750
064273411,320,380,700
064273412,680,773,1453
064273413,429,486,915
064273414,451,490,941
064273415,617,711,1328
064273501,571,622,1193
064273502,354,421,775
064273503,330,407,737
064273504,323,399,722
064273505,463,564,1027
064273506,606,643,1249
064273507,334,390,724
064273508,542,597,1139
064273509,671,767,1438
064273510,350,394,744
064273511,592,664,1256
064273512,560,629,1189
064273513,385,451,836
064273601,340,369,709
064273602,471,549,1020
064273603,363,408,771
064273604,317,387,704
064273605,339,377,716
064273606,410,433,843
064273607,211,261,472
064273608,214,199,413
064273609,493,556,1049
064273610,411,463,874
064273611,446,491,937
064273612,252,278,530
064273701,280,281,561
064273702,354,331,685
064273703,328,348,676
064273704,641,747,1388
064273705,440,478,918
064273706,814,922,1736
064273707,690,763,1453
064273708,592,576,1168
064273709,732,773,1505
064273710,980,1069,2049
064273801,654,741,1395
064273802,746,713,1459
064273803,1094,1205,2299
064273804,482,462,944
064273805,548,567,1115
064273806,515,557,1072
064273807,648,725,1373
064273808,623,705,1328
064273809,271,271,542
064273810,651,677,1328
064273901,880,855,1735
064273902,614,619,1233
064273903,454,444,898
064273904,669,756,1425
064273905,720,764,1484
064273906,482,523,1005
064273907,495,546,1041
064273908,60,35,95
064273909,674,721,1395
064273910,549,577,1126
064273911,606,596,1202
064274001,641,705,1346
064274002,834,893,1727
064274003,484,538,1022
064274004,809,887,1696
064274005,705,700,1405
064274006,668,737,1405
064274007,1706,1716,3422
064274008,1229,1258,2487
064274009,378,381,759
064274010,1027,1075,2102
064274011,850,915,1765
064274012,447,449,896
064274101,1117,1096,2213
064274102,1200,1313,2513
064274103,1075,1137,2212
064274104,691,686,1377
064274105,610,653,1263
064274106,864,837,1701
064274107,1981,1999,3980
064274108,1310,1318,2628
064274109,1208,1152,2360
064274110,675,615,1290
064274201,730,765,1495
064274202,826,928,1754
064274203,1130,1146,2276
064274204,1028,1124,2152
064274205,736,770,1506
064274206,494,555,1049
064274207,452,478,930
064274208,383,408,791
064274209,851,837,1688
064274210,383,434,817
064274211,484,526,1010
064274301,687,673,1360
064274302,664,735,1399
064274303,694,767,1461
064274304,543,603,1146
064274305,661,779,1440
064274306,810,812,1622
064274307,551,669,1220
064274308,534,607,1141
064274309,550,625,1175
064274310,478,516,994
064274311,503,535,1038
064274401,913,975,1888
064274402,468,513,981
064274403,719,782,1501
064274404,615,702,1317
064274405,299,318,617
064274406,399,424,823
064274407,299,357,656
064274408,336,382,718
064274409,330,393,723
064274410,472,527,999
064274411,308,351,659
064274412,701,757,1458
064274501,876,954,1830
064274502,595,626,1221
064274503,467,478,945
064274504,734,735,1469
064274505,483,519,1002
064274506,420,460,880
064274507,871,907,1778
064274508,859,904,1763
064274509,502,490,992
064274510,573,637,1210
064274511,570,612,1182
064274601,605,690,1295
064274602,507,489,996
064274603,1036,1075,2111
064274604,967,1083,2050
064274605,961,939,1900
064274606,998,1033,2031
064274607,643,669,1312
064274608,395,394,789
064274609,2150,2231,4381
064274610,565,573,1138
064274611,603,661,1264
064274612,753,799,1552
064274613,785,837,1622
064274701,487,497,984
064274702,671,716,1387
064274703,376,405,781
064274704,359,381,740
064274705,438,449,887
064274706,424,459,883
064274707,665,606,1271
064274708,459,461,920
064274709,363,431,794
064274710,561,569,1130
064274711,454,502,956
064274712,1294,1419,2713
064274801,507,509,1016
064274802,1031,1074,2105
064274803,848,909,1757
064274804,665,679,1344
064274805,417,506,923
064274806,1024,1147,2171
064274807,675,723,1398
064274808,863,950,1813
064274809,800,813,1613
064274810,861,884,1745
064274811,872,931,1803
064274812,889,975,1864
064274813,658,709,1367
064274814,829,895,1724
064274901,1042,1171,2213
064274902,561,597,1158
064274903,681,729,1410
064274904,768,819,1587
064274905,683,718,1401
064274906,1300,1410,2710
064274907,910,921,1831
064274908,716,774,1490
064274909,1065,1064,2129
064274910,805,807,1612
064274911,460,468,928
064274912,555,512,1067
064275001,679,700,1379
064275002,549,565,1114
064275003,599,625,1224
064275004,632,680,1312
064275005,567,610,1177
064275006,784,802,1586
064275007,633,687,1320
064275008,526,539,1065
064275009,477,557,1034
064275010,580,628,1208
064275011,641,699,1340
064275012,696,827,1523
064275013,452,468,920
064275101,559,577,1136
064275102,590,610,1200
064275103,473,503,976
064275104,500,540,1040
064275105,534,574,1108
064275106,470,480,950
064275107,596,625,1221
064275108,822,906,1728
064275109,642,670,1312
064275110,674,678,1352
064275111,573,618,1191
064275112,543,578,1121
064275113,716,777,1493
064275114,798,856,1654
064275115,174,156,330
064275201,917,1098,2015
064275202,974,1032,2006
064275203,710,712,1422
064275204,775,827,1602
064275205,879,877,1756
064275206,819,890,1709
064275207,706,714,1420
064275208,778,791,1569
064275209,998,1104,2102
064275210,645,678,1323
064275211,591,632,1223
064275212,831,797,1628
064275213,991,972,1963
064275301,1056,1150,2206
064275302,593,594,1187
064275303,513,503,1016
064275304,1062,1025,2087
064275305,1210,1199,2409
064275306,1063,1219,2282
064275307,870,967,1837
064275308,840,899,1739
064275309,369,406,775
064275310,956,1009,1965
064275401,822,903,1725
064275402,1075,1166,2241
064275403,638,685,1323
064275404,572,630,1202
064275405,532,572,1104
064275406,517,517,1034
064275407,824,798,1622
064275408,745,700,1445
064275409,894,849,1743
064275410,1910,1934,3844
064275411,638,629,1267
064275412,807,844,1651
064275501,415,483,898
064275502,375,419,794
064275503,371,425,796
064275504,432,473,905
064275505,691,818,1509
064275506,783,808,1591
064275507,409,431,840
064275508,566,590,1156
064275509,584,618,1202
064275510,837,815,1652
064275511,868,944,1812
064275512,912,1035,1947
064275513,795,853,1648
064275601,523,543,1066
064275602,890,873,1763
064275603,2787,3108,5895
064275604,468,468,936
064275605,479,573,1052
064275606,834,837,1671
064275607,339,367,706
064275608,536,624,1160
064275609,603,619,1222
064275610,654,731,1385
064275611,530,607,1137
064275612,639,776,1415
064275613,476,542,1018
064275701,638,700,1338
064275702,597,618,1215
064275703,523,572,1095
064275704,549,607,1156
064275705,620,612,1232
064275706,727,813,1540
064275707,742,767,1509
064275708,475,538,1013
064275709,371,359,730
064275710,548,569,1117
064275711,476,502,978
064275712,716,771,1487
064275713,824,852,1676
064275714,414,435,849
064275715,366,397,763
064275801,852,882,1734
064275802,774,782,1556
064275803,660,667,1327
064275804,693,711,1404
064275805,460,430,890
064275806,423,452,875
064275807,669,694,1363
064275808,840,853,1693
064275809,251,305,556
064275810,555,566,1121
064275811,443,423,866
064275812,478,499,977
064275813,498,538,1036
064275814,443,448,891
064275815,1181,1200,2381
064275901,991,991,1982
064275902,323,346,669
064275903,1001,1065,2066
064275904,486,537,1023
064275905,928,1004,1932
064275906,438,444,882
064275907,413,468,881
064275908,614,613,1227
064275909,438,475,913
064275910,594,609,1203
064275911,626,636,1262
064275912,525,519,1044
064275913,491,524,1015
064276001,921,1107,2028
064276002,696,862,1558
064276003,560,867,1427
064276004,572,639,1211
064276005,835,1066,1901
064276006,982,1189,2171
064276007,971,1041,2012
064276008,1052,1203,2255
064276009,893,1040,1933
064276010,704,854,1558
064276011,812,962,1774
064276012,565,762,1327
064276013,475,522,997
064276014,386,380,766
064276015,465,460,925
064276016,758,806,1564
064276017,518,542,1060
064276018,522,589,1111
064276101,939,1011,1950
064276102,1056,1134,2190
064276103,747,907,1654
064276104,960,992,1952
064276105,1157,1156,2313
064276106,848,798,1646
064276107,830,896,1726
064276108,909,963,1872
064276109,1046,1052,2098
064276110,1060,1150,2210
064276111,519,522,1041
064276112,545,591,1136
064276113,610,641,1251
064276114,682,690,1372
064276201,556,606,1162
064276202,759,882,1641
064276203,608,635,1243
064276204,621,625,1246
064276205,1251,1370,2621
064276206,618,654,1272
064276207,608,631,1239
064276208,423,406,829
064276209,609,696,1305
064276210,998,1055,2053
064276211,689,725,1414
064276212,589,606,1195
064276213,706,780,1486
064276214,412,445,857
064276215,533,567,1100
064276216,738,761,1499
064276301,850,961,1811
064276302,234,247,481
064276303,618,653,1271
064276304,554,598,1152
064276305,561,608,1169
064276306,741,838,1579
064276307,657,734,1391
064276308,777,878,1655
064276309,973,1139,2112
064276310,1241,1436,2677
064276311,1059,1186,2245
064276312,745,782,1527
064276401,515,541,1056
064276402,501,514,1015
064276403,876,908,1784
064276404,539,519,1058
064276405,695,679,1374
064276406,576,603,1179
064276407,921,935,1856
064276408,560,534,1094
064276409,860,901,1761
064276410,924,989,1913
064276411,440,484,924
064276412,701,723,1424
064276413,434,471,905
064276414,552,573,1125
064276415,791,850,1641
064276416,1129,1257,2386
064276417,437,509,946
064276501,1110,1088,2198
064276502,1012,1019,2031
064276503,706,725,1431
064276504,1120,1142,2262
064276505,467,516,983
064276506,687,799,1486
064276507,1020,954,1974
064276508,499,491,990
064276509,429,449,878
064276510,578,586,1164
064276511,1094,1077,2171
064276512,538,605,1143
064276513,556,542,1098
064276514,583,607,1190
064276515,787,746,1533
064276516,872,948,1820
064276517,974,995,1969
064276601,661,768,1429
064276602,642,648,1290
064276603,1151,1182,2333
064276604,806,892,1698
064276605,856,915,1771
064276606,564,586,1150
064276607,506,578,1084
064276608,608,646,1254
064276609,555,606,1161
064276610,638,657,1295
064276611,621,608,1229
064276701,682,741,1423
064276702,1038,1055,2093
064276703,572,573,1145
064276704,1828,1801,3629
064276705,745,723,1468
064276706,826,835,1661
064276707,677,690,1367
064276708,616,656,1272
064276709,581,570,1151
064276710,494,485,979
064276711,585,612,1197
064276712,801,870,1671
064276713,649,688,1337
064276714,636,605,1241
064276715,684,706,1390
064276716,636,706,1342
064276717,748,694,1442
064276718,851,909,1760
064276801,522,560,1082
064276802,662,721,1383
064276803,370,429,799
064276804,463,509,972
064276805,439,458,897
064276806,634,688,1322
064276807,505,497,1002
064276808,564,566,1130
064276809,558,573,1131
064276810,451,463,914
064276901,571,566,1137
064276902,757,796,1553
064276903,722,706,1428
064276904,755,793,1548
064276905,1452,1444,2896
064276906,643,638,1281
064276907,758,729,1487
064276908,548,638,1186
064276909,912,994,1906
064276910,301,370,671
064276911,396,430,826
064276912,439,505,944
064276913,804,818,1622
064276914,732,717,1449
064276915,754,739,1493
064276916,580,601,1181
064276917,719,745,1464
064277001,1046,1052,2098
064277002,664,670,1334
064277003,646,661,1307
064277004,937,957,1894
064277005,801,836,1637
064277006,592,634,1226
064277007,508,546,1054
064277008,823,801,1624
064277009,681,649,1330
064277010,542,550,1092
064277011,529,519,1048
064277012,820,809,1629
064277013,441,432,873
064277014,585,598,1183
064277015,423,502,925
064277016,471,484,955
064277017,472,492,964
064277018,448,432,880
064277101,664,642,1306
064277102,708,776,1484
064277103,506,506,1012
064277104,455,455,910
064277105,425,436,861
064277106,444,459,903
064277107,804,854,1658
064277108,437,438,875
064277109,445,494,939
064277110,389,413,802
064277111,556,530,1086
064277112,922,905,1827
064277113,815,822,1637
064277114,826,829,1655
064277115,708,738,1446
064277116,814,800,1614
064277201,1281,1312,2593
064277202,542,550,1092
064277203,465,517,982
064277204,632,680,1312
064277205,798,792,1590
064277206,534,508,1042
064277207,560,532,1092
064277208,511,479,990
064277209,650,623,1273
064277210,584,619,1203
064277211,891,914,1805
064277212,702,712,1414
064277301,885,942,1827
064277302,1021,1027,2048
064277303,687,701,1388
064277304,638,598,1236
064277305,772,806,1578
064277306,800,810,1610
064277307,1519,1723,3242
064277308,1002,987,1989
064277309,1016,1006,2022
064277310,1021,1007,2028
064277311,564,573,1137
064277312,607,625,1232
064277313,879,907,1786
064277314,650,655,1305
064277315,702,697,1399
064277316,701,639,1340
064277401,931,985,1916
064277402,1078,1132,2210
064277403,971,919,1890
064277404,837,920,1757
064277405,749,840,1589
064277406,938,1044,1982
064277407,845,838,1683
064277408,800,789,1589
064277409,477,547,1024
064277410,874,915,1789
064277411,1461,1646,3107
064277412,836,876,1712
064277413,570,607,1177
064277414,866,839,1705
064277415,771,804,1575
064277416,590,605,1195
064277417,671,664,1335
064277418,2272,2412,4684
064277501,1048,1140,2188
064277502,1323,1328,2651
064277503,792,806,1598
064277504,1119,1114,2233
064277505,1074,1007,2081
064277506,880,839,1719
064277507,826,851,1677
064277508,779,737,1516
064277509,663,697,1360
064277510,971,910,1881
064277511,983,979,1962
064277512,734,741,1475
064277513,760,769,1529
064277514,633,624,1257
064277515,759,753,1512
064277516,806,794,1600
064277601,889,905,1794
064277602,1081,1169,2250
064277603,1294,1290,2584
064277604,1020,1003,2023
064277605,918,953,1871
064277606,793,836,1629
064277607,1138,1180,2318
064277608,988,1005,1993
064277609,981,951,1932
064277610,950,979,1929
064277611,1164,1148,2312
064277612,1189,1183,2372
064277613,451,485,936
064277614,576,567,1143
064277615,1039,1016,2055
064277616,1015,1047,2062
064277617,580,573,1153
064277618,561,517,1078
064277701,707,734,1441
064277702,796,834,1630
064277703,909,939,1848
064277704,949,1001,1950
064277705,577,615,1192
064277706,938,952,1890
064277707,704,701,1405
064277708,534,559,1093
064277709,460,540,1000
064277710,862,855,1717
064277711,652,679,1331
064277712,950,959,1909
064277713,598,579,1177
064277714,546,535,1081
064277715,480,524,1004
064277716,494,542,1036
064277801,1665,1593,3258
064277802,1524,1502,3026
064277803,799,779,1578
064277804,622,652,1274
064277805,845,913,1758
064277806,617,602,1219
064277807,814,807,1621
064277808,535,565,1100
064277809,624,582,1206
064277810,764,688,1452
064277811,574,620,1194
064277812,794,831,1625
064277813,903,878,1781
064277901,1301,1285,2586
064277902,523,519,1042
064277903,585,672,1257
064277904,701,678,1379
064277905,939,906,1845
064277906,593,601,1194
064277907,472,481,953
064277908,474,528,1002
064277909,508,517,1025
064277910,813,844,1657
064277911,931,943,1874
064278001,1850,1987,3837
064278002,945,866,1811
064278003,1004,991,1995
064278004,529,535,1064
064278005,807,829,1636
064278006,974,904,1878
064278007,727,703,1430
064278008,892,876,1768
064278009,666,677,1343
064278010,404,418,822
064278011,516,518,1034
064278012,532,521,1053
064278013,453,453,906
064278014,566,594,1160
064278015,449,474,923
064278016,645,622,1267
064278101,932,987,1919
064278102,656,695,1351
064278103,786,742,1528
064278104,726,726,1452
064278105,535,481,1016
064278106,416,409,825
064278107,414,411,825
064278108,77,67,144
064278109,207,214,421
064278110,264,256,520
064278111,577,574,1151
064278112,131,144,275
064278201,1035,994,2029
064278202,622,629,1251
064278203,786,761,1547
064278204,579,638,1217
064278205,937,949,1886
064278206,1051,1019,2070
064278207,1028,1042,2070
064278208,865,894,1759
064278209,1637,1654,3291
064278210,715,730,1445
064278211,740,709,1449
064278212,586,576,1162
064278213,646,657,1303
064278301,654,693,1347
064278302,739,762,1501
064278303,763,846,1609
064278304,934,902,1836
064278305,1029,1088,2117
064278306,791,819,1610
064278307,595,583,1178
064278308,715,708,1423
064278309,689,696,1385
064278310,729,707,1436
064278311,629,657,1286
064278312,730,679,1409
064278313,814,886,1700
064278314,676,727,1403
064278401,473,462,935
064278402,537,513,1050
064278403,677,654,1331
064278404,796,824,1620
064278405,973,929,1902
064278406,601,626,1227
064278407,807,743,1550
064278408,813,838,1651
064278409,1182,1139,2321
064278410,726,701,1427
064278411,968,948,1916
064278412,733,719,1452
064278413,1012,1011,2023
064278414,467,425,892
064278415,1187,1173,2360
064278416,790,826,1616
064278417,866,903,1769
064278501,1111,1122,2233
064278502,1078,1029,2107
064278503,823,775,1598
064278504,574,604,1178
064278505,590,631,1221
064278506,691,768,1459
064278507,796,867,1663
064278508,399,462,861
064278509,890,904,1794
064278510,458,474,932
064278511,735,805,1540
064278512,804,785,1589
064278513,921,923,1844
064278601,649,699,1348
064278602,573,596,1169
064278603,644,673,1317
064278604,660,663,1323
064278605,576,592,1168
064278606,519,570,1089
064278607,797,828,1625
064278608,545,552,1097
064278609,577,636,1213
064278610,565,563,1128
064278611,630,641,1271
064278612,568,574,1142
064278613,696,784,1480
064278614,722,748,1470
064278701,627,628,1255
064278702,604,652,1256
064278703,504,472,976
064278704,705,712,1417
064278705,851,911,1762
064278706,519,569,1088
064278707,680,645,1325
064278708,872,824,1696
064278709,560,574,1134
064278710,656,649,1305
064278711,79,78,157
064278712,471,491,962
064278713,590,595,1185
064278714,558,550,1108
064278715,441,478,919
064278801,679,724,1403
064278802,1008,1059,2067
064278803,1045,1074,2119
064278804,962,1102,2064
064278805,1322,1269,2591
064278806,510,533,1043
064278807,607,654,1261
064278808,811,857,1668
064278809,828,798,1626
064278810,682,686,1368
064278811,365,386,751
064278812,536,616,1152
064278813,735,749,1484
064278901,1864,1936,3800
064278902,1284,1252,2536
064278903,1152,1141,2293
064278904,1183,1178,2361
064278905,1094,1069,2163
064278906,1003,1007,2010
064278907,1299,1172,2471
064278908,1098,1030,2128
064278909,521,550,1071
064278910,690,712,1402
064278911,1057,1031,2088
064278912,1107,1143,2250
064278913,1093,1069,2162
064278914,1248,1190,2438
064279001,807,849,1656
064279002,962,980,1942
064279003,403,482,885
064279004,636,639,1275
064279005,547,515,1062
064279006,677,614,1291
064279007,486,501,987
064279008,703,715,1418
064279009,1280,1336,2616
064279010,1216,1256,2472
064279011,549,547,1096
064279012,509,508,1017
064279013,470,484,954
064279014,696,693,1389
064279101,1152,1122,2274
064279102,560,543,1103
064279103,904,879,1783
064279104,708,725,1433
064279105,480,475,955
064279106,503,552,1055
064279107,592,611,1203
064279108,706,673,1379
064279109,574,547,1121
064279110,368,395,763
064279111,428,445,873
064279112,1389,930,2319
064279113,237,235,472
064279114,222,203,425
064279115,204,200,404
064279116,153,143,296
064279201,873,864,1737
064279202,889,888,1777
064279203,516,477,993
064279204,956,968,1924
064279205,894,912,1806
064279206,1067,1094,2161
064279207,1184,1160,2344
064279208,1048,1046,2094
064279209,951,933,1884
064279210,902,919,1821
064279211,848,898,1746
064279212,624,670,1294
064279213,667,702,1369
064279214,813,791,1604
064279215,502,497,999
064279216,690,720,1410
064279217,520,497,1017
064279218,450,429,879
064279219,800,817,1617
064279301,838,785,1623
064279302,974,846,1820
064279303,737,737,1474
064279304,861,818,1679
064279305,800,760,1560
064279306,1077,1034,2111
064279307,890,953,1843
064279308,897,866,1763
064279309,757,832,1589
064279310,739,803,1542
064279311,985,980,1965
064279312,769,827,1596
064279313,910,896,1806
064279314,871,922,1793
064279315,946,963,1909
064279401,979,1067,2046
064279402,899,945,1844
064279403,929,987,1916
064279404,993,1034,2027
064279405,1195,1178,2373
064279406,1334,1392,2726
064279407,687,680,1367
064279408,610,612,1222
064279409,786,786,1572
064279410,735,740,1475
064279411,874,829,1703
064279412,879,845,1724
064279413,788,765,1553
064279501,691,628,1319
064279502,876,861,1737
064279503,1032,1079,2111
064279504,1236,1210,2446
064279505,996,969,1965
064279506,895,869,1764
064279507,2395,2346,4741
064279508,1171,1127,2298
064279509,788,778,1566
064279510,863,878,1741
064279511,896,813,1709
064279512,1103,1128,2231
064279513,761,788,1549
064279514,801,785,1586
064279601,973,951,1924
064279602,837,844,1681
064279603,873,821,1694
064279604,1451,1407,2858
064279605,1075,1028,2103
064279606,992,1004,1996
064279607,690,659,1349
064279608,949,940,1889
064279609,1037,1017,2054
064279610,1124,1077,2201
064279611,609,666,1275
064279612,885,832,1717
064279613,75,77,152
064279614,976,926,1902
064279615,463,435,898
064279616,250,249,499
064279701,685,644,1329
064279702,2348,2255,4603
064279703,1095,1123,2218
064279704,917,940,1857
064279705,421,444,865
064279706,1042,1078,2120
064279707,952,922,1874
064279708,778,843,1621
064279709,552,537,1089
064279710,443,439,882
064279711,181,174,355
064279712,277,293,570
064279713,470,495,965
064279714,729,679,1408
064279715,372,398,770
064279716,318,283,601
064279717,576,531,1107
064279718,352,361,713
064279719,415,384,799
064279720,729,715,1444
064279721,628,588,1216
064279722,403,396,799
064279723,587,585,1172
064279724,473,424,897
064340101,942,924,1866
064340102,377,450,827
064340103,372,406,778
064340104,444,465,909
064340105,465,534,999
064340106,497,568,1065
064340107,383,404,787
064340108,426,451,877
064340109,334,377,711
064340110,435,487,922
064340111,400,487,887
064340201,364,398,762
064340202,87,90,177
064340203,373,452,825
064340204,313,334,647
064340205,333,445,778
064340206,355,444,799
064340207,84,81,165
064340208,268,293,561
064340209,64,86,150
064340210,250,293,543
064340211,462,530,992
064340212,396,438,834
064340301,444,541,985
064340302,352,415,767
064340303,714,815,1529
064340304,409,496,905
064340305,434,490,924
064340306,338,381,719
064340307,435,526,961
064340308,684,701,1385
064340309,709,776,1485
064340310,449,480,929
064340401,465,527,992
064340402,400,426,826
064340403,356,402,758
064340404,266,341,607
064340405,319,349,668
064340406,473,531,1004
064340407,326,330,656
064340408,188,206,394
064340409,258,291,549
064340410,470,529,999
064340501,598,656,1254
064340502,560,633,1193
064340503,364,392,756
064340504,371,464,835
064340505,491,536,1027
064340506,361,379,740
064340507,476,567,1043
064340508,432,462,894
064340601,433,541,974
064340602,450,495,945
064340603,515,559,1074
064340604,478,530,1008
064340605,357,438,795
064340606,517,558,1075
064340607,474,499,973
064340608,510,562,1072
064340609,604,600,1204
064340701,437,402,839
064340702,431,463,894
064340703,426,484,910
064340704,317,360,677
064340705,521,489,1010
064340706,239,260,499
064340707,1936,2133,4069
064340708,240,286,526
064340709,280,298,578
064340710,309,361,670
064340711,257,282,539
064340801,319,316,635
064340802,655,743,1398
064340803,350,387,737
064340804,503,554,1057
064340805,456,482,938
064340806,868,862,1730
064340807,445,428,873
064340808,167,182,349
064340809,537,528,1065
064340810,713,721,1434
064340811,613,637,1250
064340812,880,826,1706
064340813,581,629,1210
064340814,362,375,737
064340815,727,788,1515
064340816,637,724,1361
064340901,442,476,918
064340902,670,679,1349
064340903,676,701,1377
064340904,427,455,882
064340905,402,421,823
064340906,537,549,1086
064340907,511,540,1051
064340908,505,519,1024
064340909,585,589,1174
064340910,496,554,1050
064340911,422,429,851
064340912,449,479,928
064340913,500,496,996
064340914,675,709,1384
064340915,576,637,1213
064340916,575,567,1142
064340917,373,377,750
064340918,532,523,1055
064341001,485,520,1005
064341002,238,271,509
064341003,270,330,600
064341004,324,381,705
064341005,360,365,725
064341006,496,536,1032
064341007,506,543,1049
064341008,502,570,1072
064341009,560,591,1151
064341010,598,599,1197
064341011,780,828,1608
064341012,521,524,1045
064341101,506,542,1048
064341102,623,708,1331
064341103,415,400,815
064341104,430,492,922
064341105,363,443,806
064341106,420,464,884
064341107,302,345,647
064341108,357,417,774
064341109,416,438,854
064341110,285,315,600
064341111,459,489,948
064341112,554,638,1192
064341113,550,609,1159
064341114,390,414,804
064341201,468,523,991
064341202,525,607,1132
064341203,436,517,953
064341204,503,550,1053
064341205,447,480,927
064341206,563,570,1133
064341207,596,677,1273
064341208,423,457,880
064341301,453,527,980
064341302,302,346,648
064341303,391,407,798
064341304,253,303,556
064341305,496,570,1066
064341306,345,420,765
064341307,371,454,825
064341308,494,560,1054
064341309,489,534,1023
064341310,480,534,1014
064341311,656,723,1379
064341312,528,546,1074
064341401,369,427,796
064341402,299,305,604
064341403,309,339,648
064341404,390,429,819
064341405,330,375,705
064341406,436,437,873
064341407,444,506,950
064341408,430,496,926
064341501,193,247,440
064341502,293,371,664
064341503,151,207,358
064341504,277,328,605
064341505,307,329,636
064341506,225,275,500
064341507,280,309,589
064341508,251,327,578
064341509,222,269,491
064341510,205,224,429
064341511,167,222,389
064341512,158,212,370
064341513,418,487,905
064341514,325,351,676
064341515,370,438,808
064341601,433,480,913
064341602,381,420,801
064341603,380,467,847
064341604,229,310,539
064341605,213,264,477
064341606,235,267,502
064341607,302,348,650
064341608,266,291,557
064341609,424,519,943
064341610,577,648,1225
064341611,445,496,941
064341612,529,627,1156
064341613,499,597,1096
064341701,341,404,745
064341702,427,486,913
064341703,443,515,958
064341704,395,431,826
064341705,353,434,787
064341706,263,308,571
064341707,200,239,439
064341708,331,389,720
064341709,305,355,660
064341710,147,184,331
064341711,352,388,740
064341801,559,626,1185
064341802,322,371,693
064341803,519,604,1123
064341804,296,313,609
064341805,395,458,853
064341806,393,505,898
064341807,194,250,444
064341808,284,329,613
064341809,211,279,490
064341810,160,188,348
064341811,181,233,414
064341812,234,266,500
064341813,369,429,798
064341814,114,146,260
064341901,466,516,982
064341902,500,540,1040
064341903,502,548,1050
064341904,413,466,879
064341905,488,544,1032
064341906,455,508,963
064341907,415,446,861
064341908,315,370,685
064341909,363,406,769
064342001,324,391,715
064342002,502,532,1034
064342003,538,600,1138
064342004,241,305,546
064342005,394,458,852
064342006,550,639,1189
064342007,359,376,735
064342008,460,516,976
064342009,401,423,824
064342010,375,454,829
064342101,471,514,985
064342102,328,406,734
064342103,364,359,723
064342104,281,288,569
064342105,355,384,739
064342106,308,345,653
064342107,288,289,577
064342108,370,396,766
064342109,280,326,606
064342110,252,305,557
064342111,264,326,590
064342112,446,513,959
064342113,460,507,967
064342201,498,526,1024
064342202,502,499,1001
064342203,312,334,646
064342204,523,557,1080
064342205,403,442,845
064342206,477,540,1017
064342207,367,385,752
064342208,526,565,1091
064342209,678,654,1332
064342210,726,794,1520
064342211,441,489,930
064342212,418,493,911
064342213,541,597,1138
064342214,428,513,941
064342301,595,589,1184
064342302,492,515,1007
064342303,653,692,1345
064342304,722,764,1486
064342305,697,696,1393
064342306,737,739,1476
064342307,313,298,611
064342308,646,694,1340
064342309,480,495,975
064342310,457,467,924
064342311,696,695,1391
064342312,457,508,965
064342313,22,21,43
064342314,484,484,968
064342315,533,571,1104
064342401,392,435,827
064342402,302,290,592
064342403,256,295,551
064342404,345,362,707
064342405,375,380,755
064342406,327,388,715
064342407,329,371,700
064342408,663,688,1351
064342409,397,454,851
064342410,368,454,822
064342501,622,677,1299
064342502,282,344,626
064342503,244,296,540
064342504,317,320,637
064342505,358,407,765
064342506,486,455,941
064342507,536,566,1102
064342508,501,554,1055
064342509,336,381,717
064342510,412,440,852
064342511,452,477,929
064342512,341,366,707
064342513,435,436,871
064342514,359,411,770
064342515,323,364,687
064342516,524,532,1056
064342517,383,418,801
064342518,319,332,651
064342601,708,681,1389
064342602,353,328,681
064342603,742,713,1455
064342604,741,707,1448
064342605,263,266,529
064342606,256,258,514
064342607,370,345,715
064342608,531,596,1127
064342609,464,396,860
064342610,641,677,1318
064342611,405,430,835
064342612,412,398,810
064342613,662,688,1350
064342614,621,664,1285
064342615,309,354,663
064342616,526,469,995
064342617,520,573,1093
064342618,656,649,1305
064342619,658,705,1363
064342701,423,448,871
064342702,459,484,943
064342703,600,648,1248
064342704,442,442,884
064342705,256,316,572
064342706,482,554,1036
064342707,453,475,928
064342708,394,469,863
064342709,553,571,1124
064342710,757,763,1520
064342801,568,626,1194
064342802,653,674,1327
064342803,748,782,1530
064342804,464,553,1017
064342805,412,444,856
064342806,519,562,1081
064342807,399,427,826
064342808,734,815,1549
064342809,611,660,1271
064342810,545,638,1183
064342811,333,378,711
064342812,357,401,758
064342813,337,357,694
064342814,460,489,949
064342901,512,524,1036
064342902,545,620,1165
064342903,433,467,900
064342904,391,470,861
064342905,387,437,824
064342906,394,417,811
064342907,462,537,999
064342908,423,451,874
064342909,480,560,1040
064342910,295,316,611
064342911,284,297,581
064343001,366,374,740
064343002,311,332,643
064343003,393,413,806
064343004,461,472,933
064343005,453,451,904
064343006,445,484,929
064343007,453,535,988
064343008,314,335,649
064343009,433,471,904
064343101,509,557,1066
064343102,284,329,613
064343103,313,382,695
064343104,292,317,609
064343105,432,504,936
064343106,284,339,623
064343107,190,255,445
064343108,203,234,437
064343109,222,271,493
064343110,173,214,387
064343111,190,249,439
064343112,244,280,524
064343113,303,341,644
064343114,244,317,561
064343115,152,195,347
064343201,424,526,950
064343202,328,385,713
064343203,210,270,480
064343204,136,183,319
064343205,193,260,453
064343206,201,224,425
064343207,399,465,864
064343208,351,421,772
064343209,469,519,988
064343210,457,477,934
064343211,329,366,695
064343212,276,350,626
064343213,324,405,729
064343301,410,441,851
064343302,511,550,1061
064343303,467,518,985
064343304,313,363,676
064343305,403,478,881
064343306,468,516,984
064343307,440,514,954
064343308,326,356,682
064343401,454,527,981
064343402,512,587,1099
064343403,416,465,881
064343404,324,376,700
064343405,350,350,700
064343406,377,426,803
064343407,397,432,829
064343408,324,341,665
064343409,269,316,585
064343410,510,574,1084
064343411,489,559,1048
064343412,811,910,1721
064343413,542,580,1122
064343414,595,595,1190
064343501,495,585,1080
064343502,249,297,546
064343503,256,282,538
064343504,686,799,1485
064343505,205,223,428
064343506,404,462,866
064343507,409,432,841
064343508,739,782,1521
064343509,400,455,855
064343510,532,555,1087
064343511,529,572,1101
064343512,335,299,634
064343513,495,504,999
064343601,536,531,1067
064343602,526,610,1136
064343603,470,505,975
064343604,443,477,920
064343605,408,448,856
064343606,472,575,1047
064343607,320,388,708
064343608,348,407,755
064343701,293,350,643
064343702,355,412,767
064343703,316,348,664
064343704,422,460,882
064343705,458,471,929
064343706,430,491,921
064343707,412,435,847
064343708,316,345,661
064343801,230,236,466
064343802,405,474,879
064343803,385,430,815
064343804,384,478,862
064343805,270,322,592
064343806,399,493,892
064343807,224,265,489
064343808,393,522,915
064343809,327,392,719
064343901,336,368,704
064343902,278,349,627
064343903,344,438,782
064343904,289,326,615
064343905,383,469,852
064343906,351,421,772
064343907,361,453,814
064343908,212,248,460
064343909,465,483,948
064344001,526,552,1078
064344002,485,542,1027
064344003,277,324,601
064344004,207,218,425
064344005,275,298,573
064344006,314,340,654
064344007,348,358,706
064344008,438,525,963
064344101,367,411,778
064344102,375,400,775
064344103,523,557,1080
064344104,506,524,1030
064344105,426,496,922
064344106,541,554,1095
064344107,270,292,562
064344108,558,504,1062
064344201,539,607,1146
064344202,504,580,1084
064344203,276,321,597
064344204,440,458,898
064344205,382,432,814
064344206,451,468,919
064344207,362,428,790
064344208,462,506,968
064344301,520,544,1064
064344302,396,418,814
064344303,499,575,1074
064344304,372,461,833
064344305,347,407,754
064344306,389,464,853
064344307,372,440,812
064344308,300,377,677
064344401,259,290,549
064344402,433,451,884
064344403,410,446,856
064344404,286,328,614
064344405,618,628,1246
064344406,902,924,1826
064344407,671,740,1411
064344408,324,366,690
064344409,309,296,605
064344410,400,430,830
064344411,352,407,759
064344412,547,595,1142
064344501,524,557,1081
064344502,880,876,1756
064344503,578,589,1167
064344504,556,578,1134
064344505,602,667,1269
064344506,406,416,822
064344507,590,624,1214
064344508,599,662,1261
064344509,422,450,872
064344510,435,441,876
064344511,509,579,1088
064344512,769,840,1609
064900101,416,407,823
064900102,545,534,1079
064900103,365,354,719
064900104,439,440,879
064900105,497,496,993
064900106,399,384,783
064900107,402,386,788
064900108,419,453,872
064900109,421,457,878
064900110,296,289,585
064900111,465,468,933
064900112,529,561,1090
064900113,301,271,572
064900114,406,462,868
064900201,855,909,1764
064900202,1002,1043,2045
064900203,696,697,1393
064900204,622,603,1225
064900205,641,690,1331
064900206,677,695,1372
064900207,888,907,1795
064900208,1006,1003,2009
064900209,823,825,1648
064900210,698,689,1387
064900301,589,608,1197
064900302,680,685,1365
064900303,476,491,967
064900304,231,239,470
064900305,301,309,610
064900306,703,757,1460
064900307,428,487,915
064900308,392,433,825
064900309,530,636,1166
064900310,980,988,1968
064900311,238,252,490
064900312,554,594,1148
064900313,546,546,1092
064900401,680,709,1389
064900402,587,581,1168
064900403,523,529,1052
064900404,526,472,998
064900405,663,653,1316
064900406,677,666,1343
064900407,840,725,1565
064900408,674,663,1337
064900409,463,452,915
064900410,580,545,1125
064900411,776,763,1539
064900412,414,426,840
064900413,496,537,1033
064900414,846,888,1734
064900501,490,546,1036
064900502,656,649,1305
064900503,407,448,855
064900504,370,459,829
064900505,366,368,734
064900506,514,540,1054
064900507,438,464,902
064900508,712,740,1452
064900509,447,472,919
064900510,762,834,1596
064900511,519,579,1098
064900512,750,789,1539
064900513,378,362,740
064900514,581,575,1156
064900515,815,860,1675
064900516,869,896,1765
064900601,380,399,779
064900602,497,576,1073
064900603,335,386,721
064900604,517,519,1036
064900605,325,344,669
064900606,276,323,599
064900607,514,539,1053
064900608,558,673,1231
064900609,363,435,798
064900610,337,375,712
064900611,379,399,778
064900612,378,455,833
064900613,429,530,959
064900614,512,599,1111
064900615,468,538,1006
064900701,406,400,806
064900702,464,479,943
064900703,610,659,1269
064900704,428,467,895
064900705,548,588,1136
064900706,564,640,1204
064900707,554,595,1149
064900708,302,329,631
064900709,342,372,714
064900710,487,506,993
064900711,357,389,746
064900712,538,565,1103
064900713,410,366,776
064900714,392,438,830
064900715,495,506,1001
064900801,339,369,708
064900802,315,369,684
064900803,568,616,1184
064900804,236,269,505
064900805,195,238,433
064900806,264,326,590
064900807,210,249,459
064900808,433,547,980
064900809,532,550,1082
064900901,499,584,1083
064900902,400,428,828
064900903,302,322,624
064900904,272,290,562
064900905,535,585,1120
064900906,441,507,948
064900907,382,401,783
064900908,360,404,764
064900909,253,320,573
064901001,322,370,692
064901002,515,576,1091
064901003,394,451,845
064901004,438,497,935
064901005,550,662,1212
064901006,257,287,544
064901007,284,318,602
064901008,387,408,795
064901009,384,441,825
064901010,448,478,926
064901011,505,574,1079
064901012,385,483,868
064901013,432,528,960
064901014,346,388,734
064901015,363,425,788
064901101,211,251,462
064901102,370,421,791
064901103,348,427,775
064901104,387,460,847
064901105,392,475,867
064901106,186,196,382
064901107,153,213,366
064901108,146,182,328
064901109,190,245,435
064901110,206,251,457
064901111,172,243,415
064901112,234,264,498
064901113,372,415,787
064901114,393,486,879
064901115,282,353,635
064901116,422,481,903
064901117,339,428,767
064901118,306,389,695
064901201,339,423,762
064901202,493,565,1058
064901203,414,479,893
064901204,233,289,522
064901205,237,277,514
064901206,425,531,956
064901207,411,497,908
064901208,385,434,819
064901209,424,470,894
064901210,456,483,939
064901301,500,556,1056
064901302,511,530,1041
064901303,451,481,932
064901304,288,330,618
064901305,328,377,705
064901306,542,604,1146
064901307,305,366,671
064901308,378,420,798
064901309,580,679,1259
064901310,610,675,1285
064901311,593,626,1219
064901312,474,535,1009
064901313,482,522,1004
064901314,648,648,1296
064901315,707,792,1499
064901401,500,521,1021
064901402,526,582,1108
064901403,356,379,735
064901404,396,400,796
064901405,496,486,982
064901406,342,387,729
064901407,373,432,805
064901408,380,417,797
064901409,391,402,793
064901410,598,624,1222
064901411,541,587,1128
064901412,763,758,1521
064901501,540,547,1087
064901502,525,530,1055
064901503,414,452,866
064901504,456,517,973
064901505,517,583,1100
064901506,298,362,660
064901507,398,450,848
064901508,422,470,892
064901509,315,369,684
064901510,516,524,1040
064901511,600,672,1272
064901601,711,765,1476
064901602,307,337,644
064901603,591,609,1200
064901604,271,314,585
064901605,572,593,1165
064901606,424,426,850
064901607,395,435,830
064901608,467,526,993
064901609,514,597,1111
064901701,610,638,1248
064901702,694,652,1346
064901703,515,515,1030
064901704,664,656,1320
064901705,655,713,1368
064901706,646,737,1383
064901707,617,642,1259
064901708,749,745,1494
064901709,482,516,998
064901801,587,606,1193
064901802,434,513,947
064901803,490,567,1057
064901804,559,621,1180
064901805,302,360,662
064901806,339,385,724
064901807,548,603,1151
064901808,498,570,1068
064901809,520,594,1114
064901810,506,523,1029
064901811,562,599,1161
064901812,635,702,1337
064901813,700,722,1422
064901814,686,747,1433
064901815,788,865,1653
064901816,505,527,1032
064901901,466,524,990
064901902,391,450,841
064901903,345,361,706
064901904,292,330,622
064901905,349,420,769
064901906,384,432,816
064901907,498,583,1081
064901908,362,395,757
064901909,213,256,469
064901910,470,501,971
064901911,315,388,703
064901912,260,317,577
064902001,440,462,902
064902002,409,441,850
064902003,495,586,1081
064902004,303,331,634
064902005,387,426,813
064902006,397,483,880
064902007,526,584,1110
064902008,305,385,690
064902009,323,328,651
064902101,503,531,1034
064902102,484,506,990
064902103,449,550,999
064902104,337,394,731
064902105,411,468,879
064902106,382,450,832
064902107,353,435,788
064902108,165,198,363
064902109,247,312,559
064902110,358,449,807
064902201,345,412,757
064902202,258,341,599
064902203,257,294,551
064902204,134,211,345
064902205,180,277,457
064902206,207,264,471
064902207,135,183,318
064902208,93,117,210
064902209,252,390,642
064902210,308,432,740
064902211,200,281,481
064902212,31,59,90
064902301,383,444,827
064902302,292,340,632
064902303,384,429,813
064902304,344,418,762
064902305,456,474,930
064902306,374,437,811
064902307,291,328,619
064902308,96,118,214
064902309,239,337,576
064902310,218,249,467
064902311,195,254,449
064902312,184,236,420
064902313,181,213,394
064902401,362,403,765
064902402,377,470,847
064902403,260,358,618
064902404,350,489,839
064902405,343,376,719
064902406,344,361,705
064902407,210,276,486
064902408,151,196,347
064902409,124,177,301
064902410,197,305,502
064902411,147,209,356
064902501,451,511,962
064902502,380,417,797
064902503,372,413,785
064902504,328,400,728
064902505,309,363,672
064902506,404,432,836
064902507,385,409,794
064902508,474,568,1042
064902601,421,457,878
064902602,361,384,745
064902603,444,489,933
064902604,218,225,443
064902605,300,335,635
064902606,427,486,913
064902607,529,609,1138
064902608,336,364,700
064902609,204,235,439
064902610,538,552,1090
064902611,382,406,788
064902612,389,420,809
064902613,418,439,857
064902701,414,451,865
064902702,643,685,1328
064902703,422,519,941
064902704,344,372,716
064902705,644,692,1336
064902706,456,542,998
064902707,422,472,894
064902708,443,497,940
064902709,389,481,870
064902710,646,771,1417
064902711,742,783,1525
064902712,650,697,1347
064902713,277,304,581
064902801,487,496,983
064902802,326,378,704
064902803,519,617,1136
064902804,700,738,1438
064902805,427,484,911
064902806,568,628,1196
064902807,324,380,704
064902808,276,322,598
064902809,298,297,595
064902810,650,677,1327
064902811,388,452,840
064902901,668,670,1338
064902902,756,808,1564
064902903,560,578,1138
064902904,614,672,1286
064902905,654,604,1258
064902906,829,829,1658
064902907,743,745,1488
064902908,718,826,1544
064902909,662,737,1399
064902910,548,648,1196
064902911,700,753,1453
064903001,474,462,936
064903002,987,1012,1999
064903003,498,512,1010
064903004,471,508,979
064903005,732,808,1540
064903006,519,567,1086
064903007,437,516,953
064903008,498,522,1020
064903009,475,519,994
064903010,525,599,1124
064903101,460,447,907
064903102,514,519,1033
064903103,737,766,1503
064903104,774,759,1533
064903105,628,663,1291
064903106,718,755,1473
064903107,679,653,1332
064903108,773,795,1568
064903109,559,579,1138
064903110,443,477,920
064903201,869,914,1783
064903202,856,848,1704
064903203,724,741,1465
064903204,610,602,1212
064903205,515,499,1014
064903206,943,976,1919
064903207,621,632,1253
064903208,807,803,1610
064903209,428,461,889
064903210,566,609,1175
064903301,421,404,825
064903302,562,563,1125
064903303,799,793,1592
064903304,595,538,1133
064903305,856,895,1751
064903306,620,628,1248
064903307,454,451,905
064903308,573,569,1142
064903309,688,740,1428
064903310,742,701,1443
064903401,1149,1105,2254
064903402,740,802,1542
064903403,532,616,1148
064903404,689,729,1418
064903405,816,812,1628
064903406,536,553,1089
064903407,516,547,1063
064903408,430,477,907
064903409,508,551,1059
064903410,677,683,1360
064903411,708,702,1410
064903412,637,660,1297
064903413,736,761,1497
064903414,697,728,1425
064903415,467,447,914
064903501,464,434,898
064903502,471,445,916
064903503,748,677,1425
064903504,731,691,1422
064903505,652,644,1296
064903506,826,816,1642
064903507,588,628,1216
064903508,850,892,1742
064903509,467,499,966
064903510,607,599,1206
064903511,494,523,1017
064903512,509,522,1031
064903513,924,963,1887
064903514,716,824,1540
064903515,449,442,891
064903516,369,381,750
064903517,585,589,1174
064903518,670,660,1330
064903601,841,830,1671
064903602,832,863,1695
064903603,516,511,1027
064903604,661,674,1335
064903605,517,549,1066
064903606,632,651,1283
064903607,571,594,1165
064903608,561,515,1076
064903609,522,512,1034
064903610,739,789,1528
064903611,551,590,1141
064903612,592,636,1228
064903701,664,620,1284
064903702,514,509,1023
064903703,413,406,819
064903704,434,473,907
064903705,546,519,1065
064903706,633,616,1249
064903707,506,485,991
064903708,373,404,777
064903709,990,1005,1995
064903710,690,728,1418
064903711,921,976,1897
064903712,601,645,1246
064903713,824,880,1704
064903714,806,791,1597
064903801,387,394,781
064903802,642,692,1334
064903803,376,357,733
064903804,419,460,879
064903805,765,791,1556
064903806,633,627,1260
064903807,679,699,1378
064903808,981,948,1929
064903809,531,585,1116
064903810,522,536,1058
064903811,690,683,1373
064903812,465,507,972
064903813,384,400,784
064903814,445,441,886
064903815,310,387,697
064903816,944,965,1909
064903817,1002,1001,2003
064903901,614,578,1192
064903902,368,373,741
064903903,1688,1669,3357
064903904,913,947,1860
064903905,955,904,1859
064903906,853,807,1660
064903907,373,395,768
064903908,568,558,1126
064903909,684,690,1374
064903910,489,561,1050
064903911,870,897,1767
064903912,585,576,1161
064903913,454,429,883
064903914,775,723,1498
064903915,1186,1244,2430
064903916,686,661,1347
064904001,475,501,976
064904002,498,503,1001
064904003,633,647,1280
064904004,960,934,1894
064904005,553,554,1107
064904006,1207,1215,2422
064904007,786,806,1592
064904008,893,852,1745
064904009,1134,1130,2264
064904010,849,772,1621
064904011,635,620,1255
064904012,1297,1044,2341
064904013,944,934,1878
064904101,29,11,40
064904102,55,62,117
064904201,397,415,812
064904202,480,484,964
064904203,412,484,896
064904204,430,495,925
064904205,337,433,770
064904206,460,505,965
064904207,512,558,1070
064904208,427,406,833
064904301,23,15,38
064904302,313,333,646
064904303,373,437,810
064904304,514,574,1088
064904305,2,3,5
064904306,496,531,1027
064904307,474,472,946
064904308,392,396,788
064904309,707,742,1449
064904310,505,584,1089
064904311,272,333,605
064904312,406,487,893
064904313,450,462,912
064904314,318,365,683
064904401,384,432,816
064904402,477,556,1033
064904403,419,471,890
064904404,635,613,1248
064904405,695,738,1433
064904406,623,650,1273
064904407,502,540,1042
064904408,536,561,1097
064904409,736,839,1575
064904410,419,425,844
064904411,402,418,820
064904412,452,475,927
064904413,516,548,1064
064904501,404,467,871
064904502,544,588,1132
064904503,583,563,1146
064904504,633,636,1269
064904505,582,603,1185
064904506,509,579,1088
064904507,229,281,510
064904508,326,352,678
064904601,361,449,810
064904602,304,346,650
064904603,371,420,791
064904604,383,418,801
064904605,141,171,312
064904606,219,266,485
064904607,393,460,853
064904608,352,402,754
064904609,386,452,838
064904610,35,930,965
064904611,505,594,1099
064904612,374,403,777
064904701,196,265,461
064904702,403,447,850
064904703,267,323,590
064904704,283,325,608
064904705,373,451,824
064904706,289,398,687
064904707,452,522,974
064904708,411,448,859
064904709,318,355,673
064904710,363,391,754
064904711,409,465,874
064904712,360,432,792
064904713,390,426,816
064904801,386,430,816
064904802,392,415,807
064904803,353,390,743
064904804,461,471,932
064904805,216,267,483
064904806,199,250,449
064904807,370,414,784
064904808,411,459,870
064904809,230,284,514
064904810,326,371,697
064904811,337,374,711
064904901,365,384,749
064904902,459,585,1044
064904903,305,373,678
064904904,439,598,1037
064904905,340,378,718
064904906,476,562,1038
064904907,398,419,817
064904908,245,275,520
064904909,282,308,590
064904910,426,473,899
064904911,404,430,834
064905001,453,509,962
064905002,515,591,1106
064905003,383,384,767
064905004,171,185,356
064905005,372,384,756
064905006,500,580,1080
064905007,448,509,957
064905008,405,487,892
064905009,281,328,609
064905010,620,641,1261
064905011,349,360,709
064905101,353,404,757
064905102,430,473,903
064905103,328,358,686
064905104,279,314,593
064905105,620,683,1303
064905106,484,555,1039
064905107,525,627,1152
064905108,479,557,1036
064905109,371,430,801
064905110,240,284,524
064905111,217,248,465
065150101,346,332,678
065150102,1,1,2
065150103,950,949,1899
065150104,872,829,1701
065150105,887,925,1812
065150106,705,680,1385
065150107,461,482,943
065150108,990,1022,2012
065150109,511,535,1046
065150110,909,857,1766
065150111,893,887,1780
065150112,1049,973,2022
065150113,1143,1144,2287
065150201,150,125,275
065150202,535,574,1109
065150203,282,294,576
065150204,65,49,114
065150205,355,370,725
065150206,314,300,614
065150207,763,747,1510
065150208,649,683,1332
065150209,634,645,1279
065150210,1008,938,1946
065150211,645,645,1290
065150212,578,592,1170
065150213,473,438,911
065150214,906,891,1797
065150215,737,742,1479
065150216,618,589,1207
065150301,661,703,1364
065150302,729,759,1488
065150303,760,703,1463
065150304,652,671,1323
065150305,448,412,860
065150306,570,567,1137
065150307,582,579,1161
065150308,433,450,883
065150309,500,495,995
065150310,520,558,1078
065150311,459,469,928
065150312,547,587,1134
065150313,378,384,762
065150314,471,473,944
065150401,596,621,1217
065150402,555,551,1106
065150403,636,679,1315
065150404,368,351,719
065150405,482,489,971
065150406,782,823,1605
065150407,567,581,1148
065150408,673,731,1404
065150409,555,623,1178
065150410,534,504,1038
065150411,421,382,803
065150501,473,460,933
065150502,435,450,885
065150503,854,878,1732
065150504,801,829,1630
065150505,452,491,943
065150506,570,625,1195
065150507,567,560,1127
065150508,330,413,743
065150509,584,612,1196
065150510,175,161,336
065150511,842,822,1664
065150512,739,772,1511
065150601,522,484,1006
065150602,527,587,1114
065150603,426,441,867
065150604,494,518,1012
065150605,306,340,646
065150606,581,638,1219
065150607,604,680,1284
065150608,465,504,969
065150609,714,786,1500
065150610,453,485,938
065150611,361,355,716
065150612,379,383,762
065150613,306,318,624
065150614,476,544,1020
065150615,345,381,726
065150616,469,473,942
065150701,953,967,1920
065150702,605,596,1201
065150703,552,547,1099
065150704,1066,1050,2116
065150705,516,545,1061
065150706,581,614,1195
065150707,611,647,1258
065150708,739,767,1506
065150709,838,803,1641
065150710,470,491,961
065150711,332,347,679
065150712,818,816,1634
065150713,429,455,884
065150714,445,483,928
065150801,685,721,1406
065150802,523,513,1036
065150803,557,546,1103
065150804,443,446,889
065150805,391,436,827
065150806,436,458,894
065150807,579,587,1166
065150808,581,597,1178
065150809,635,656,1291
065150810,604,608,1212
065150811,649,655,1304
065150812,501,513,1014
065150901,394,434,828
065150902,652,691,1343
065150903,492,464,956
065150904,394,408,802
065150905,679,749,1428
065150906,508,569,1077
065150907,347,413,760
065150908,429,441,870
065150909,679,700,1379
065150910,749,782,1531
065150911,496,482,978
065150912,563,565,1128
065150913,755,798,1553
065150914,659,659,1318
065151001,547,551,1098
065151002,808,909,1717
065151003,637,726,1363
065151004,365,428,793
065151005,410,471,881
065151006,595,603,1198
065151007,160,139,299
065151008,681,700,1381
065151009,611,588,1199
065151010,384,382,766
065151011,419,434,853
065151012,290,313,603
065151013,511,540,1051
065151014,570,604,1174
065151015,443,470,913
065151101,528,586,1114
065151102,635,694,1329
065151103,611,674,1285
065151104,385,398,783
065151105,344,380,724
065151106,396,410,806
065151107,379,413,792
065151108,465,487,952
065151109,601,669,1270
065151110,658,697,1355
065151111,445,447,892
065151112,444,480,924
065151113,535,552,1087
065151201,436,458,894
065151202,512,422,934
065151203,602,609,1211
065151204,456,450,906
065151205,574,584,1158
065151206,468,512,980
065151207,800,839,1639
065151208,438,462,900
065151209,729,811,1540
065151210,511,538,1049
065151211,625,631,1256
065151212,567,594,1161
065151213,538,544,1082
065151214,520,513,1033
065151215,492,483,975
065151216,536,516,1052
065151217,399,428,827
065151301,585,559,1144
065151302,614,585,1199
065151303,480,499,979
065151304,543,557,1100
065151305,695,744,1439
065151306,765,820,1585
065151307,397,400,797
065151308,449,492,941
065151309,734,795,1529
065151310,592,693,1285
065151311,666,739,1405
065151312,683,686,1369
065151313,491,526,1017
065151314,464,491,955
065151401,631,595,1226
065151402,505,535,1040
065151403,715,705,1420
065151404,1017,978,1995
065151405,335,336,671
065151406,548,548,1096
065151407,431,468,899
065151408,901,886,1787
065151409,417,469,886
065151410,680,671,1351
065151411,577,530,1107
065151501,631,696,1327
065151502,475,523,998
065151503,694,700,1394
065151504,683,654,1337
065151505,743,740,1483
065151506,726,732,1458
065151507,736,749,1485
065151508,731,732,1463
065151509,622,617,1239
065151510,721,751,1472
065151511,760,718,1478
065151512,541,603,1144
065151513,677,697,1374
065151601,426,449,875
065151602,517,515,1032
065151603,414,441,855
065151604,372,360,732
065151605,363,394,757
065151606,504,577,1081
065151607,649,648,1297
065151608,692,726,1418
065151609,457,445,902
065151701,644,615,1259
065151702,607,644,1251
065151703,295,290,585
065151704,325,277,602
065151705,316,335,651
065151706,799,817,1616
065151707,553,546,1099
065151708,254,250,504
065151709,154,152,306
065151710,608,622,1230
065151801,908,894,1802
065151802,555,581,1136
065151803,804,762,1566
065151804,804,800,1604
065151805,687,647,1334
065151806,756,784,1540
065151807,718,713,1431
065151808,577,580,1157
065151809,428,408,836
065151810,576,602,1178
065151811,595,553,1148
065151812,787,757,1544
065151813,661,627,1288
065151901,829,857,1686
065151902,548,593,1141
065151903,847,784,1631
065151904,860,824,1684
065151905,605,614,1219
065151906,478,475,953
065151907,955,967,1922
065151908,736,781,1517
065151909,635,642,1277
065151910,831,847,1678
065151911,893,958,1851
065151912,456,476,932
065151913,308,284,592
065151914,426,474,900
065152001,855,896,1751
065152002,481,474,955
065152003,597,622,1219
065152004,507,483,990
065152005,529,530,1059
065152006,401,399,800
065152007,434,455,889
065152008,618,594,1212
065152009,618,689,1307
065152010,837,832,1669
065152011,370,408,778
065152012,395,435,830
065152013,722,758,1480
065152014,925,921,1846
065152015,692,769,1461
065152101,223,196,419
065152102,288,288,576
065152103,329,343,672
065152104,425,419,844
065152105,462,470,932
065152106,411,488,899
065152107,336,389,725
065152108,512,512,1024
065152109,615,668,1283
065152110,572,640,1212
065152111,487,500,987
065152112,521,517,1038
065152113,456,577,1033
065152114,397,389,786
065152115,370,372,742
065390101,752,761,1513
065390102,568,633,1201
065390103,482,523,1005
065390104,507,561,1068
065390105,652,692,1344
065390106,793,833,1626
065390107,692,644,1336
065390108,626,646,1272
065390109,467,471,938
065390110,447,477,924
065390111,625,631,1256
065390112,460,484,944
065390113,452,470,922
065390114,520,641,1161
065390201,369,382,751
065390202,403,385,788
065390203,476,530,1006
065390204,703,741,1444
065390205,430,436,866
065390206,613,662,1275
065390207,579,650,1229
065390208,579,671,1250
065390209,298,313,611
065390210,354,394,748
065390211,458,479,937
065390212,368,400,768
065390213,385,392,777
065390214,329,355,684
065390301,484,512,996
065390302,445,530,975
065390303,451,471,922
065390304,668,674,1342
065390305,451,532,983
065390306,321,408,729
065390307,420,509,929
065390308,246,293,539
065390309,387,426,813
065390310,642,695,1337
065390311,562,614,1176
065390401,692,774,1466
065390402,613,732,1345
065390403,550,631,1181
065390404,732,807,1539
065390405,488,516,1004
065390406,665,776,1441
065390407,189,265,454
065390408,500,563,1063
065390409,599,691,1290
065390410,341,428,769
065390411,435,508,943
065390412,402,475,877
065390413,298,366,664
065390414,231,271,502
065390501,400,431,831
065390502,599,653,1252
065390503,648,663,1311
065390504,514,603,1117
065390505,398,424,822
065390506,404,439,843
065390507,611,632,1243
065390508,474,537,1011
065390509,590,646,1236
065390601,629,707,1336
065390602,409,420,829
065390603,400,429,829
065390604,487,474,961
065390605,348,416,764
065390606,687,771,1458
065390607,800,828,1628
065390608,629,623,1252
065390609,461,467,928
065390701,552,674,1226
065390702,527,619,1146
065390703,664,697,1361
065390704,900,925,1825
065390705,601,648,1249
065390706,587,665,1252
065390707,347,366,713
065390708,499,518,1017
065390709,623,713,1336
065390801,369,389,758
065390802,452,467,919
065390803,605,670,1275
065390804,443,474,917
065390805,793,781,1574
065390806,508,549,1057
065390807,506,577,1083
065390808,991,1063,2054
065390809,692,685,1377
065390810,524,569,1093
065390811,469,521,990
065390812,1507,1541,3048
065390813,652,624,1276
065390814,502,544,1046
065390815,584,561,1145
065390901,79,51,130
065390902,304,292,596
065390903,591,621,1212
065390904,702,716,1418
065390905,746,713,1459
065390906,896,865,1761
065390907,1025,1142,2167
065390908,887,837,1724
065390909,178,169,347
065390910,800,752,1552
065390911,412,504,916
065390912,700,749,1449
065391001,684,727,1411
065391002,757,763,1520
065391003,746,752,1498
065391004,557,576,1133
065391005,372,352,724
065391006,454,470,924
065391007,1498,1415,2913
065391008,1128,1076,2204
065391009,887,879,1766
065391010,909,941,1850
065391011,841,857,1698
065391012,943,939,1882
065391013,815,838,1653
065391014,749,724,1473
065391015,592,589,1181
065391016,904,897,1801
065391017,223,228,451
065391101,490,515,1005
065391102,707,724,1431
065391103,521,528,1049
065391104,608,633,1241
065391105,546,537,1083
065391106,456,455,911
065391107,896,937,1833
065391108,948,954,1902
065391109,659,669,1328
065391110,707,730,1437
065391111,665,680,1345
065391112,421,443,864
065391113,589,603,1192
065391114,832,823,1655
065391115,739,736,1475
065391116,739,731,1470
065391201,651,689,1340
065391202,518,507,1025
065391203,624,669,1293
065391204,944,951,1895
065391205,562,603,1165
065391206,555,558,1113
065391207,552,570,1122
065391208,710,752,1462
065391209,738,747,1485
065391210,666,629,1295
065391211,537,534,1071
065391212,684,747,1431
065391213,609,628,1237
065391214,609,638,1247
065391215,516,518,1034
065391301,808,860,1668
065391302,505,511,1016
065391303,509,534,1043
065391304,734,740,1474
065391305,536,522,1058
065391306,624,632,1256
065391307,523,561,1084
065391308,518,557,1075
065391309,449,468,917
065391401,442,525,967
065391402,305,331,636
065391403,371,453,824
065391404,357,364,721
065391405,364,358,722
065391406,655,737,1392
065391407,819,950,1769
065391408,610,634,1244
065391409,792,858,1650
065391410,397,424,821
065391411,402,441,843
065391412,518,516,1034
065391413,532,509,1041
065391414,478,487,965
065391415,467,488,955
065391416,449,472,921
065391501,273,334,607
065391502,321,359,680
065391503,222,297,519
065391504,687,769,1456
065391505,191,257,448
065391506,287,323,610
065391507,362,449,811
065391508,319,364,683
065391509,320,394,714
065391510,275,310,585
065391511,425,511,936
065391601,370,397,767
065391602,654,711,1365
065391603,254,304,558
065391604,237,284,521
065391605,234,271,505
065391606,312,364,676
065391607,527,611,1138
065391608,303,375,678
065391609,324,365,689
065391610,409,466,875
065391611,420,501,921
065391701,600,627,1227
065391702,582,593,1175
065391703,532,564,1096
065391704,546,556,1102
065391705,601,623,1224
065391706,488,512,1000
065391707,453,438,891
065391708,404,420,824
065391709,243,269,512
065391710,437,505,942
065391711,373,390,763
065391712,349,377,726
065391713,372,429,801
065391714,346,406,752
065391715,315,342,657
065391716,225,252,477
065391717,312,353,665
065391801,690,777,1467
065391802,594,623,1217
065391803,715,792,1507
065391804,458,510,968
065391805,667,665,1332
065391806,745,714,1459
065391807,781,790,1571
065391808,729,743,1472
065391809,678,719,1397
065391901,526,549,1075
065391902,563,649,1212
065391903,536,546,1082
065391904,482,518,1000
065391905,581,628,1209
065391906,503,507,1010
065391907,521,555,1076
065391908,484,503,987
065391909,512,516,1028
065392001,390,426,816
065392002,110,135,245
065392003,460,502,962
065392004,484,542,1026
065392005,522,561,1083
065392006,652,689,1341
065392007,324,341,665
065392008,793,823,1616
065392009,818,825,1643
065392010,875,904,1779
065392011,700,749,1449
065392012,763,841,1604
065392013,488,492,980
065392014,521,499,1020
065392101,421,458,879
065392102,355,406,761
065392103,610,685,1295
065392104,684,761,1445
065392105,417,443,860
065392106,393,426,819
065392107,424,458,882
065392108,381,392,773
065392201,808,793,1601
065392202,850,917,1767
065392203,693,820,1513
065392204,547,602,1149
065392205,653,739,1392
065392206,670,752,1422
065392207,787,807,1594
065392208,805,858,1663
065392301,522,480,1002
065392302,693,653,1346
065392303,597,565,1162
065392304,529,553,1082
065392305,768,787,1555
065392306,678,730,1408
065392307,536,587,1123
065392308,652,656,1308
065392309,702,692,1394
065392310,604,650,1254
065392311,689,670,1359
065392312,876,870,1746
065392313,752,744,1496
065392314,666,623,1289
065392401,789,875,1664
065392402,486,513,999
065392403,426,453,879
065392404,777,788,1565
065392405,540,573,1113
065392406,476,498,974
065392407,474,518,992
065392408,415,464,879
065392409,466,460,926
065392410,437,463,900
065392411,540,547,1087
065392412,506,501,1007
065392413,542,551,1093
065392414,855,838,1693
065392415,912,942,1854
065392501,796,840,1636
065392502,626,674,1300
065392503,854,928,1782
065392504,431,422,853
065392505,492,536,1028
065392506,517,494,1011
065392507,601,602,1203
065392508,713,714,1427
065392509,884,876,1760
065392510,671,707,1378
065392511,468,476,944
065392512,438,470,908
065392601,751,790,1541
065392602,925,827,1752
065392603,599,547,1146
065392604,563,581,1144
065392605,665,689,1354
065392606,657,666,1323
065392607,949,906,1855
065392608,742,757,1499
065392609,690,699,1389
065392610,642,648,1290
065392611,536,517,1053
065392612,748,756,1504
065392613,403,402,805
065392614,523,506,1029
065392701,854,897,1751
065392702,787,748,1535
065392703,777,795,1572
065392704,606,632,1238
065392705,578,606,1184
065392706,783,800,1583
065392707,675,682,1357
065392708,705,773,1478
065392709,695,720,1415
065392710,579,613,1192
065392711,728,771,1499
065392712,801,845,1646
065392801,515,561,1076
065392802,567,636,1203
065392803,575,596,1171
065392804,789,828,1617
065392805,727,695,1422
065392806,876,921,1797
065392807,700,703,1403
065392808,811,792,1603
065392809,566,552,1118
065392810,799,786,1585
065392811,743,757,1500
065392812,513,532,1045
065392901,77,74,151
065392902,152,104,256
065392903,146,168,314
065392904,152,132,284
065392905,196,185,381
065392906,260,270,530
065392907,263,246,509
065392908,204,200,404
065392909,269,244,513
065392910,82,85,167
065392911,397,388,785
065392912,168,153,321
065392913,106,112,218
065392914,488,481,969
065392915,301,287,588
065392916,760,748,1508
065392917,39,30,69
065392918,557,511,1068
065392919,408,423,831
065392920,856,897,1753
065392921,700,715,1415
065392922,642,638,1280
065392923,476,539,1015
065392924,828,836,1664
065392925,593,562,1155
065393001,817,855,1672
065393002,814,839,1653
065393003,541,570,1111
065393004,749,750,1499
065393005,605,633,1238
065393006,555,486,1041
065393007,397,362,759
065393008,465,464,929
065393009,651,655,1306
065393010,535,565,1100
065393011,597,574,1171
065393012,571,550,1121
065393013,719,679,1398
065393014,923,1002,1925
065393015,501,515,1016
065393016,575,605,1180
065393101,689,696,1385
065393102,821,763,1584
065393103,752,743,1495
065393104,948,903,1851
065393105,564,573,1137
065393106,823,800,1623
065393107,941,913,1854
065393108,560,576,1136
065393109,692,690,1382
065393110,731,747,1478
065393111,680,736,1416
065393112,583,629,1212
065393113,651,628,1279
065393114,464,476,940
065393115,617,573,1190
065393116,743,751,1494
065393117,657,660,1317
065393201,829,778,1607
065393202,765,802,1567
065393203,910,920,1830
065393204,646,616,1262
065393205,828,864,1692
065393206,842,792,1634
065393207,793,796,1589
065393208,767,747,1514
065393209,457,428,885
065393210,499,481,980
065393211,809,833,1642
065393212,84,70,154
065393213,469,488,957
065393214,496,505,1001
065393215,855,874,1729
065393301,552,582,1134
065393302,493,566,1059
065393303,574,566,1140
065393304,460,446,906
065393305,388,379,767
065393306,588,574,1162
065393307,789,766,1555
065393308,787,831,1618
065393309,918,891,1809
065393310,642,578,1220
065393311,341,289,630
065393312,557,576,1133
065393313,658,679,1337
065393314,359,340,699
065393315,333,304,637
065393316,21,23,44
065393401,595,601,1196
065393402,727,737,1464
065393403,688,672,1360
065393404,657,633,1290
065393405,722,710,1432
065393406,704,640,1344
065393407,768,724,1492
065393408,756,746,1502
065393409,829,786,1615
065393410,605,598,1203
065393411,572,632,1204
065393412,597,570,1167
065393413,621,644,1265
065393414,801,772,1573
065393415,460,558,1018
065393416,77,79,156
065393417,556,538,1094
065393418,392,396,788
065600101,784,770,1554
065600102,764,760,1524
065600103,750,756,1506
065600104,681,675,1356
065600105,1052,957,2009
065600106,557,542,1099
065600107,535,528,1063
065600108,756,727,1483
065600109,715,748,1463
065600110,592,652,1244
065600111,638,671,1309
065600112,582,576,1158
065600113,576,593,1169
065600114,1073,1021,2094
065600115,532,499,1031
065600201,805,758,1563
065600202,813,806,1619
065600203,787,741,1528
065600204,964,922,1886
065600205,700,725,1425
065600206,904,880,1784
065600207,722,757,1479
065600208,772,746,1518
065600209,832,822,1654
065600210,821,781,1602
065600211,1729,1682,3411
065600212,628,620,1248
065600213,675,657,1332
065600214,724,734,1458
065600215,823,809,1632
065600216,1239,1071,2310
065600301,2236,2176,4412
065600302,926,965,1891
065600303,598,570,1168
065600304,516,555,1071
065600305,553,528,1081
065600306,545,561,1106
065600307,1020,983,2003
065600308,770,698,1468
065600309,837,862,1699
065600310,723,726,1449
065600311,664,722,1386
065600312,591,615,1206
065600313,330,365,695
065600314,451,458,909
065600315,723,703,1426
065600316,163,139,302
065600401,593,549,1142
065600402,497,500,997
065600403,936,967,1903
065600404,900,905,1805
065600405,642,725,1367
065600406,485,436,921
065600407,513,475,988
065600408,417,361,778
065600409,710,631,1341
065600410,729,679,1408
065600411,572,580,1152
065600412,536,559,1095
065600413,456,491,947
065600414,425,480,905
065600415,448,461,909
065600416,456,530,986
065600417,670,715,1385
065600418,463,457,920
065600419,773,771,1544
065600420,709,699,1408
065600501,362,385,747
065600502,673,693,1366
065600503,347,362,709
065600504,693,645,1338
065600505,161,164,325
065600506,108,105,213
065600507,624,644,1268
065600508,157,165,322
065600509,138,160,298
065600510,692,706,1398
065600511,569,574,1143
065600512,511,550,1061
065600513,792,772,1564
065600514,654,671,1325
065600515,487,549,1036
065600601,662,651,1313
065600602,781,890,1671
065600603,771,805,1576
065600604,494,484,978
065600605,1309,1279,2588
065600606,821,804,1625
065600607,2282,2349,4631
065600608,689,735,1424
065600609,750,812,1562
065600610,607,639,1246
065600611,696,755,1451
065600612,741,724,1465
065600613,430,455,885
065600614,378,403,781
065600615,451,472,923
065600616,675,649,1324
065600617,713,671,1384
065600618,506,572,1078
065600701,435,411,846
065600702,580,590,1170
065600703,568,604,1172
065600704,476,511,987
065600705,669,690,1359
065600706,862,869,1731
065600707,445,440,885
065600708,206,190,396
065600709,433,432,865
065600710,387,395,782
065600711,345,388,733
065600712,370,380,750
065600713,765,705,1470
065600714,849,825,1674
065600715,763,772,1535
065600716,961,951,1912
065600717,790,746,1536
065600718,586,535,1121
065600801,578,575,1153
065600802,544,565,1109
065600803,528,535,1063
065600804,457,506,963
065600805,499,510,1009
065600806,556,524,1080
065600807,750,692,1442
065600808,714,717,1431
065600809,448,455,903
065600810,465,499,964
065600811,452,491,943
065600812,384,421,805
065600901,425,382,807
065600902,193,174,367
065600903,115,99,214
065600904,276,261,537
065600905,221,210,431
065600906,205,190,395
065600907,264,250,514
065600908,164,157,321
065600909,196,188,384
065600910,94,93,187
065600911,104,88,192
065600912,169,162,331
065601001,271,258,529
065601002,446,461,907
065601003,498,546,1044
065601004,685,696,1381
065601005,679,738,1417
065601006,726,704,1430
065601007,857,834,1691
065601008,632,632,1264
065601009,657,646,1303
065601010,726,731,1457
065601011,654,652,1306
065601012,617,624,1241
065601013,535,589,1124
065601101,525,513,1038
065601102,650,666,1316
065601103,424,409,833
065601104,469,460,929
065601105,468,478,946
065601106,497,504,1001
065601107,765,742,1507
065601108,731,736,1467
065601109,729,738,1467
065601110,825,777,1602
065601111,797,809,1606
065601112,692,681,1373
065601113,723,751,1474
065601114,599,578,1177
065601115,546,569,1115
065601116,401,370,771
065601117,410,440,850
065601201,632,681,1313
065601202,580,631,1211
065601203,816,856,1672
065601204,392,414,806
065601205,571,604,1175
065601206,401,488,889
065601207,487,503,990
065601208,438,479,917
065601209,828,836,1664
065601210,478,506,984
065601211,386,385,771
065601212,492,510,1002
065601213,475,526,1001
065601214,678,724,1402
065601215,412,413,825
065601216,375,388,763
065601301,634,682,1316
065601302,746,756,1502
065601303,937,980,1917
065601304,560,591,1151
065601305,743,731,1474
065601306,482,536,1018
065601307,835,841,1676
065601308,596,627,1223
065601309,516,592,1108
065601310,859,891,1750
065601311,866,888,1754
065601401,1080,988,2068
065601402,817,788,1605
065601403,644,576,1220
065601404,682,711,1393
065601405,850,793,1643
065601406,836,847,1683
065601407,544,556,1100
065601408,1028,1042,2070
065601409,498,476,974
065601410,480,523,1003
065601411,590,609,1199
065601412,707,737,1444
065601413,623,659,1282
065601414,686,658,1344
065601501,565,544,1109
065601502,386,402,788
065601503,606,578,1184
065601504,583,577,1160
065601505,496,574,1070
065601506,538,556,1094
065601507,450,425,875
065601508,1608,1712,3320
065601509,1008,970,1978
065601510,540,586,1126
065601511,758,760,1518
065601512,792,861,1653
065601513,766,771,1537
065601514,766,808,1574
065601515,832,837,1669
065601516,633,660,1293
065601601,594,603,1197
065601602,498,520,1018
065601603,590,562,1152
065601604,608,655,1263
065601605,610,636,1246
065601606,755,751,1506
065601607,621,673,1294
065601608,775,800,1575
065601609,714,722,1436
065601610,659,668,1327
065601611,729,759,1488
065601612,834,861,1695
065601613,751,711,1462
065601614,776,767,1543
065601615,493,451,944
065601616,364,380,744
065601701,734,757,1491
065601702,662,610,1272
065601703,627,619,1246
065601704,373,369,742
065601705,406,394,800
065601706,391,346,737
065601707,274,292,566
065601708,143,149,292
065601709,89,105,194
065601710,173,191,364
065601711,287,283,570
065601712,220,187,407
065601713,520,504,1024
065601714,391,385,776
065601715,324,316,640
065601716,458,483,941
065601717,456,507,963
065601718,342,346,688
065601719,758,749,1507
065601720,396,427,823
065601721,395,380,775
065601722,372,388,760
065601723,382,363,745
065601724,394,366,760
065601801,411,402,813
065601802,640,646,1286
065601803,410,421,831
065601804,402,375,777
065601805,345,305,650
065601806,913,898,1811
065601807,350,324,674
065601808,295,289,584
065601809,802,777,1579
065601810,883,865,1748
065601811,739,722,1461
065601812,374,442,816
065601813,481,505,986
065601814,775,801,1576
065601815,668,699,1367
065601901,472,494,966
065601902,524,531,1055
065601903,744,712,1456
065601904,566,593,1159
065601905,353,345,698
065601906,335,372,707
065601907,507,517,1024
065601908,446,433,879
065601909,481,508,989
065601910,720,726,1446
065601911,410,434,844
065601912,419,404,823
065601913,329,324,653
065601914,421,456,877
065601915,658,707,1365
065601916,394,369,763
065601917,348,309,657
065601918,236,203,439
065601919,381,318,699
065601920,360,348,708
065602001,1234,1252,2486
065602002,741,732,1473
065602003,754,744,1498
065602004,718,732,1450
065602005,596,569,1165
065602006,730,710,1440
065602007,719,732,1451
065602008,639,657,1296
065602009,641,697,1338
065602010,718,704,1422
065602011,493,547,1040
065602012,487,543,1030
065602013,838,873,1711
065602014,644,600,1244
065602101,657,656,1313
065602102,354,325,679
065602103,482,485,967
065602104,372,379,751
065602105,441,469,910
065602106,489,486,975
065602107,848,855,1703
065602108,729,759,1488
065602109,677,701,1378
065602110,412,428,840
065602111,773,821,1594
065602112,441,479,920
065602113,583,571,1154
065602201,531,524,1055
065602202,534,615,1149
065602203,590,584,1174
065602204,627,666,1293
065602205,691,704,1395
065602206,409,428,837
065602207,395,414,809
065602208,550,631,1181
065602209,524,573,1097
065602210,581,584,1165
065602301,572,555,1127
065602302,536,560,1096
065602303,421,434,855
065602304,668,696,1364
065602305,541,566,1107
065602306,490,582,1072
065602307,452,519,971
065602308,369,461,830
065602309,221,245,466
065602310,258,339,597
065602311,149,208,357
065602312,350,344,694
065602313,390,463,853
065602314,281,315,596
065602315,300,382,682
065602316,429,415,844
065602317,439,550,989
065602401,248,305,553
065602402,222,267,489
065602403,341,364,705
065602404,354,430,784
065602405,433,444,877
065602406,455,483,938
065602407,506,536,1042
065602408,433,466,899
065602409,290,355,645
065602410,278,297,575
065602411,332,433,765
065602412,218,257,475
065602413,245,317,562
065602414,295,338,633
065602415,215,276,491
065602416,424,412,836
065602417,725,745,1470
065602501,337,357,694
065602502,365,438,803
065602503,507,555,1062
065602504,664,770,1434
065602505,349,357,706
065602506,391,434,825
065602507,380,439,819
065602508,677,711,1388
065602509,710,755,1465
065602510,700,806,1506
065602511,420,444,864
065602512,435,477,912
065602513,777,825,1602
065602514,570,619,1189
065680101,322,227,549
065680102,533,523,1056
065680103,489,550,1039
065680201,518,400,918
065680202,282,331,613
065680203,454,492,946
065680204,374,391,765
065680205,412,415,827
065680206,472,480,952
065680207,453,522,975
065680208,504,599,1103
065680209,691,653,1344
065680210,316,358,674
065680211,479,565,1044
065680212,397,422,819
065680301,473,509,982
065680302,518,570,1088
065680303,496,524,1020
065680304,407,437,844
065680305,374,400,774
065680306,360,398,758
065680307,318,367,685
065680308,459,484,943
065680309,480,501,981
065680310,455,505,960
065680311,566,648,1214
065680312,480,508,988
065680313,632,659,1291
065680314,1436,1529,2965
065680315,1007,1076,2083
065680316,739,723,1462
065680401,331,365,696
065680402,307,332,639
065680403,295,372,667
065680404,380,433,813
065680405,456,499,955
065680406,260,292,552
065680407,354,433,787
065680408,436,506,942
065680409,502,580,1082
065680410,393,438,831
065680411,456,520,976
065680501,395,420,815
065680502,603,657,1260
065680503,316,379,695
065680504,299,348,647
065680505,473,569,1042
065680506,400,443,843
065680507,432,464,896
065680508,476,589,1065
065680509,313,334,647
065680510,300,331,631
065680601,593,649,1242
065680602,394,452,846
065680603,379,429,808
065680604,425,447,872
065680605,417,447,864
065680606,401,470,871
065680607,460,554,1014
065680608,342,432,774
065680609,456,567,1023
065680610,236,243,479
065680611,174,191,365
065680701,388,475,863
065680702,407,455,862
065680703,307,339,646
065680704,335,390,725
065680705,388,425,813
065680706,529,572,1101
065680707,423,410,833
065680708,381,423,804
065680801,487,516,1003
065680802,468,486,954
065680803,419,445,864
065680804,501,575,1076
065680805,559,622,1181
065680806,493,612,1105
065680807,469,521,990
065680808,487,544,1031
065680901,260,309,569
065680902,337,394,731
065680903,566,618,1184
065680904,318,371,689
065680905,303,323,626
065680906,365,409,774
065680907,514,570,1084
065680908,242,243,485
065680909,352,376,728
065680910,511,549,1060
065680911,298,317,615
065680912,274,325,599
065681001,488,558,1046
065681002,237,273,510
065681003,248,263,511
065681004,414,451,865
065681005,444,422,866
065681006,303,348,651
065681007,294,312,606
065681008,498,558,1056
065681009,424,495,919
065681010,297,363,660
065681011,306,323,629
065681012,447,494,941
065681013,470,530,1000
065681014,306,373,679
065681015,323,387,710
065681016,390,398,788
065681017,428,435,863
065681101,350,408,758
065681102,506,548,1054
065681103,313,359,672
065681104,224,265,489
065681105,270,349,619
065681106,390,420,810
065681107,404,441,845
065681108,471,523,994
065681109,279,300,579
065681110,262,319,581
065681111,320,401,721
065681112,407,470,877
065681201,333,397,730
065681202,435,462,897
065681203,442,481,923
065681204,372,419,791
065681205,490,523,1013
065681206,531,581,1112
065681207,517,587,1104
065681208,297,333,630
065681209,324,339,663
065681210,381,418,799
065681301,300,307,607
065681302,275,332,607
065681303,351,404,755
065681304,417,450,867
065681305,423,481,904
065681306,548,588,1136
065681307,576,660,1236
065681308,505,591,1096
065681309,548,586,1134
065681310,653,635,1288
065681401,348,383,731
065681402,375,490,865
065681403,591,660,1251
065681404,290,300,590
065681405,276,322,598
065681406,273,296,569
065681407,417,439,856
065681408,311,366,677
065681409,427,448,875
065681410,420,497,917
065681501,376,415,791
065681502,484,541,1025
065681503,415,450,865
065681504,606,694,1300
065681505,432,470,902
065681506,449,451,900
065681507,466,535,1001
065681508,561,609,1170
065681509,267,327,594
065681510,420,458,878
065681601,544,601,1145
065681602,531,572,1103
065681603,390,434,824
065681604,628,687,1315
065681605,439,495,934
065681606,486,556,1042
065681607,334,390,724
065681608,288,338,626
065681609,615,642,1257
065681610,528,559,1087
065681611,420,481,901
065681612,469,564,1033
065681701,556,627,1183
065681702,565,616,1181
065681703,380,411,791
065681704,305,356,661
065681705,571,624,1195
065681706,608,655,1263
065681707,543,554,1097
065681708,512,567,1079
065681709,335,396,731
065681710,389,415,804
065681711,399,476,875
065681712,380,421,801
065681801,238,289,527
065681802,136,177,313
065681803,191,231,422
065681804,212,240,452
065681805,296,322,618
065681806,179,229,408
065681807,426,492,918
065681808,333,377,710
065681809,481,515,996
065681810,401,530,931
065681811,403,449,852
065681812,406,454,860
065681813,348,402,750
065681814,292,337,629
065681901,339,379,718
065681902,496,589,1085
065681903,558,643,1201
065681904,320,379,699
065681905,370,404,774
065681906,571,676,1247
065681907,537,529,1066
065681908,531,577,1108
065681909,532,599,1131
065681910,309,342,651
065681911,648,669,1317
065682001,463,553,1016
065682002,263,317,580
065682003,307,403,710
065682004,348,418,766
065682005,274,322,596
065682006,226,293,519
065682007,304,319,623
065682008,457,531,988
065682009,565,645,1210
065682010,387,497,884
065682011,597,611,1208
065682012,515,596,1111
065682013,342,405,747
065682014,363,368,731
065682101,164,197,361
065682102,159,163,322
065682103,153,168,321
065682104,244,287,531
065682105,128,154,282
065682106,94,125,219
065682107,28,39,67
065682108,121,156,277
065682109,178,185,363
065682110,157,199,356
065682111,116,158,274
065682112,227,247,474
065682113,422,474,896
065682201,267,261,528
065682202,186,186,372
065682203,196,204,400
065682204,260,283,543
065682205,169,191,360
065682206,328,337,665
065682207,211,208,419
065682208,280,275,555
065682209,242,269,511
065682210,260,251,511
065682211,196,190,386
065682212,244,252,496
065682213,383,394,777
065682214,517,540,1057
065682215,234,222,456
065682216,314,318,632
065682217,296,287,583
065682218,175,182,357
065682301,337,368,705
065682302,308,367,675
065682303,349,408,757
065682304,320,312,632
065682305,243,301,544
065682306,493,542,1035
065682307,477,549,1026
065682308,569,639,1208
065682309,436,477,913
065682310,338,403,741
065682311,352,388,740
065682401,528,569,1097
065682402,461,470,931
065682403,250,256,506
065682404,526,599,1125
065682405,478,548,1026
065682406,351,395,746
065682407,402,390,792
065682408,591,708,1299
065682409,346,396,742
065682410,344,391,735
065682501,235,268,503
065682502,457,530,987
065682503,473,548,1021
065682504,582,641,1223
065682505,310,370,680
065682506,712,782,1494
065682507,748,778,1526
065682508,660,687,1347
065682509,555,587,1142
065682510,575,588,1163
065682511,697,734,1431
065682512,633,678,1311
065682601,286,363,649
065682602,490,539,1029
065682603,535,528,1063
065682604,304,322,626
065682605,237,268,505
065682606,315,336,651
065682607,616,693,1309
065682608,321,364,685
065682609,317,352,669
065682610,576,603,1179
065682611,558,611,1169
065682612,524,578,1102
065682701,26,27,53
065682702,665,720,1385
065682703,563,543,1106
065682704,537,553,1090
065682705,405,433,838
065682706,477,506,983
065682707,589,604,1193
065682708,437,434,871
065682709,487,531,1018
065682710,405,445,850
065682711,492,521,1013
065682801,666,783,1449
065682802,551,635,1186
065682803,856,882,1738
065682804,430,449,879
065682805,747,800,1547
065682806,659,661,1320
065682807,387,423,810
065682808,499,540,1039
065682809,638,658,1296
065682810,708,737,1445
065682901,534,606,1140
065682902,487,542,1029
065682903,464,443,907
065682904,488,539,1027
065682905,440,473,913
065682906,461,451,912
065682907,572,583,1155
065682908,500,587,1087
065682909,569,569,1138
065682910,544,569,1113
065682911,1040,1098,2138
065682912,652,640,1292
065682913,537,537,1074
065682914,516,527,1043
065683001,637,650,1287
065683002,665,751,1416
065683003,686,777,1463
065683004,725,783,1508
065683005,417,488,905
065683006,464,499,963
065683007,726,759,1485
065683008,600,659,1259
065683009,534,530,1064
065683010,712,745,1457
065683011,659,724,1383
065683101,623,705,1328
065683102,604,658,1262
065683103,567,613,1180
065683104,769,844,1613
065683105,622,655,1277
065683106,589,658,1247
065683107,604,639,1243
065683108,337,360,697
065683109,563,585,1148
065683110,520,533,1053
065683111,320,378,698
065683112,649,691,1340
066580101,3,2,5
066580102,535,579,1114
066580103,454,505,959
066580104,328,352,680
066580105,380,469,849
066580106,421,509,930
066580107,301,388,689
066580108,330,360,690
066580109,445,482,927
066580110,887,889,1776
066580111,4,5,9
066580112,70,46,116
066580113,41,38,79
066580201,197,174,371
066580202,429,432,861
066580203,479,502,981
066580204,619,547,1166
066580205,410,383,793
066580206,714,702,1416
066580207,593,591,1184
066580208,569,616,1185
066580209,436,493,929
066580210,457,464,921
066580211,787,828,1615
066580212,438,484,922
066580301,624,566,1190
066580302,728,641,1369
066580303,574,603,1177
066580304,431,509,940
066580305,587,688,1275
066580306,438,520,958
066580307,552,585,1137
066580308,678,829,1507
066580309,599,684,1283
066580310,424,453,877
066580311,350,396,746
066580401,274,277,551
066580402,566,556,1122
066580403,573,596,1169
066580404,479,495,974
066580405,459,479,938
066580406,433,479,912
066580407,517,523,1040
066580408,605,633,1238
066580409,406,511,917
066580410,406,480,886
066580411,511,560,1071
066580412,568,642,1210
066580413,313,360,673
066580414,296,350,646
066580415,444,465,909
066580501,299,372,671
066580502,236,261,497
066580503,423,468,891
066580504,318,312,630
066580505,353,396,749
066580506,482,502,984
066580507,592,640,1232
066580508,449,530,979
066580509,519,572,1091
066580510,233,274,507
066580511,533,579,1112
066580512,406,417,823
066580513,421,457,878
066580514,419,453,872
066580601,298,331,629
066580602,344,371,715
066580603,382,446,828
066580604,382,435,817
066580605,415,458,873
066580606,253,285,538
066580607,357,381,738
066580608,239,253,492
066580609,566,639,1205
066580610,519,552,1071
066580611,464,556,1020
066580612,362,422,784
066580701,327,391,718
066580702,408,453,861
066580703,364,403,767
066580704,379,448,827
066580705,328,372,700
066580706,410,476,886
066580707,438,475,913
066580708,676,724,1400
066580709,610,604,1214
066580710,949,962,1911
066580711,420,445,865
066580801,196,232,428
066580802,155,225,380
066580803,140,209,349
066580804,337,449,786
066580805,314,371,685
066580806,215,254,469
066580807,232,288,520
066580808,169,229,398
066580809,238,324,562
066580810,134,210,344
066580811,238,337,575
066580812,154,236,390
066580813,105,161,266
066580814,161,215,376
066580815,129,183,312
066580901,508,513,1021
066580902,471,490,961
066580903,333,383,716
066580904,67,69,136
066580905,136,242,378
066580906,247,335,582
066580907,179,235,414
066580908,174,203,377
066580909,178,232,410
066580910,299,366,665
066580911,186,237,423
066580912,207,286,493
066580913,256,326,582
066581001,624,594,1218
066581002,713,746,1459
066581003,414,421,835
066581004,324,377,701
066581005,496,513,1009
066581006,297,334,631
066581007,477,539,1016
066581008,342,439,781
066581009,305,376,681
066581010,357,445,802
066581011,495,549,1044
066581012,864,845,1709
066581013,454,435,889
066581101,410,461,871
066581102,310,367,677
066581103,284,324,608
066581104,258,291,549
066581105,188,232,420
066581106,360,407,767
066581107,358,428,786
066581108,365,429,794
066581109,363,430,793
066581110,368,429,797
066581111,359,336,695
066581112,363,399,762
066581113,281,314,595
066581201,632,716,1348
066581202,469,561,1030
066581203,634,711,1345
066581204,436,561,997
066581205,422,482,904
066581206,425,517,942
066581207,288,394,682
066581208,332,419,751
066581209,400,455,855
066581210,372,439,811
066581211,442,487,929
066581212,447,493,940
066581213,296,372,668
066581301,341,311,652
066581302,259,270,529
066581303,188,204,392
066581304,394,442,836
066581305,227,250,477
066581306,409,406,815
066581307,498,454,952
066581308,419,427,846
066581309,450,449,899
066581310,412,408,820
066581401,299,324,623
066581402,134,132,266
066581403,167,172,339
066581404,385,354,739
066581405,272,266,538
066581406,267,265,532
066581407,519,540,1059
066581408,422,460,882
066581409,864,824,1688
066581410,402,400,802
066581501,365,384,749
066581502,428,478,906
066581503,595,595,1190
066581504,286,271,557
066581505,579,619,1198
066581506,270,274,544
066581507,351,410,761
066581508,383,384,767
066581509,496,550,1046
066581510,334,337,671
066581511,280,312,592
066581512,279,354,633
066581513,312,350,662
066581601,323,356,679
066581602,308,377,685
066581603,289,354,643
066581604,219,267,486
066581605,253,312,565
066581606,330,400,730
066581607,318,327,645
066581608,321,343,664
066581609,381,409,790
066581610,285,302,587
066581611,300,345,645
066581612,335,365,700
066581701,368,453,821
066581702,337,386,723
066581703,308,359,667
066581704,367,432,799
066581705,384,460,844
066581706,544,594,1138
066581707,392,445,837
066581708,485,545,1030
066581709,471,514,985
066581710,353,401,754
066581711,503,545,1048
066581712,371,432,803
066581801,168,180,348
066581802,227,263,490
066581803,292,332,624
066581804,337,420,757
066581805,338,402,740
066581806,325,418,743
066581807,274,326,600
066581808,312,353,665
066581809,385,442,827
066581810,340,408,748
066581811,288,332,620
066581812,185,207,392
066581901,248,264,512
066581902,317,374,691
066581903,258,281,539
066581904,219,255,474
066581905,294,301,595
066581906,235,280,515
066581907,268,273,541
066581908,373,407,780
066581909,304,350,654
066581910,431,426,857
066581911,529,516,1045
066582001,483,474,957
066582002,321,419,740
066582003,715,742,1457
066582004,634,639,1273
066582005,639,699,1338
066582006,536,530,1066
066582007,454,457,911
066582008,757,795,1552
066582009,910,1040,1950
066582010,824,903,1727
066582011,773,830,1603
066582101,784,866,1650
066582102,867,882,1749
066582103,832,854,1686
066582104,669,682,1351
066582105,722,727,1449
066582106,837,900,1737
066582107,1138,1122,2260
066582108,1120,1123,2243
066582109,692,719,1411
066582110,524,556,1080
066582111,775,800,1575
066582112,998,1085,2083
066582113,903,963,1866
066582114,630,659,1289
066582115,605,608,1213
066582116,576,614,1190
066582201,448,485,933
066582202,407,479,886
066582203,427,479,906
066582204,330,394,724
066582205,322,350,672
066582206,336,375,711
066582207,385,426,811
066582208,323,351,674
066582209,754,835,1589
066582210,550,634,1184
066582211,484,578,1062
066582301,372,415,787
066582302,586,624,1210
066582303,642,691,1333
066582304,541,596,1137
066582305,468,522,990
066582306,320,345,665
066582307,253,283,536
066582308,282,316,598
066582309,675,694,1369
066582310,691,700,1391
066582311,515,538,1053
066582312,395,458,853
066582401,495,489,984
066582402,467,502,969
066582403,614,706,1320
066582404,373,413,786
066582405,416,481,897
066582406,519,547,1066
066582407,459,503,962
066582408,347,428,775
066582409,365,371,736
066582410,300,382,682
066582411,299,354,653
066582412,321,339,660
066582501,303,313,616
066582502,290,361,651
066582503,413,454,867
066582504,289,332,621
066582505,350,434,784
066582506,367,446,813
066582507,350,400,750
066582508,440,515,955
066582509,299,340,639
066582510,455,552,1007
066582511,667,647,1314
066582512,614,628,1242
066582513,530,619,1149
066582514,204,220,424
066582601,814,846,1660
066582602,759,794,1553
066582603,488,537,1025
066582604,472,543,1015
066582605,371,403,774
066582606,461,479,940
066582607,345,429,774
066582608,357,398,755
066582609,315,379,694
066582610,470,545,1015
066582701,695,734,1429
066582702,571,594,1165
066582703,386,375,761
066582704,239,230,469
066582705,232,239,471
066582706,735,715,1450
066582707,550,547,1097
066582708,421,417,838
066582709,814,860,1674
066582710,513,563,1076
066582711,736,800,1536
066582712,691,708,1399
066582713,544,559,1103
066582714,466,455,921
066582715,584,563,1147
066582716,379,403,782
066582801,321,323,644
066582802,520,587,1107
066582803,374,448,822
066582804,516,574,1090
066582805,399,437,836
066582806,679,721,1400
066582807,661,667,1328
066582808,724,743,1467
066582809,572,641,1213
066582810,529,608,1137
066582901,625,669,1294
066582902,374,403,777
066582903,299,336,635
066582904,389,406,795
066582905,501,554,1055
066582906,616,638,1254
066582907,634,696,1330
066582908,784,785,1569
066582909,609,667,1276
066582910,722,733,1455
066582911,577,595,1172
066582912,768,845,1613
066583001,537,601,1138
066583002,560,594,1154
066583003,476,505,981
066583004,344,394,738
066583005,544,603,1147
066583006,522,569,1091
066583007,726,730,1456
066583008,767,722,1489
066583009,832,823,1655
066583010,630,650,1280
066583011,679,729,1408
066583012,465,508,973
066583101,355,468,823
066583102,523,594,1117
066583103,962,1058,2020
066583104,634,752,1386
066583105,497,535,1032
066583106,1595,1689,3284
066583107,386,476,862
066583108,306,367,673
066583109,372,413,785
066583110,629,675,1304
066583111,637,668,1305
066583112,327,369,696
066583113,285,300,585
066583201,352,397,749
066583202,560,623,1183
066583203,502,605,1107
066583204,309,322,631
066583205,419,472,891
066583206,194,189,383
066583207,689,873,1562
066583208,815,865,1680
066583209,241,243,484
066583210,729,790,1519
066583211,328,394,722
066583212,815,874,1689
066583213,547,572,1119
066583301,1020,1039,2059
066583302,827,780,1607
066583303,758,669,1427
066583304,742,794,1536
066583305,1312,1250,2562
066583306,844,900,1744
066583307,672,747,1419
066583308,351,361,712
066583309,641,720,1361
066583310,370,439,809
066583311,525,617,1142
066583312,479,517,996
066583313,520,484,1004
066583401,591,654,1245
066583402,560,574,1134
066583403,525,567,1092
066583404,523,566,1089
066583405,516,530,1046
066583406,636,635,1271
066583407,429,479,908
066583408,479,556,1035
066583409,459,512,971
066583410,329,404,733
066583411,633,626,1259
066583412,603,636,1239
066583413,616,681,1297
066583501,499,564,1063
066583502,645,681,1326
066583503,440,458,898
066583504,633,691,1324
066583505,387,432,819
066583506,651,670,1321
066583507,511,543,1054
066583508,671,720,1391
066583509,522,597,1119
066583510,902,886,1788
066583601,1033,1030,2063
066583602,1043,1042,2085
066583603,544,573,1117
066583604,381,394,775
066583605,518,619,1137
066583606,412,403,815
066583607,815,932,1747
066583608,495,527,1022
066583609,601,624,1225
066583610,468,529,997
066583611,792,867,1659
066583612,754,754,1508
066583613,613,647,1260
066583614,560,603,1163
066583701,972,975,1947
066583702,1173,1075,2248
066583703,516,553,1069
066583704,446,470,916
066583705,388,377,765
066583706,650,654,1304
066583707,821,895,1716
066583708,788,821,1609
066583709,554,552,1106
066583710,499,514,1013
066583711,928,975,1903
066583712,972,979,1951
066583713,1013,982,1995
066583801,1076,1029,2105
066583802,1008,966,1974
066583803,472,475,947
066583804,708,710,1418
066583805,878,810,1688
066583806,899,879,1778
066583807,210,227,437
066583808,534,516,1050
066583809,429,427,856
066583810,434,396,830
066583811,920,924,1844
066583812,538,610,1148
066583813,501,578,1079
066583814,749,813,1562
066583815,775,801,1576
066583816,1059,1135,2194
066583901,780,814,1594
066583902,743,755,1498
066583903,757,723,1480
066583904,398,421,819
066583905,736,742,1478
066583906,609,620,1229
066583907,672,673,1345
066583908,528,509,1037
066583909,426,421,847
066583910,985,1027,2012
066584001,906,858,1764
066584002,725,714,1439
066584003,674,601,1275
066584004,985,992,1977
066584005,735,743,1478
066584006,271,268,539
066584007,785,775,1560
066584008,538,514,1052
066584009,389,405,794
066584010,380,372,752
066584011,405,418,823
066584012,728,757,1485
066584013,645,609,1254
066584014,547,561,1108
066584015,1048,1069,2117
066584016,622,600,1222
066584017,876,904,1780
066584101,567,580,1147
066584102,1289,1313,2602
066584103,716,737,1453
066584104,815,864,1679
066584105,727,788,1515
066584106,788,817,1605
066584107,871,943,1814
066584108,768,796,1564
066584109,840,872,1712
066584110,904,918,1822
066584111,490,490,980
066584112,615,566,1181
066584113,923,941,1864
066584114,577,575,1152
066584115,605,589,1194
066584201,430,462,892
066584202,458,494,952
066584203,700,687,1387
066584204,525,574,1099
066584205,564,540,1104
066584206,463,491,954
066584207,413,371,784
066584208,600,639,1239
066584209,741,808,1549
066584210,616,631,1247
066584211,397,455,852
066584212,664,758,1422
066584213,769,816,1585
066584301,478,503,981
066584302,709,739,1448
066584303,839,943,1782
066584304,989,1001,1990
066584305,653,619,1272
066584306,738,718,1456
066584307,517,525,1042
066584308,833,880,1713
066584309,381,410,791
066584310,385,444,829
066584311,635,659,1294
066584312,557,614,1171
066584401,576,665,1241
066584402,668,656,1324
066584403,774,792,1566
066584404,1059,1056,2115
066584405,646,684,1330
066584406,595,620,1215
066584407,357,392,749
066584408,707,729,1436
066584409,1002,1012,2014
066584410,752,755,1507
066584411,1018,952,1970
066584412,756,753,1509
066584413,292,290,582
066584414,368,398,766
067490101,49,48,97
067490102,767,733,1500
067490103,592,511,1103
067490104,244,232,476
067490105,244,258,502
067490201,274,302,576
067490202,562,586,1148
067490203,452,567,1019
067490204,448,543,991
067490205,549,588,1137
067490206,163,179,342
067490207,391,412,803
067490208,492,531,1023
067490209,472,542,1014
067490210,481,611,1092
067490211,386,422,808
067490212,345,381,726
067490213,325,386,711
067490301,465,546,1011
067490302,161,204,365
067490303,263,273,536
067490304,418,484,902
067490305,378,418,796
067490306,232,302,534
067490307,309,349,658
067490308,313,391,704
067490309,275,317,592
067490310,290,358,648
067490311,284,374,658
067490312,433,506,939
067490401,148,172,320
067490402,183,177,360
067490403,241,350,591
067490404,328,541,869
067490405,225,246,471
067490406,364,407,771
067490501,210,258,468
067490502,325,387,712
067490503,341,373,714
067490504,321,404,725
067490505,259,327,586
067490506,235,350,585
067490507,179,227,406
067490508,168,260,428
067490509,278,316,594
067490510,302,377,679
067490511,155,178,333
067490512,186,248,434
067490513,147,198,345
067490601,271,274,545
067490602,315,392,707
067490603,429,493,922
067490604,310,294,604
067490605,401,462,863
067490701,591,645,1236
067490702,407,425,832
067490703,405,479,884
067490704,559,577,1136
067490705,668,728,1396
067490706,432,450,882
067490707,477,554,1031
067490708,667,733,1400
067490709,481,471,952
067490801,391,426,817
067490802,263,287,550
067490803,366,389,755
067490804,616,652,1268
067490805,651,733,1384
067490806,522,502,1024
067490807,683,739,1422
067490808,553,660,1213
067490809,499,542,1041
067490901,432,501,933
067490902,578,634,1212
067490903,793,846,1639
067490904,645,707,1352
067490905,692,770,1462
067490906,632,575,1207
067490907,327,370,697
067490908,498,563,1061
067490909,467,518,985
067490910,352,413,765
067490911,651,652,1303
067490912,680,705,1385
067490913,277,278,555
067491001,731,780,1511
067491002,571,655,1226
067491003,630,664,1294
067491004,567,621,1188
067491005,599,673,1272
067491006,567,618,1185
067491007,416,499,915
067491008,319,353,672
067491009,500,557,1057
067491010,359,383,742
067491011,571,671,1242
067491012,585,596,1181
067491013,306,292,598
067491101,540,566,1106
067491102,794,782,1576
067491103,539,588,1127
067491104,302,374,676
067491105,466,520,986
067491106,340,360,700
067491107,551,588,1139
067491108,397,351,748
067491109,257,245,502
067491110,540,620,1160
067491111,491,514,1005
067491112,337,371,708
067491113,626,685,1311
067491114,656,714,1370
067491201,544,581,1125
067491202,532,583,1115
067491203,868,894,1762
067491204,719,736,1455
067491205,566,723,1289
067491206,539,527,1066
067491207,522,548,1070
067491208,525,565,1090
067491209,435,434,869
067491210,664,697,1361
067491211,741,718,1459
067491301,739,765,1504
067491302,1040,1078,2118
067491303,590,591,1181
067491304,882,864,1746
067491305,816,844,1660
067491306,880,916,1796
067491307,28,24,52
067491308,437,434,871
067491309,439,488,927
067491310,405,483,888
067491311,408,421,829
067491312,474,487,961
067491313,456,496,952
067491314,501,519,1020
067491315,391,405,796
067491316,915,905,1820
067491317,463,523,986
067491318,534,552,1086
067491319,610,618,1228
067491320,515,537,1052
067491321,345,374,719
067491401,341,332,673
067491402,454,485,939
067491403,510,525,1035
067491404,503,544,1047
067491405,547,581,1128
067491406,583,648,1231
067491407,665,678,1343
067491408,626,623,1249
067491409,626,684,1310
067491410,526,547,1073
067491411,201,186,387
067491412,627,656,1283
067491413,609,678,1287
067491414,650,707,1357
067491415,555,619,1174
067491416,657,628,1285
067491417,1054,1028,2082
067491418,240,243,483
067491419,854,867,1721
067491420,471,454,925
067491501,49,26,75
067491502,144,115,259
067491503,69,40,109
067491504,161,123,284
067491505,126,104,230
067491506,51,29,80
067491507,37,38,75
067491508,86,84,170
067491509,189,155,344
067491510,192,177,369
067491511,213,184,397
067491512,180,143,323
067491513,136,105,241
067560101,343,407,750
067560102,279,293,572
067560103,407,402,809
067560104,475,520,995
067560105,453,473,926
067560106,373,442,815
067560107,541,622,1163
067560108,222,272,494
067560109,249,289,538
067560110,551,653,1204
067560111,235,299,534
067560112,482,500,982
067560113,444,487,931
067560114,547,657,1204
067560115,258,296,554
067560116,453,530,983
067560117,499,556,1055
067560201,438,474,912
067560202,379,429,808
067560203,621,657,1278
067560204,460,525,985
067560205,497,521,1018
067560206,401,467,868
067560207,511,598,1109
067560208,338,366,704
067560209,230,298,528
067560301,199,220,419
067560302,115,162,277
067560303,221,271,492
067560304,216,275,491
067560305,95,160,255
067560306,144,206,350
067560307,349,420,769
067560308,235,315,550
067560309,221,344,565
067560310,282,378,660
067560401,363,411,774
067560402,399,465,864
067560403,492,544,1036
067560404,393,472,865
067560405,524,545,1069
067560406,323,385,708
067560407,451,492,943
067560408,252,273,525
067560501,397,462,859
067560502,442,468,910
067560503,312,356,668
067560504,496,516,1012
067560505,344,392,736
067560506,352,377,729
067560507,320,377,697
067560508,319,376,695
067560509,272,351,623
067560510,388,428,816
067560601,410,522,932
067560602,230,290,520
067560603,185,241,426
067560604,106,149,255
067560605,210,272,482
067560606,201,290,491
067560607,252,379,631
067560608,324,358,682
067560609,226,334,560
067560610,292,400,692
067560611,252,330,582
067560612,307,342,649
067560701,311,412,723
067560702,232,301,533
067560703,145,197,342
067560704,390,444,834
067560705,267,368,635
067560706,284,400,684
067560707,322,456,778
067560708,306,393,699
067560709,385,510,895
067560710,481,563,1044
067560801,420,504,924
067560802,409,480,889
067560803,413,494,907
067560804,538,541,1079
067560805,484,544,1028
067560806,601,641,1242
067560807,432,456,888
067560808,465,533,998
067560809,433,509,942
067560901,289,317,606
067560902,219,234,453
067560903,462,530,992
067560904,480,543,1023
067560905,532,577,1109
067560906,529,596,1125
067560907,586,696,1282
067560908,532,572,1104
067560909,462,526,988
067560910,482,530,1012
067560911,367,444,811
067560912,436,487,923
067560913,416,487,903
067560914,518,568,1086
067560915,497,546,1043
067560916,423,459,882
067561001,235,300,535
067561002,242,318,560
067561003,275,363,638
067561004,248,355,603
067561005,181,250,431
067561006,275,435,710
067561007,269,318,587
067561008,190,276,466
067561009,98,153,251
067561010,430,512,942
067561011,455,497,952
067561012,452,560,1012
067561101,241,289,530
067561102,243,288,531
067561103,296,362,658
067561104,295,369,664
067561105,334,401,735
067561106,360,376,736
067561107,371,404,775
067561108,206,285,491
067561109,155,208,363
067561110,190,248,438
067561111,277,367,644
067561112,436,457,893
067561113,364,397,761
067561201,518,613,1131
067561202,280,336,616
067561203,351,407,758
067561204,756,832,1588
067561205,431,472,903
067561206,201,219,420
067561207,149,164,313
067561208,467,502,969
067561209,442,513,955
067561210,408,464,872
067561211,486,523,1009
067561301,303,327,630
067561302,225,282,507
067561303,670,773,1443
067561304,445,501,946
067561305,493,539,1032
067561306,390,434,824
067561307,446,483,929
067561308,492,571,1063
067561309,619,636,1255
067561310,456,413,869
067561311,676,745,1421
067561312,547,624,1171
067561313,505,589,1094
067561314,1062,1115,2177
067561401,1142,1187,2329
067561402,1348,1356,2704
067561403,274,345,619
067561404,346,369,715
067561405,316,394,710
067561406,317,402,719
067561407,515,630,1145
067561408,536,625,1161
067561409,761,842,1603
067561410,1113,1121,2234
067561411,653,666,1319
067561412,531,533,1064
067561413,443,428,871
067561414,562,545,1107
067561415,484,513,997
067561501,687,729,1416
067561502,617,658,1275
067561503,535,591,1126
067561504,744,757,1501
067561505,621,692,1313
067561506,466,503,969
067561507,332,361,693
067561508,267,287,554
067561509,373,361,734
067561510,484,525,1009
067561511,600,649,1249
067561512,348,346,694
067561601,494,545,1039
067561602,331,368,699
067561603,469,496,965
067561604,442,485,927
067561605,308,412,720
067561606,247,301,548
067561607,275,288,563
067561608,369,417,786
067561609,456,463,919
067561610,336,392,728
067561611,543,617,1160
067561612,450,486,936
067561613,446,476,922
067561701,372,439,811
067561702,592,576,1168
067561703,476,531,1007
067561704,413,461,874
067561705,275,293,568
067561706,433,487,920
067561707,507,526,1033
067561708,582,611,1193
067561709,581,633,1214
067561710,347,372,719
067561801,370,401,771
067561802,549,587,1136
067561803,364,437,801
067561804,520,544,1064
067561805,318,340,658
067561806,330,377,707
067561807,277,323,600
067561808,75,90,165
067561809,257,308,565
067561810,319,412,731
067561811,555,656,1211
067561901,593,615,1208
067561902,608,625,1233
067561903,381,405,786
067561904,312,332,644
067561905,648,690,1338
067561906,615,644,1259
067561907,514,556,1070
067561908,628,674,1302
067561909,552,611,1163
067561910,401,452,853
067562001,492,596,1088
067562002,418,476,894
067562003,569,643,1212
067562004,281,322,603
067562005,322,369,691
067562006,274,318,592
067562007,706,739,1445
067562008,540,605,1145
067562009,475,499,974
067562101,680,764,1444
067562102,660,685,1345
067562103,433,487,920
067562104,800,902,1702
067562105,442,470,912
067562106,580,590,1170
067562107,357,343,700
067562108,602,647,1249
067562109,501,520,1021
067562110,110,136,246
067562111,421,545,966
067562201,958,1036,1994
067562202,536,619,1155
067562203,768,891,1659
067562204,819,856,1675
067562205,521,543,1064
067562206,792,806,1598
067562207,459,490,949
067562208,377,419,796
067562209,427,453,880
067562210,418,477,895
067562211,553,545,1098
067562212,293,317,610
067562213,306,304,610
067562301,1222,1320,2542
067562302,504,513,1017
067562303,432,444,876
067562304,658,650,1308
067562305,524,595,1119
067562306,411,439,850
067562307,535,590,1125
067562308,482,578,1060
067562309,669,667,1336
067562310,543,585,1128
067562401,481,546,1027
067562402,253,300,553
067562403,330,361,691
067562404,340,359,699
067562405,325,385,710
067562406,462,551,1013
067562407,266,286,552
067562408,277,311,588
067562409,313,369,682
067562410,364,402,766
067562411,499,605,1104
067562412,576,682,1258
067562413,407,482,889
067562501,619,643,1262
067562502,432,492,924
067562503,254,291,545
067562504,217,264,481
067562505,302,331,633
067562506,303,350,653
067562507,283,300,583
067562508,242,274,516
067562509,499,601,1100
067562510,546,576,1122
067562511,578,584,1162
067562512,619,679,1298
067562513,443,484,927
067562514,367,449,816
067562515,452,483,935
067562516,514,559,1073
067562517,335,413,748
067562518,559,606,1165
067562519,516,560,1076
067562601,575,607,1182
067562602,358,387,745
067562603,250,289,539
067562604,336,380,716
067562605,314,363,677
067562606,521,566,1087
067562607,538,597,1135
067562608,603,615,1218
067562609,334,357,691
067562610,344,326,670
067562611,614,631,1245
067562701,904,900,1804
067562702,790,865,1655
067562703,689,703,1392
067562704,614,630,1244
067562705,732,774,1506
067562706,808,881,1689
067562707,298,340,638
067562708,407,392,799
067562709,339,352,691
067562710,439,459,898
067562711,677,712,1389
067562712,654,701,1355
067600101,531,560,1091
067600102,547,603,1150
067600103,581,594,1175
067600104,474,491,965
067600105,739,748,1487
067600106,387,450,837
067600107,776,767,1543
067600108,755,778,1533
067600109,843,875,1718
067600110,631,737,1368
067600111,339,356,695
067600112,332,405,737
067600113,457,517,974
067600114,696,793,1489
067600115,395,435,830
067600116,326,339,665
067600117,302,356,658
067600201,591,658,1249
067600202,541,592,1133
067600203,302,332,634
067600204,324,371,695
067600205,265,358,623
067600206,290,425,715
067600207,380,473,853
067600208,172,203,375
067600209,192,239,431
067600210,575,666,1241
067600211,325,399,724
067600212,403,452,855
067600213,445,520,965
067600214,222,269,491
067600215,193,228,421
067600216,166,210,376
067600217,170,235,405
067600301,290,313,603
067600302,677,769,1446
067600303,441,486,927
067600304,379,417,796
067600305,558,617,1175
067600306,315,394,709
067600307,126,135,261
067600308,340,407,747
067600309,290,315,605
067600310,117,121,238
067600311,413,506,919
067600312,116,112,228
067600313,479,595,1074
067600314,306,334,640
067600315,299,329,628
067600316,152,179,331
067600317,369,447,816
067600401,424,423,847
067600501,849,913,1762
067600502,468,490,958
067600503,698,813,1511
067600504,384,494,878
067600505,592,656,1248
067600506,426,458,884
067600507,553,567,1120
067600508,850,882,1732
067600509,681,691,1372
067600510,890,971,1861
067600511,1134,1252,2386
067600512,522,594,1116
067600601,522,531,1053
067600602,553,607,1160
067600603,427,461,888
067600604,432,493,925
067600605,412,467,879
067600606,405,445,850
067600607,567,579,1146
067600608,621,667,1288
067600609,813,815,1628
067600610,845,763,1608
067600701,1021,1112,2133
067600702,936,929,1865
067600703,653,714,1367
067600704,576,624,1200
067600705,770,779,1549
067600706,439,437,876
067600707,389,404,793
067600708,499,509,1008
067600709,593,668,1261
067600710,785,845,1630
067600801,453,475,928
067600802,689,757,1446
067600803,486,542,1028
067600804,545,575,1120
067600805,287,330,617
067600806,520,578,1098
067600807,854,925,1779
067600808,334,381,715
067600809,543,574,1117
067600810,505,579,1084
067600811,392,452,844
067600812,549,603,1152
067600901,341,403,744
067600902,348,395,743
067600903,577,620,1197
067600904,361,413,774
067600905,319,380,699
067600906,251,318,569
067600907,555,639,1194
067600908,319,338,657
067600909,338,365,703
067600910,591,703,1294
067600911,700,788,1488
067600912,670,767,1437
067600913,719,784,1503
067600914,610,624,1234
067600915,318,342,660
067600916,430,445,875
067601001,441,376,817
067601002,472,478,950
067601003,321,316,637
067601004,399,466,865
067601005,385,427,812
067601006,66,88,154
067601007,157,166,323
067601008,203,223,426
067601009,443,484,927
067601010,158,170,328
067601011,220,223,443
067601012,797,894,1691
067601013,733,715,1448
067601014,737,738,1475
067601015,754,751,1505
067601101,349,384,733
067601102,504,554,1058
067601103,904,962,1866
067601104,718,736,1454
067601105,295,382,677
067601106,1146,1183,2329
067601107,694,741,1435
067601108,1144,1177,2321
067601109,431,410,841
067601110,767,805,1572
067601111,986,1007,1993
067601112,371,409,780
067601113,375,405,780
067601114,258,263,521
067601115,311,331,642
067601116,320,423,743
067601117,479,410,889
067601201,353,400,753
067601202,403,415,818
067601203,206,176,382
067601204,358,363,721
067601205,492,499,991
067601206,307,295,602
067601207,252,266,518
067601208,506,506,1012
067601209,455,384,839
067601210,455,450,905
067601211,569,581,1150
067601212,642,612,1254
067601213,9,8,17
067601214,668,650,1318
067601215,651,674,1325
067601216,646,718,1364
067601217,842,813,1655
067601218,500,486,986
067601219,649,619,1268
067601301,304,340,644
067601302,567,613,1180
067601303,252,312,564
067601304,399,395,794
067601305,453,493,946
067601306,911,870,1781
067601307,473,460,933
067601308,502,503,1005
067601309,784,789,1573
067601310,843,858,1701
067601311,643,695,1338
067601312,612,559,1171
067601313,531,511,1042
067601314,826,776,1602
067601315,832,810,1642
067601316,374,352,726
067601401,446,434,880
067601402,526,490,1016
067601403,536,536,1072
067601404,821,858,1679
067601405,635,638,1273
067601406,1169,1095,2264
067601407,1058,1046,2104
067601408,540,542,1082
067601409,644,680,1324
067601410,661,665,1326
067601411,592,596,1188
067601412,892,831,1723
067601413,849,838,1687
067601414,475,477,952
067601415,200,229,429
067601501,508,587,1095
067601502,378,447,825
067601503,293,353,646
067601504,456,473,929
067601505,848,878,1726
067601506,474,458,932
067601507,561,613,1174
067601508,675,658,1333
067601509,809,874,1683
067601510,428,408,836
067601511,555,529,1084
067601512,596,629,1225
067601513,507,533,1040
067601514,439,450,889
067601515,347,350,697
067601516,387,391,778
067601601,499,523,1022
067601602,473,505,978
067601603,638,694,1332
067601604,587,609,1196
067601605,718,659,1377
067601606,786,770,1556
067601607,580,576,1156
067601608,665,704,1369
067601609,482,475,957
067601610,531,538,1069
067601611,389,416,805
067601612,263,295,558
067601613,589,631,1220
067601614,611,570,1181
067601701,800,843,1643
067601702,716,699,1415
067601703,504,509,1013
067601704,555,565,1120
067601705,690,736,1426
067601706,722,744,1466
067601707,555,563,1118
067601708,770,802,1572
067601709,510,534,1044
067601710,573,556,1129
067601711,506,489,995
067601712,591,593,1184
067601713,550,558,1108
067601714,490,502,992
067601715,608,659,1267
067601716,427,431,858
067601801,589,633,1222
067601802,550,559,1109
067601803,698,734,1432
067601804,857,835,1692
067601805,458,491,949
067601806,462,482,944
067601807,552,589,1141
067601808,789,795,1584
067601809,606,589,1195
067601810,547,550,1097
067601811,587,653,1240
067601812,785,747,1532
067601813,519,545,1064
067601814,583,591,1174
067601815,542,547,1089
067601816,503,526,1029
068050101,338,347,685
068050102,346,339,685
068050103,417,413,830
068050104,498,493,991
068050105,200,203,403
068050106,284,280,564
068050107,446,465,911
068050108,285,296,581
068050201,188,183,371
068050202,379,331,710
068050203,704,654,1358
068050204,698,701,1399
068050205,826,869,1695
068050301,123,121,244
068050302,249,232,481
068050303,594,576,1170
068050304,1120,1210,2330
068050305,772,787,1559
068050306,484,476,960
068050307,732,809,1541
068050308,445,488,933
068050309,300,310,610
068050310,225,293,518
068050311,703,755,1458
068050401,389,395,784
068050402,421,421,842
068050403,1026,1000,2026
068050404,807,867,1674
068050405,975,959,1934
068050406,557,573,1130
068050407,1328,1340,2668
068050408,465,487,952
068050409,778,848,1626
068050410,872,862,1734
068050411,764,799,1563
068050412,1288,1354,2642
068050501,510,541,1051
068050502,484,580,1064
068050503,580,691,1271
068050504,343,349,692
068050505,429,461,890
068050506,443,511,954
068050507,749,843,1592
068050508,533,579,1112
068050509,390,411,801
068050510,387,439,826
068050511,790,895,1685
068050512,803,820,1623
068050513,760,718,1478
068050601,1128,1109,2237
068050602,399,393,792
068050603,535,577,1112
068050604,527,583,1110
068050605,271,309,580
068050606,294,302,596
068050607,155,143,298
068050608,371,425,796
068050609,450,509,959
068050610,423,498,921
068050611,442,447,889
068050612,431,541,972
068050701,227,256,483
068050702,385,405,790
068050703,507,587,1094
068050704,430,438,868
068050705,494,514,1008
068050706,251,246,497
068050707,213,235,448
068050708,34,52,86
068050709,126,123,249
068050710,45,59,104
068050711,45,49,94
068050801,186,213,399
068050802,117,110,227
068050803,346,348,694
068050804,271,273,544
068050805,259,271,530
068050806,448,477,925
068050807,760,842,1602
068050808,910,956,1866
068050809,927,898,1825
068050810,394,414,808
068050811,872,898,1770
068050812,446,457,903
068050813,1086,1008,2094
068050814,816,833,1649
068050901,2,1,3
068050902,496,518,1014
068050903,513,518,1031
068050904,1037,1045,2082
068050905,1151,1236,2387
068050906,1148,1292,2440
068051001,788,881,1669
068051002,488,506,994
068051003,479,543,1022
068051004,902,923,1825
068051005,423,443,866
068051006,668,741,1409
068051007,837,828,1665
068051008,1085,1098,2183
068051009,956,1008,1964
068051010,815,775,1590
068051011,657,659,1316
068051012,614,667,1281
068051013,485,516,1001
068051101,639,699,1338
068051102,405,433,838
068051103,1040,1051,2091
068051104,831,906,1737
068051105,699,758,1457
068051106,629,617,1246
068051107,786,808,1594
068051108,1151,1216,2367
068051109,869,879,1748
068051110,944,1002,1946
068051201,372,407,779
068051202,493,505,998
068051203,475,523,998
068051204,430,494,924
068051205,392,472,864
068051206,305,344,649
068051207,416,455,871
068051208,370,413,783
068051209,292,299,591
068051210,887,953,1840
068051211,504,565,1069
068051212,563,651,1214
068051213,403,438,841
068051214,446,483,929
068051301,771,781,1552
068051302,811,778,1589
068051303,835,900,1735
068051304,626,697,1323
068051305,561,599,1160
068051306,515,484,999
068051307,488,507,995
068051308,1035,1052,2087
068051309,555,577,1132
068051310,410,453,863
068051311,823,834,1657
068051312,672,750,1422
068051313,632,640,1272
068051314,543,588,1131
068051315,441,442,883
068051316,555,596,1151
068051317,409,447,856
068051318,750,808,1558
068051401,727,745,1472
068051402,480,520,1000
068051403,637,614,1251
068051404,617,688,1305
068051405,825,893,1718
068051406,529,576,1105
068051407,527,533,1060
068051408,527,551,1078
068051409,519,559,1078
068051410,486,513,999
068051411,571,618,1189
068051412,585,607,1192
068051413,689,725,1414
068051414,717,716,1433
068051415,648,700,1348
068051416,938,976,1914
068051501,402,460,862
068051502,419,431,850
068051503,543,596,1139
068051504,520,592,1112
068051505,548,592,1140
068051506,816,871,1687
068051507,640,667,1307
068051508,737,778,1515
068051509,584,632,1216
068051510,600,619,1219
068051511,530,628,1158
068051512,383,389,772
068051513,594,609,1203
068051601,873,887,1760
068051602,957,979,1936
068051603,592,621,1213
068051604,927,918,1845
068051605,426,437,863
068051606,585,588,1173
068051607,620,615,1235
068051608,628,659,1287
068051609,598,640,1238
068051610,1088,1089,2177
068051611,624,612,1236
068051701,724,745,1469
068051702,615,703,1318
068051703,319,387,706
068051704,396,455,851
068051705,633,700,1333
068051706,716,749,1465
068051707,770,824,1594
068051708,740,809,1549
068051709,883,902,1785
068051710,761,803,1564
068051711,777,841,1618
068051801,407,420,827
068051802,419,423,842
068051803,739,781,1520
068051804,622,684,1306
068051805,562,590,1152
068051806,413,469,882
068051807,391,477,868
068051808,657,693,1350
068051809,651,716,1367
068051810,670,737,1407
068051811,618,737,1355
068051812,923,861,1784
068051901,440,445,885
068051902,475,492,967
068051903,473,468,941
068051904,376,399,775
068051905,516,521,1037
068051906,817,829,1646
068051907,382,424,806
068051908,330,376,706
068051909,518,573,1091
068051910,372,360,732
068051911,723,803,1526
068051912,647,688,1335
068051913,91,87,178
068051914,399,444,843
068052001,250,252,502
068052002,475,471,946
068052003,359,410,769
068052004,927,975,1902
068052005,697,734,1431
068052006,724,778,1502
068052007,1121,1142,2263
068052008,452,492,944
068052009,604,674,1278
068052010,582,615,1197
068052011,727,739,1466
068052012,528,532,1060
068052013,625,617,1242
068052014,475,512,987
068052101,605,576,1181
068052102,517,551,1068
068052103,979,981,1960
068052104,1014,1041,2055
068052105,609,628,1237
068052106,626,610,1236
068052107,582,583,1165
068052108,572,573,1145
068052109,562,626,1188
068052110,584,633,1217
068052111,662,705,1367
068052112,669,642,1311
068052113,703,709,1412
068052114,544,554,1098
068052201,857,862,1719
068052202,1021,921,1942
068052203,883,894,1777
068052204,1019,923,1942
068052205,991,963,1954
068052206,768,754,1522
068052207,671,712,1383
068052208,567,588,1155
068052209,770,742,1512
068052210,472,465,937
068052301,671,682,1353
068052302,825,836,1661
068052303,871,849,1720
068052304,821,859,1680
068052305,644,688,1332
068052306,514,581,1095
068052307,946,891,1837
068052308,463,435,898
068052309,424,422,846
068052310,808,746,1554
068052311,417,397,814
068052312,2826,2793,5619
068052313,631,664,1295
068052314,940,924,1864
068052315,754,741,1495
068052401,702,774,1476
068052402,743,756,1499
068052403,554,511,1065
068052404,616,623,1239
068052405,953,955,1908
068052406,394,385,779
068052407,366,339,705
068052408,655,645,1300
068052409,819,778,1597
068052410,780,762,1542
068052501,552,583,1135
068052502,532,565,1097
068052503,267,254,521
068052504,203,221,424
068052505,728,772,1500
068052506,864,847,1711
068052507,1275,1228,2503
068052508,540,483,1023
068052509,407,433,840
068052510,387,475,862
068052511,591,627,1218
068052512,807,809,1616
068052601,81,46,127
068052602,116,78,194
068052603,200,184,384
068052604,94,83,177
068052605,73,54,127
068052606,63,50,113
068052607,35,29,64
068052608,109,105,214
068052609,441,413,854
068052610,314,283,597
068052611,148,149,297
068052612,128,100,228
068052613,114,91,205
068052614,61,54,115
068052615,173,175,348
068052616,86,57,143
068052617,26,12,38
068052618,123,113,236
068052619,173,160,333
068052620,245,227,472
068052621,102,100,202
068400101,236,215,451
068400102,609,614,1223
068400103,945,1003,1948
068400104,504,544,1048
068400105,931,951,1882
068400106,740,776,1516
068400107,835,821,1656
068400108,418,415,833
068400109,556,595,1151
068400110,791,809,1600
068400111,544,597,1141
068400112,601,633,1234
068400113,937,977,1914
068400201,672,722,1394
068400202,737,760,1497
068400203,452,485,937
068400204,442,499,941
068400205,488,543,1031
068400206,456,471,927
068400207,371,451,822
068400208,362,344,706
068400209,567,606,1173
068400210,421,443,864
068400211,460,500,960
068400212,645,644,1289
068400301,523,585,1108
068400302,650,697,1347
068400303,510,514,1024
068400304,623,710,1333
068400305,679,706,1385
068400306,611,666,1277
068400307,671,709,1380
068400308,766,801,1567
068400309,492,516,1008
068400310,427,459,886
068400311,766,812,1578
068400312,734,759,1493
068400401,872,881,1753
068400402,995,959,1954
068400403,495,506,1001
068400404,386,423,809
068400405,423,463,886
068400406,414,458,872
068400407,473,489,962
068400408,234,227,461
068400409,432,453,885
068400410,761,770,1531
068400411,508,557,1065
068400412,315,375,690
068400413,610,614,1224
068400414,503,513,1016
068400415,608,658,1266
068400416,561,579,1140
068400417,694,700,1394
068400501,626,653,1279
068400502,455,463,918
068400503,474,528,1002
068400504,409,468,877
068400505,450,481,931
068400506,295,385,680
068400507,427,476,903
068400508,568,681,1249
068400509,344,375,719
068400510,471,474,945
068400511,760,770,1530
068400512,652,690,1342
068400601,726,748,1474
068400602,313,341,654
068400603,411,455,866
068400604,502,502,1004
068400605,524,607,1131
068400606,604,646,1250
068400607,412,435,847
068400608,276,308,584
068400609,305,361,666
068400610,353,373,726
068400611,278,323,601
068400612,308,317,625
068400613,487,499,986
068400614,574,595,1169
068400615,446,518,964
068400616,508,526,1034
068400701,601,689,1290
068400702,550,634,1184
068400703,397,471,868
068400704,411,458,869
068400705,370,373,743
068400706,379,436,815
068400707,439,493,932
068400708,500,555,1055
068400709,458,530,988
068400710,515,581,1096
068400711,455,677,1132
068400801,383,451,834
068400802,284,321,605
068400803,256,308,564
068400804,429,505,934
068400805,487,567,1054
068400806,339,364,703
068400807,371,418,789
068400808,340,353,693
068400809,548,619,1167
068400810,304,360,664
068400811,415,483,898
068400812,517,593,1110
068400901,461,495,956
068400902,292,319,611
068400903,413,439,852
068400904,329,382,711
068400905,262,297,559
068400906,342,396,738
068400907,355,398,753
068400908,295,349,644
068400909,298,343,641
068400910,407,436,843
068401001,544,596,1140
068401002,576,646,1222
068401003,266,316,582
068401004,320,401,721
068401005,267,321,588
068401006,333,403,736
068401007,354,410,764
068401008,254,315,569
068401009,169,224,393
068401010,299,301,600
068401011,305,338,643
068401012,234,280,514
068401013,263,298,561
068401101,377,412,789
068401102,359,377,736
068401103,256,261,517
068401104,138,169,307
068401105,404,416,820
068401106,542,568,1110
068401107,369,399,768
068401108,587,609,1196
068401109,394,451,845
068401110,536,635,1171
068401111,488,540,1028
068401112,425,528,953
068401201,479,555,1034
068401202,499,575,1074
068401203,503,533,1036
068401204,251,305,556
068401205,421,483,904
068401206,10,8,18
068401207,299,335,634
068401208,328,348,676
068401209,364,447,811
068401210,422,485,907
068401211,523,546,1069
068401301,456,494,950
068401302,280,292,572
068401303,523,614,1137
068401304,452,498,950
068401305,363,423,786
068401306,299,348,647
068401307,237,296,533
068401308,280,322,602
068401309,425,466,891
068401310,568,648,1216
068401311,363,417,780
068401312,417,542,959
068401313,222,242,464
068401314,249,354,603
068401401,467,538,1005
068401402,298,348,646
068401403,353,366,719
068401404,626,702,1328
068401405,421,442,863
068401406,309,384,693
068401407,366,435,801
068401408,235,243,478
068401409,414,456,870
068401410,430,488,918
068401501,306,305,611
068401502,492,569,1061
068401503,336,375,711
068401504,312,378,690
068401505,474,532,1006
068401506,467,523,990
068401507,230,269,499
068401508,246,298,544
068401509,431,489,920
068401510,454,521,975
068401511,230,262,492
068401512,275,279,554
068401513,416,460,876
068401514,431,489,920
068401601,344,379,723
068401602,350,402,752
068401603,392,418,810
068401604,400,393,793
068401605,427,475,902
068401606,395,442,837
068401607,290,350,640
068401608,418,467,885
068401609,366,445,811
068401610,288,323,611
068401611,235,270,505
068401612,269,298,567
068401613,382,387,769
068401614,218,245,463
068401701,338,395,733
068401702,525,610,1135
068401703,430,509,939
068401704,339,391,730
068401705,436,454,890
068401706,580,615,1195
068401707,304,348,652
068401708,419,446,865
068401709,278,310,588
068401710,353,390,743
068401711,272,300,572
068401712,303,336,639
068401713,279,302,581
068401801,213,230,443
068401802,322,394,716
068401803,206,286,492
068401804,228,267,495
068401805,196,248,444
068401806,421,517,938
068401807,472,544,1016
068401808,549,612,1161
068401809,496,551,1047
068401810,505,573,1078
068401811,299,343,642
068401812,316,328,644
068401813,466,531,997
068401814,337,408,745
068401901,209,270,479
068401902,277,362,639
068401903,424,493,917
068401904,596,633,1229
068401905,454,514,968
068401906,575,630,1205
068401907,349,409,758
068401908,459,535,994
068401909,367,405,772
068401910,291,308,599
068401911,471,547,1018
068401912,438,471,909
068402001,378,437,815
068402002,396,445,841
068402003,536,596,1132
068402004,486,541,1027
068402005,453,512,965
068402006,462,494,956
068402007,421,440,861
068402008,368,427,795
068402009,481,524,1005
068402010,354,388,742
068402011,511,621,1132
068402101,350,407,757
068402102,285,337,622
068402103,211,255,466
068402104,330,368,698
068402105,346,374,720
068402106,558,579,1137
068402107,519,565,1084
068402108,502,564,1066
068402109,656,694,1350
068402110,627,717,1344
068402201,642,677,1319
068402202,459,512,971
068402203,507,564,1071
068402204,479,476,955
068402205,420,461,881
068402206,487,497,984
068402207,531,589,1120
068402208,585,664,1249
068402301,357,387,744
068402302,394,443,837
068402303,228,287,515
068402304,318,345,663
068402305,500,565,1065
068402306,285,302,587
068402307,290,291,581
068402308,764,775,1539
068402309,348,361,709
068402310,459,486,945
068402401,503,537,1040
068402402,385,430,815
068402403,274,313,587
068402404,363,397,760
068402405,484,476,960
068402406,458,467,925
068402407,433,484,917
068402408,343,378,721
068402409,352,406,758
068402410,235,290,525
068402501,230,230,460
068402502,112,107,219
068402503,318,307,625
068402504,485,429,914
068402505,272,275,547
068402506,697,661,1358
068402507,257,242,499
068402508,274,303,577
068402509,290,313,603
068402510,462,496,958
068402511,391,433,824
068402601,889,865,1754
068402602,1708,1940,3648
068402603,633,629,1262
068402604,236,268,504
068402605,494,549,1043
068402606,1574,1697,3271
068402607,288,285,573
068402608,7,9,16
068402701,349,385,734
068402702,610,616,1226
068402703,542,582,1124
068402704,555,573,1128
068402705,135,127,262
068402706,182,212,394
068402707,369,402,771
068402708,411,465,876
068402709,381,460,841
068402710,489,549,1038
068402711,343,360,703
068402712,452,549,1001
068402713,404,443,847
068402801,492,542,1034
068402802,448,488,936
068402803,333,383,716
068402804,434,457,891
068402805,622,649,1271
068402806,462,466,928
068402807,542,666,1208
068402808,334,374,708
068402809,438,501,939
068402810,335,410,745
068402811,514,579,1093
068402901,507,505,1012
068402902,368,403,771
068402903,757,819,1576
068402904,428,509,937
068402905,546,628,1174
068402906,315,378,693
068402907,456,531,987
068402908,383,453,836
068402909,475,554,1029
068402910,547,590,1137
068402911,261,292,553
068403001,320,406,726
068403002,228,257,485
068403003,346,427,773
068403004,405,452,857
068403005,228,260,488
068403006,313,362,675
068403007,335,356,691
068403008,467,527,994
068403009,278,350,628
068403010,253,273,526
068403011,364,443,807
068403012,195,276,471
068403013,222,269,491
068403101,202,182,384
068403102,470,515,985
068403103,390,499,889
068403104,354,394,748
068403105,468,531,999
068403106,479,557,1036
068403107,382,442,824
068403108,410,496,906
068403109,498,557,1055
068403110,368,430,798
068403201,198,214,412
068403202,420,455,875
068403203,315,365,680
068403204,407,483,890
068403205,432,453,885
068403206,355,398,753
068403207,404,461,865
068403208,437,501,938
068403209,421,473,894
068610101,336,363,699
068610102,234,243,477
068610103,282,307,589
068610104,339,421,760
068610105,367,416,783
068610106,252,307,559
068610107,237,329,566
068610108,336,409,745
068610109,334,378,712
068610110,245,305,550
068610111,237,269,506
068610201,396,437,833
068610202,282,309,591
068610203,159,214,373
068610204,437,490,927
068610205,211,267,478
068610206,200,228,428
068610207,249,308,557
068610208,174,127,301
068610209,416,458,874
068610210,422,502,924
068610211,367,384,751
068610212,223,305,528
068610301,317,370,687
068610302,265,332,597
068610303,336,448,784
068610304,321,464,785
068610305,236,319,555
068610306,202,285,487
068610307,217,312,529
068610308,261,335,596
068610309,137,205,342
068610310,181,285,466
068610311,250,370,620
068610401,219,271,490
068610402,248,252,500
068610403,230,287,517
068610404,142,180,322
068610405,240,299,539
068610406,295,343,638
068610407,372,463,835
068610408,193,219,412
068610409,246,350,596
068610410,324,378,702
068610411,215,269,484
068610501,271,334,605
068610502,205,223,428
068610503,266,291,557
068610504,322,384,706
068610505,291,340,631
068610506,0,0,0
068610507,244,279,523
068610508,473,550,1023
068610509,285,380,665
068610601,114,133,247
068610602,195,234,429
068610603,348,387,735
068610604,252,305,557
068610605,127,162,289
068610606,269,331,600
068610607,254,298,552
068610608,172,163,335
068610609,239,342,581
068610610,410,502,912
068610611,161,183,344
068610701,356,427,783
068610702,209,292,501
068610703,228,293,521
068610704,321,399,720
068610705,338,413,751
068610706,215,257,472
068610707,304,380,684
068610708,313,367,680
068610709,371,477,848
068610801,338,395,733
068610802,347,439,786
068610803,270,308,578
068610804,368,443,811
068610805,202,231,433
068610806,289,319,608
068610807,211,258,469
068610808,303,352,655
068610809,198,230,428
068610810,421,422,843
068610811,240,254,494
068610901,396,448,844
068610902,212,244,456
068610903,292,300,592
068610904,296,335,631
068610905,503,565,1068
068610906,404,466,870
068610907,389,452,841
068610908,249,352,601
068610909,142,165,307
068610910,312,367,679
068610911,570,580,1150
068610912,392,445,837
068611001,454,509,963
068611002,552,531,1083
068611003,504,579,1083
068611004,468,520,988
068611005,448,500,948
068611006,449,472,921
068611007,426,430,856
068611008,433,493,926
068611009,370,410,780
068611010,402,442,844
068611101,444,515,959
068611102,354,385,739
068611103,398,402,800
068611104,296,327,623
068611105,293,319,612
068611106,441,503,944
068611107,530,585,1115
068611108,302,343,645
068611109,385,438,823
068611110,269,348,617
068611201,318,342,660
068611202,358,378,736
068611203,228,274,502
068611204,265,281,546
068611205,406,493,899
068611206,314,363,677
068611207,436,461,897
068611208,424,488,912
068611209,401,449,850
068611301,188,229,417
068611302,249,287,536
068611303,248,296,544
068611304,300,400,700
068611305,328,384,712
068611306,441,506,947
068611307,324,369,693
068611308,311,349,660
068611309,463,483,946
068611401,263,337,600
068611402,220,284,504
068611403,283,338,621
068611404,386,452,838
068611405,232,311,543
068611406,226,267,493
068611407,392,476,868
068611408,345,388,733
068611409,401,556,957
068611410,313,342,655
068611411,158,182,340
068611412,210,236,446
068611501,209,307,516
068611502,245,342,587
068611503,418,566,984
068611504,110,124,234
068611505,164,214,378
068611506,320,392,712
068611507,348,410,758
068611508,377,479,856
068611509,204,310,514
068611510,505,515,1020
068611601,257,324,581
068611602,253,280,533
068611603,361,405,766
068611604,399,488,887
068611605,389,478,867
068611606,398,417,815
068611607,422,472,894
068611608,390,378,768
068611609,503,559,1062
068611610,447,465,912
068611611,390,453,843
068611701,450,490,940
068611702,453,452,905
068611703,334,412,746
068611704,301,333,634
068611705,361,373,734
068611706,378,391,769
068611707,495,539,1034
068611708,453,505,958
068611709,435,460,895
068611801,509,552,1061
068611802,482,528,1010
068611803,396,488,884
068611804,315,388,703
068611805,272,291,563
068611806,446,528,974
068611807,406,463,869
068611808,398,460,858
068611809,460,453,913
068611810,473,554,1027
068611901,364,423,787
068611902,124,161,285
068611903,324,400,724
068611904,360,459,819
068611905,433,534,967
068611906,404,445,849
068611907,440,481,921
068611908,359,411,770
068611909,406,452,858
068611910,351,421,772
068611911,442,493,935
068611912,512,533,1045
068611913,295,347,642
068611914,358,404,762
068611915,275,263,538
068612001,436,521,957
068612002,299,403,702
068612003,408,500,908
068612004,352,443,795
068612005,372,486,858
068612006,418,494,912
068612007,355,435,790
068612008,261,340,601
068612101,469,539,1008
068612102,357,428,785
068612103,412,449,861
068612104,410,494,904
068612105,386,418,804
068612106,462,557,1019
068612107,452,513,965
068612108,523,573,1096
068612109,353,411,764
068612201,408,477,885
068612202,458,517,975
068612203,443,492,935
068612204,394,443,837
068612205,471,505,976
068612206,430,466,896
068612207,462,536,998
068612208,474,564,1038
068612209,301,335,636
068612210,301,361,662
068612211,273,323,596
068612212,278,294,572
068612301,670,684,1354
068612302,540,625,1165
068612303,582,636,1218
068612304,567,602,1169
068612305,752,738,1490
068612306,242,246,488
068612307,634,640,1274
068612308,325,325,650
068612309,388,399,787
068612401,533,611,1144
068612402,537,627,1164
068612403,353,387,740
068612404,320,380,700
068612405,560,580,1140
068612406,370,426,796
068612407,598,659,1257
068612408,520,580,1100
068612409,420,499,919
068612410,439,506,945
068612411,593,670,1263
068612501,311,353,664
068612502,598,701,1299
068612503,526,582,1108
068612504,385,352,737
068612505,437,475,912
068612506,409,452,861
068612507,408,423,831
068612508,531,551,1082
068612509,494,553,1047
068612601,496,605,1101
068612602,383,442,825
068612603,345,400,745
068612604,395,452,847
068612605,404,467,871
068612606,390,483,873
068612607,435,463,898
068612608,572,608,1180
068612609,452,472,924
068612610,424,474,898
068612701,418,512,930
068612702,384,446,830
068612703,398,426,824
068612704,325,367,692
068612705,345,376,721
068612706,407,430,837
068612707,448,467,915
068612708,450,496,946
068612709,337,394,731
068612710,399,434,833
068612801,215,264,479
068612802,452,511,963
068612803,316,369,685
068612804,384,423,807
068612805,316,372,688
068612806,348,393,741
068612807,340,386,726
068612808,237,290,527
068612809,320,403,723
068612810,366,452,818
068612901,752,840,1592
068612902,374,411,785
068612903,458,497,955
068612904,348,401,749
068612905,410,458,868
068612906,290,286,576
068612907,409,437,846
068612908,930,898,1828
068612909,409,389,798
068612910,434,486,920
068612911,355,360,715
068612912,226,265,491
068613001,369,428,797
068613002,542,572,1114
068613003,626,688,1314
068613004,884,972,1856
068613005,426,493,919
068613006,436,488,924
068613007,530,539,1069
068613008,104,112,216
068613009,690,790,1480
068613010,293,303,596
068613011,359,430,789
068613012,460,517,977
068613101,600,646,1246
068613102,707,848,1555
068613103,450,531,981
068613104,866,984,1850
068613105,324,365,689
068613106,502,514,1016
068613107,607,671,1278
068613108,604,668,1272
068613109,524,502,1026
068613110,580,620,1200
068613201,239,286,525
068613202,448,564,1012
068613203,87,97,184
068613204,101,131,232
068613205,147,206,353
068613206,351,334,685
068613207,516,544,1060
068613208,289,344,633
068613209,249,239,488
068613210,445,485,930
068613301,423,485,908
068613302,450,491,941
068613303,422,523,945
068613304,297,323,620
068613305,442,484,926
068613306,287,378,665
068613307,382,474,856
068613308,372,467,839
068613309,437,529,966
068613310,468,554,1022
060070101,240,239,479
060070102,324,353,677
060070103,16,11,27
060070104,1,1,2
060070105,24,10,34
060070106,10,5,15
060070107,104,112,216
060070108,13,11,24
060070109,13,7,20
060070110,13,7,20
060070111,11,6,17
060070112,4,10,14
060070113,23,16,39
060070114,33,25,58
060070115,200,191,391
060070201,19,16,35
060070202,12,5,17
060070203,21,18,39
060070204,7,9,16
060070205,11,6,17
060070206,17,17,34
060070207,3,0,3
060070208,6,3,9
060070209,9,7,16
060070301,8,5,13
060070302,13,7,20
060070303,28,20,48
060070304,22,12,34
060070305,4,3,7
060070306,37,27,64
060070307,9,7,16
060070308,14,9,23
060070401,13,12,25
060070402,98,90,188
060070403,260,304,564
060070404,344,348,692
060070405,406,437,843
060070406,194,202,396
060070407,277,257,534
060070408,12,10,22
060070409,6,9,15
060070410,4,1,5
060070411,7,7,14
060070412,2,0,2
060070413,6,8,14
060070501,55,49,104
060070502,0,0,0
060070503,8,7,15
060070504,12,11,23
060070505,4,3,7
060070506,8,3,11
060070507,5,6,11
060070508,3,3,6
060070509,7,10,17
060070510,5,3,8
060070511,5,7,12
060070512,9,6,15
060070513,2,1,3
060070514,13,13,26
060070515,17,14,31
060070516,7,3,10
060070601,217,224,441
060070602,13,7,20
060070603,12,5,17
060070604,1,0,1
060070605,13,8,21
060070606,21,15,36
060070607,1,0,1
060070608,8,5,13
060070609,8,12,20
060070610,11,8,19
060070611,9,7,16
060070612,63,59,122
060070613,10,8,18
060070614,6,4,10
060070615,15,7,22
060070701,14,18,32
060070702,356,336,692
060070703,10,5,15
060070704,6,4,10
060070801,50,49,99
060070802,192,161,353
060070803,375,392,767
060070804,290,325,615
060070805,237,252,489
060070806,382,405,787
060070807,343,438,781
060070808,263,355,618
060070809,430,497,927
060070810,366,399,765
060070811,307,315,622
060070812,240,277,517
060070813,319,330,649
060070814,497,545,1042
060070901,5,3,8
060070902,13,15,28
060070903,9,5,14
060070904,6,4,10
060070905,4,0,4
060070906,6,8,14
060071001,13,8,21
060071002,3,2,5
060071003,7,6,13
060071004,7,4,11
060071005,19,15,34
060071006,15,14,29
060071007,9,6,15
060071008,4,2,6
060071009,7,9,16
060071010,16,15,31
060071011,12,14,26
060071012,6,2,8
060071101,25,13,38
060071102,0,0,0
060071103,7,6,13
060071104,15,11,26
060071105,9,5,14
060071106,3,3,6
060071107,9,3,12
060071108,14,6,20
060071109,0,0,0
060071110,9,8,17
060071111,10,9,19
060140101,43,23,66
060140201,23,13,36
060140301,110,102,212
060140302,65,35,100
060140401,58,42,100
060140501,164,204,368
060140502,69,65,134
060140503,64,36,100
060140504,411,421,832
060140505,209,216,425
060140601,28,17,45
060140701,25,13,38
060140801,42,34,76
060140901,20,20,40
060141001,205,189,394
060141002,42,45,87
060141003,221,232,453
060141004,272,274,546
060141005,315,362,677
060141006,270,307,577
060141007,270,218,488
060141008,320,379,699
060141009,337,381,718
060141010,427,492,919
060141011,338,417,755
060141012,281,298,579
060141013,377,417,794
060141014,293,302,595
060141015,478,487,965
060141101,32,21,53
060141201,31,25,56
060141202,22,11,33
060141301,32,32,64
060141401,11,5,16
060141501,4,3,7
060210101,10,8,18
060210102,7,6,13
060210201,213,205,418
060210202,183,214,397
060210203,26,16,42
060210204,11,8,19
060210205,6,6,12
060210206,98,79,177
060210207,20,14,34
060210301,10,6,16
060210302,14,5,19
060210401,17,16,33
060210402,5,9,14
060210501,192,220,412
060210502,18,13,31
060210503,8,4,12
060210601,185,170,355
060210602,590,653,1243
060210603,322,407,729
060210604,543,569,1112
060210605,253,351,604
060210606,331,422,753
060210607,598,594,1192
060210608,181,194,375
060210609,39,41,80
060210610,143,160,303
060210611,493,484,977
060210612,342,326,668
060210701,9,9,18
060210702,6,5,11
060210801,96,96,192
060210802,5,6,11
060210803,22,19,41
060210804,23,16,39
060210901,18,14,32
060210902,16,4,20
060210903,17,15,32
060210904,19,16,35
060211001,15,13,28
060211002,66,46,112
060211003,11,14,25
060420101,681,702,1383
060420102,323,369,692
060420103,307,399,706
060420104,279,326,605
060420105,338,378,716
060420106,340,347,687
060420107,342,341,683
060420108,415,528,943
060420109,572,627,1199
060420201,90,63,153
060420301,107,66,173
060420401,65,57,122
060420501,163,134,297
060420601,97,67,164
060420701,97,73,170
060420801,71,43,114
060420901,153,94,247
060421001,83,71,154
060421101,31,26,57
060421102,259,205,464
060421103,500,477,977
060421201,84,63,147
060421301,62,32,94
060421401,93,74,167
060421501,59,49,108
060421601,49,31,80
060421701,62,49,111
060421801,39,22,61
060421901,512,541,1053
060421902,420,455,875
060421903,583,634,1217
060421904,366,441,807
060421905,363,472,835
060421906,354,477,831
060421907,373,384,757
060421908,408,399,807
060421909,845,836,1681
060490101,267,351,618
060490102,210,273,483
060490103,308,362,670
060490104,278,371,649
060490105,266,351,617
060490106,254,297,551
060490107,291,422,713
060490108,331,421,752
060490109,244,340,584
060490110,442,456,898
060490111,405,402,807
060490112,249,253,502
060490113,311,396,707
060490114,435,437,872
060490115,344,359,703
060490116,320,344,664
060490201,286,368,654
060490202,322,415,737
060490203,331,370,701
060490204,511,549,1060
060490205,656,688,1344
060490206,358,420,778
060490207,286,357,643
060490208,369,446,815
060490209,453,505,958
060490210,377,354,731
060490211,412,439,851
060490212,478,501,979
060490213,382,398,780
060490301,68,60,128
060490302,40,35,75
060490401,199,173,372
060490402,157,140,297
060490403,141,155,296
060490404,156,130,286
060490405,245,215,460
060490406,240,243,483
060490407,335,286,621
060490501,293,353,646
060490502,256,317,573
060490503,268,312,580
060490504,572,625,1197
060490505,412,447,859
060490506,303,373,676
060490507,381,454,835
060490508,523,585,1108
060490601,400,447,847
060490602,379,434,813
060490603,587,614,1201
060490604,351,413,764
060490605,327,383,710
060490606,452,556,1008
060490607,518,508,1026
060490608,664,693,1357
060490609,501,513,1014
060490610,236,238,474
060490611,607,599,1206
060490612,498,543,1041
060490613,724,764,1488
060490614,488,492,980
060490615,254,239,493
060490701,6,10,16
060490702,50,41,91
060490801,32,21,53
060490901,58,33,91
060491001,165,158,323
060491002,150,159,309
060491003,251,266,517
060491004,141,139,280
060491005,141,182,323
060491006,152,172,324
060491007,191,186,377
060491008,246,261,507
060491009,84,78,162
060491101,40,41,81
060491102,60,41,101
060491201,63,43,106
060491301,56,33,89
060491401,27,19,46
060491402,30,21,51
060491501,62,29,91
060491601,52,45,97
060491701,61,40,101
060491801,164,91,255
060491901,100,60,160
060492001,485,532,1017
060492002,504,544,1048
060492003,63,48,111
060492004,51,34,85
060492005,25,27,52
060492006,270,263,533
060492007,253,290,543
060492101,81,52,133
060492102,105,64,169
060492201,164,80,244
060492301,91,70,161
060492401,35,21,56
060492501,509,470,979
060492502,799,845,1644
060492503,300,283,583
060492504,549,476,1025
060492505,508,498,1006
060492506,369,367,736
060492507,636,689,1325
060492508,532,565,1097
060492509,684,704,1388
060492510,502,557,1059
060560101,340,358,698
060560102,330,411,741
060560103,360,387,747
060560104,160,179,339
060560105,202,188,390
060560106,175,181,356
060560107,190,204,394
060560108,487,530,1017
060560109,152,208,360
060560110,216,276,492
060560111,283,324,607
060560112,241,309,550
060560113,229,297,526
060560114,185,218,403
060560115,247,273,520
060560116,229,244,473
060560117,209,258,467
060560118,168,199,367
060560119,297,339,636
060560201,543,539,1082
060560202,655,619,1274
060560203,271,285,556
060560204,287,320,607
060560205,280,293,573
060560206,226,216,442
060560207,308,390,698
060560208,423,469,892
060560209,334,370,704
060560210,373,403,776
060560211,486,488,974
060560212,438,489,927
060560213,215,256,471
060560214,320,347,667
060560301,170,201,371
060560302,202,267,469
060560303,271,402,673
060560304,330,361,691
060560305,138,168,306
060560306,313,363,676
060560307,279,340,619
060560308,228,262,490
060560309,264,313,577
060560310,355,379,734
060560311,434,506,940
060560312,295,326,621
060560401,489,571,1060
060560402,353,390,743
060560403,477,508,985
060560404,578,659,1237
060560405,505,633,1138
060560406,504,611,1115
060560407,380,448,828
060560408,296,364,660
060560409,264,298,562
060560410,207,227,434
060560501,340,381,721
060560502,443,578,1021
060560503,719,695,1414
060560504,582,578,1160
060560505,242,275,517
060560506,432,482,914
060560507,450,503,953
060560508,309,319,628
060560509,545,622,1167
060560601,445,470,915
060560602,466,496,962
060560603,536,615,1151
060560604,296,337,633
060560605,657,680,1337
060560606,246,297,543
060560607,599,646,1245
060560608,575,562,1137
060560609,614,582,1196
060560701,562,583,1145
060560702,378,388,766
060560703,498,578,1076
060560704,510,577,1087
060560705,338,348,686
060560706,359,371,730
060560707,505,610,1115
060560708,384,426,810
060560709,578,603,1181
060560710,468,499,967
060560711,595,590,1185
060560801,857,845,1702
060560802,893,868,1761
060560803,636,643,1279
060560804,772,750,1522
060560805,746,793,1539
060560806,407,443,850
060560807,415,441,856
060560808,158,156,314
060560809,979,953,1932
060560810,363,366,729
060560811,38,39,77
060560812,504,484,988
060560813,623,606,1229
060560814,763,777,1540
060560815,412,394,806
060560901,266,365,631
060560902,286,353,639
060560903,258,334,592
060560904,309,343,652
060560905,238,331,569
060560906,343,485,828
060560907,298,320,618
060560908,322,355,677
060560909,236,249,485
060560910,237,275,512
060560911,290,304,594
060561001,117,172,289
060561002,154,208,362
060561003,197,315,512
060561004,281,371,652
060561005,182,228,410
060561006,145,221,366
060561007,250,284,534
060561008,329,408,737
060561009,224,317,541
060561010,225,284,509
060561011,236,266,502
060561101,216,263,479
060561102,145,200,345
060561103,137,187,324
060561104,188,220,408
060561105,153,225,378
060561106,156,230,386
060561107,191,287,478
060561108,174,250,424
060561109,136,212,348
060561110,267,393,660
060561111,191,269,460
060561112,262,335,597
060561113,209,301,510
060561114,191,247,438
060561201,284,313,597
060561202,229,316,545
060561203,155,231,386
060561204,240,340,580
060561205,205,286,491
060561206,174,277,451
060561207,132,240,372
060561208,196,293,489
060561209,232,268,500
060561210,100,156,256
060561211,135,186,321
060561301,507,532,1039
060561302,337,354,691
060561303,284,328,612
060561304,155,170,325
060561305,191,207,398
060561306,284,315,599
060561307,297,350,647
060561308,291,331,622
060561309,149,183,332
060561310,229,279,508
060561401,242,251,493
060561402,269,300,569
060561403,256,298,554
060561404,239,272,511
060561405,212,236,448
060561406,439,517,956
060561407,246,264,510
060561408,254,339,593
060561409,166,212,378
060561410,257,340,597
060561411,244,312,556
060561412,151,217,368
060561413,278,418,696
060561414,273,455,728
060561415,127,195,322
060561416,316,368,684
060561417,238,351,589
060561418,164,286,450
060561419,225,329,554
060561420,75,115,190
060561421,148,220,368
060561501,513,506,1019
060561502,601,703,1304
060561503,476,496,972
060561504,340,360,700
060561505,439,441,880
060561506,507,562,1069
060561507,434,455,889
060561508,635,656,1291
060561509,280,322,602
060561510,302,334,636
060561511,335,381,716
060561512,601,617,1218
060561513,367,387,754
060561514,568,620,1188
060561515,709,740,1449
060561516,305,296,601
060561517,287,286,573
060561601,264,311,575
060561602,283,286,569
060561603,285,334,619
060561604,224,239,463
060561605,362,427,789
060561606,206,219,425
060561607,207,253,460
060561608,388,474,862
060561609,379,423,802
060561610,316,396,712
060561611,336,442,778
060561612,263,313,576
060561613,322,439,761
060561614,247,346,593
060561701,401,479,880
060561702,406,440,846
060561703,389,471,860
060561704,257,313,570
060561705,200,218,418
060561706,359,421,780
060561707,390,452,842
060561708,299,336,635
060561709,281,379,660
060561710,277,346,623
060561801,531,560,1091
060561802,486,535,1021
060561803,255,319,574
060561804,392,437,829
060561805,412,424,836
060561806,367,427,794
060561807,427,522,949
060561808,438,513,951
060561809,395,471,866
060561810,354,372,726
060561901,507,521,1028
060561902,473,503,976
060561903,631,651,1282
060561904,551,598,1149
060561905,709,734,1443
060561906,648,660,1308
060561907,697,660,1357
060561908,505,439,944
060561909,399,426,825
060561910,906,913,1819
060561911,466,548,1014
060561912,604,648,1252
060561913,630,656,1286
060561914,328,350,678
060562001,486,536,1022
060562002,440,519,959
060562003,354,439,793
060562004,354,399,753
060562005,425,481,906
060562006,273,334,607
060562007,232,301,533
060562008,244,269,513
060562009,262,282,544
060562010,281,307,588
060562101,439,466,905
060562102,377,423,800
060562103,286,317,603
060562104,334,340,674
060562105,438,507,945
060562106,260,288,548
060562107,571,594,1165
060562108,267,270,537
060562109,284,398,682
060562110,344,401,745
060562111,550,523,1073
060562201,437,502,939
060562202,445,503,948
060562203,525,586,1111
060562204,610,634,1244
060562205,409,448,857
060562206,561,560,1121
060562207,328,348,676
060562208,559,611,1170
060562209,283,305,588
060562210,358,444,802
060562211,309,374,683
060562212,246,226,472
060562213,510,567,1077
060562214,503,519,1022
060562215,462,504,966
060562216,425,507,932
060562217,484,542,1026
060562301,378,361,739
060562302,471,473,944
060562303,613,560,1173
060562304,842,844,1686
060562305,358,389,747
060562306,496,543,1039
060562307,445,464,909
060562308,422,457,879
060562309,624,654,1278
060562310,379,405,784
060562311,282,281,563
060562312,298,314,612
060562313,326,359,685
060562314,450,514,964
060562315,473,416,889
060562316,532,517,1049
060562401,620,666,1286
060562402,871,838,1709
060562403,529,519,1048
060562404,615,636,1251
060562405,609,592,1201
060562406,713,732,1445
060562407,650,670,1320
060562408,1387,1300,2687
060562409,646,648,1294
060562410,444,455,899
060562411,302,283,585
060562412,773,793,1566
060562413,699,689,1388
060562414,383,398,781
060562415,434,404,838
060562416,656,604,1260
060562417,303,289,592
060562501,609,619,1228
060562502,1276,808,2084
060562503,531,472,1003
060562504,690,695,1385
060562505,644,671,1315
060562506,743,710,1453
060562507,673,689,1362
060562508,555,593,1148
060562509,603,597,1200
060562510,453,505,958
060562511,466,495,961
060562512,505,563,1068
060562513,367,370,737
060562514,398,374,772
060562515,308,372,680
060562516,409,412,821
060562601,499,489,988
060562602,508,510,1018
060562603,528,524,1052
060562604,214,192,406
060562605,459,461,920
060562606,294,278,572
060562607,484,486,970
060562608,470,475,945
060562609,306,334,640
060562610,948,974,1922
060562611,712,702,1414
060562612,264,271,535
060562613,782,743,1525
060562614,645,634,1279
060562615,482,487,969
060562616,514,511,1025
060562617,855,832,1687
060562618,371,382,753
060562619,379,351,730
060562701,136,63,199
060562702,416,430,846
060562703,545,567,1112
060562704,504,499,1003
060562705,194,213,407
060562706,169,168,337
060562707,587,584,1171
060562708,257,267,524
060562801,28,23,51
060562901,28,15,43
060563001,69,63,132
060563002,205,220,425
060563003,268,288,556
060563004,263,288,551
060563005,156,163,319
060563006,88,107,195
060563007,43,37,80
060563101,81,61,142
060563201,28,17,45
060563202,351,289,640
060563203,602,536,1138
060563204,180,146,326
060563205,516,520,1036
060563206,533,586,1119
060563207,309,300,609
060563208,459,449,908
060563209,572,625,1197
060563210,417,492,909
060563211,458,509,967
060563212,21,1,22
060630101,495,501,996
060630102,430,461,891
060630103,503,518,1021
060630104,622,617,1239
060630105,639,646,1285
060630106,363,432,795
060630107,371,431,802
060630108,538,558,1096
060630109,598,635,1233
060630110,312,355,667
060630111,349,414,763
060630112,268,327,595
060630113,315,347,662
060630114,347,389,736
060630115,590,547,1137
060630116,372,424,796
060630117,340,381,721
060630201,683,718,1401
060630202,370,426,796
060630203,365,404,769
060630204,503,497,1000
060630205,480,541,1021
060630206,242,270,512
060630207,454,505,959
060630208,461,482,943
060630301,19,13,32
060630302,237,233,470
060630303,86,59,145
060630304,32,19,51
060630305,57,31,88
060630306,39,26,65
060630401,10,17,27
060630402,28,40,68
060630403,36,19,55
060630404,65,34,99
060630405,25,23,48
060630406,47,32,79
060630501,13,19,32
060630502,25,16,41
060630601,71,39,110
060630602,40,20,60
060630603,42,30,72
060630604,42,34,76
060630605,43,39,82
060630606,23,16,39
060630607,31,12,43
060630701,832,787,1619
060630702,345,343,688
060630703,531,545,1076
060630704,412,429,841
060630705,312,270,582
060630706,635,660,1295
060630707,364,351,715
060630708,699,726,1425
060630709,463,441,904
060630801,7,5,12
060630802,89,73,162
060630803,12,8,20
060630804,40,38,78
060630805,78,66,144
060630806,92,91,183
060630901,113,121,234
060630902,17,16,33
060630903,24,15,39
060630904,8,6,14
060630905,14,10,24
060630906,133,131,264
060631001,34,24,58
060631002,173,180,353
060631003,62,29,91
060631004,32,23,55
060631101,35,34,69
060631102,87,57,144
060631103,63,47,110
060631104,96,47,143
060631105,66,61,127
060631106,76,36,112
060631107,24,22,46
060631201,25,23,48
060631202,22,22,44
060631203,11,9,20
060631301,304,356,660
060631302,394,531,925
060631303,560,622,1182
060631304,360,458,818
060631305,377,449,826
060631306,408,437,845
060631307,530,559,1089
060631308,540,548,1088
060700101,193,240,433
060700102,154,211,365
060700103,295,321,616
060700104,175,208,383
060700105,256,346,602
060700106,408,441,849
060700107,387,414,801
060700108,350,373,723
060700109,379,479,858
060700110,368,403,771
060700111,190,221,411
060700112,153,181,334
060700113,212,228,440
060700201,739,739,1478
060700202,501,502,1003
060700203,273,308,581
060700204,494,595,1089
060700205,576,598,1174
060700206,670,667,1337
060700207,244,249,493
060700208,541,515,1056
060700209,454,482,936
060700210,865,850,1715
060700211,420,426,846
060700212,641,641,1282
060700213,457,462,919
060700214,523,574,1097
060700215,489,456,945
060700216,345,356,701
060700217,217,212,429
060700218,253,233,486
060700301,153,91,244
060700302,126,121,247
060700303,189,133,322
060700304,123,105,228
060700305,813,758,1571
060700306,883,875,1758
060700401,582,625,1207
060700402,29,18,47
060700403,30,28,58
060700404,194,183,377
060700501,59,48,107
060700502,42,30,72
060700601,24,23,47
060700602,65,53,118
060700701,31,26,57
060700702,27,32,59
060700801,206,173,379
060700802,10,10,20
060700803,15,10,25
060700804,24,21,45
060700805,19,19,38
060700806,9,7,16
060700901,6,6,12
060700902,4,6,10
060700903,18,16,34
060700904,12,2,14
060701001,104,99,203
060701002,41,32,73
060701003,30,17,47
060701004,13,9,22
060701101,11,7,18
060701102,5,6,11
060701201,35,27,62
060701202,39,21,60
060770101,584,587,1171
060770102,477,481,958
060770103,288,388,676
060770104,283,352,635
060770105,355,419,774
060770106,497,588,1085
060770107,187,177,364
060770108,272,334,606
060770109,382,418,800
060770201,35,29,64
060770202,33,24,57
060770301,27,16,43
060770302,12,6,18
060770401,371,361,732
060770402,221,243,464
060770403,26,14,40
060770404,14,8,22
060770405,25,23,48
060770501,542,577,1119
060770502,342,318,660
060770503,515,527,1042
060770504,241,259,500
060770505,478,457,935
060770506,46,36,82
060770507,22,18,40
060770508,39,20,59
060770509,726,757,1483
060770510,1049,1170,2219
060770511,458,474,932
060770512,274,300,574
060770513,295,321,616
060770514,155,163,318
060770601,33,34,67
060770602,47,37,84
060770603,53,23,76
060770701,23,12,35
060770801,18,12,30
060770901,19,12,31
060770902,13,14,27
060770903,23,20,43
060770904,33,27,60
060770905,13,13,26
060771001,4,1,5
060771002,16,9,25
060771003,11,8,19
060771101,9,4,13
060771102,16,10,26
060771103,15,17,32
060771201,28,32,60
060771202,27,17,44
060771302,27,16,43
060771303,22,17,39
060771401,646,687,1333
060771402,470,545,1015
060771403,397,466,863
060771404,430,520,950
060771405,293,342,635
060771406,378,481,859
060771407,333,403,736
060771408,742,798,1540
060771409,569,623,1192
060840101,30,27,57
060840102,27,19,46
060840103,48,32,80
060840201,32,15,47
060840202,21,20,41
060840301,82,75,157
060840302,35,31,66
060840303,18,17,35
060840304,27,21,48
060840305,21,14,35
060840401,6,4,10
060840402,68,30,98
060840403,31,26,57
060840501,49,39,88
060840502,33,23,56
060840602,9,8,17
060840603,9,7,16
060840604,15,13,28
060840605,15,7,22
060840701,104,91,195
060840702,318,324,642
060840703,347,325,672
060840704,373,431,804
060840705,248,249,497
060840706,343,360,703
060840707,311,375,686
060840708,316,395,711
060840709,260,338,598
060840710,317,360,677
060840711,539,621,1160
060840801,73,65,138
060840802,25,13,38
060840803,40,37,77
060840804,8,8,16
060840901,941,265,1206
060840902,349,346,695
060840903,202,194,396
060840904,204,188,392
060840905,277,310,587
060840906,319,335,654
060840907,52,38,90
060840908,8,11,19
060840909,25,18,43
060841001,24,20,44
060841002,8,3,11
060841003,14,14,28
060841101,11,9,20
060841102,50,43,93
060841201,120,94,214
060841202,229,231,460
060841203,299,317,616
060841204,426,452,878
060841205,355,415,770
060841206,664,702,1366
060841207,221,273,494
060841208,425,484,909
060841209,321,296,617
060841210,497,522,1019
060980101,411,441,852
060980102,449,500,949
060980103,418,491,909
060980104,373,419,792
060980105,372,386,758
060980106,420,503,923
060980107,283,352,635
060980108,316,358,674
060980109,329,387,716
060980110,440,516,956
060980111,528,613,1141
060980112,308,387,695
060980201,371,440,811
060980202,503,523,1026
060980203,373,413,786
060980204,634,690,1324
060980205,444,493,937
060980206,391,471,862
060980207,588,628,1216
060980208,599,619,1218
060980209,342,372,714
060980210,518,552,1070
060980211,424,434,858
060980212,907,877,1784
060980213,305,296,601
060980214,418,407,825
060980215,418,415,833
060980301,168,209,377
060980302,163,218,381
060980303,523,565,1088
060980304,476,472,948
060980305,394,406,800
060980306,607,604,1211
060980307,397,432,829
060980308,662,706,1368
060980309,913,987,1900
060980310,853,933,1786
060980311,340,348,688
060980312,213,250,463
060980313,202,228,430
060980401,95,95,190
060980402,304,285,589
060980403,288,286,574
060980404,152,153,305
060980405,16,9,25
060980406,295,241,536
060980407,107,118,225
060980408,70,58,128
060980501,570,565,1135
060980502,591,632,1223
060980503,501,547,1048
060980504,440,500,940
060980505,630,630,1260
060980506,468,477,945
060980507,391,392,783
060980508,440,445,885
060980509,491,512,1003
060980510,575,612,1187
060980601,355,385,740
060980602,520,584,1104
060980603,743,831,1574
060980604,382,394,776
060980605,615,599,1214
060980606,401,478,879
060980607,389,427,816
060980608,474,530,1004
060980609,684,710,1394
060980610,384,411,795
060980611,530,550,1080
060980612,344,351,695
060980613,471,442,913
060980614,431,442,873
060980615,396,437,833
060980616,560,552,1112
060980617,371,412,783
060980701,433,407,840
060980702,1040,1090,2130
060980703,233,281,514
060980704,401,450,851
060980705,460,471,931
060980706,541,529,1070
060980707,19,5,24
060980801,574,568,1142
060980802,762,685,1447
060980803,391,404,795
060980804,508,476,984
060980805,206,231,437
060980806,319,325,644
060980807,207,241,448
060980808,289,295,584
060980809,297,280,577
060980810,832,854,1686
060980811,394,440,834
060980812,310,355,665
060980813,379,418,797
060980814,461,487,948
060980815,511,543,1054
060980816,474,519,993
060980817,704,671,1375
061050101,497,524,1021
061050102,444,468,912
061050103,331,400,731
061050104,415,509,924
061050105,275,299,574
061050106,269,341,610
061050107,340,412,752
061050108,419,453,872
061050109,270,369,639
061050201,458,508,966
061050202,403,464,867
061050203,392,471,863
061050204,151,220,371
061050205,304,417,721
061050206,353,384,737
061050207,428,507,935
061050208,166,205,371
061050209,222,295,517
061050210,330,392,722
061050211,415,453,868
061050301,164,126,290
061050401,75,61,136
061050402,33,22,55
061050403,110,101,211
061050501,54,45,99
061050601,93,79,172
061050602,57,36,93
061050701,65,54,119
061050801,214,221,435
061050802,309,303,612
061050803,468,463,931
061050804,6,10,16
061050805,102,107,209
061050806,65,56,121
061050807,53,52,105
061050808,84,56,140
061050809,56,40,96
061050901,62,43,105
061051001,74,53,127
061051002,75,67,142
061051101,578,64,642
061051102,197,214,411
061051103,187,231,418
061051104,217,229,446
061051105,384,411,795
061051106,128,137,265
061051107,168,140,308
061051201,96,65,161
061051301,217,229,446
061051302,182,181,363
061051303,358,384,742
061051304,118,108,226
061051401,733,756,1489
061051402,470,441,911
061051403,286,300,586
061051404,305,282,587
061051405,345,304,649
061051406,475,475,950
061051407,441,468,909
061051408,138,133,271
061051409,49,47,96
061051410,467,476,943
061051411,290,304,594
061051412,263,278,541
061051413,635,619,1254
061120101,317,324,641
061120102,503,552,1055
061120103,552,671,1223
061120104,189,228,417
061120105,266,304,570
061120106,323,408,731
061120107,302,370,672
061120108,306,466,772
061120109,587,620,1207
061120110,786,743,1529
061120111,426,494,920
061120112,703,675,1378
061120113,516,491,1007
061120201,535,567,1102
061120202,649,627,1276
061120203,604,607,1211
061120204,268,257,525
061120205,422,474,896
061120206,378,467,845
061120207,331,359,690
061120208,181,185,366
061120209,259,295,554
061120210,386,402,788
061120211,656,711,1367
061120301,111,111,222
061120302,17,10,27
061120303,16,18,34
061120304,8,10,18
061120305,23,16,39
061120306,13,16,29
061120307,12,11,23
061120308,17,14,31
061120309,17,12,29
061120310,103,75,178
061120401,10,14,24
061120402,8,4,12
061120403,7,6,13
061120501,241,196,437
061120502,17,13,30
061120503,5,3,8
061120504,7,4,11
061120505,14,13,27
061120506,9,7,16
061120601,24,14,38
061120602,12,9,21
061120603,26,17,43
061120604,29,20,49
061120605,16,14,30
061120606,13,10,23
061120701,248,258,506
061120702,498,530,1028
061120703,122,139,261
061120704,13,9,22
061120705,17,8,25
061120706,16,10,26
061120707,13,8,21
061120708,7,17,24
061120709,225,229,454
061120710,122,117,239
061120801,8,9,17
061120802,41,19,60
061120803,25,14,39
061120804,11,7,18
061120805,27,15,42
061120901,65,62,127
061120902,5,3,8
061120903,15,12,27
061120904,16,15,31
061120905,9,7,16
061120906,44,38,82
061120907,15,13,28
061120908,6,4,10
061121001,69,55,124
061121002,217,249,466
061121003,609,564,1173
061121004,79,56,135
061121005,292,308,600
061121101,254,266,520
061121102,105,105,210
061121103,264,255,519
061121104,78,87,165
061121105,0,0,0
061121106,57,44,101
061121107,11,6,17
061121108,547,590,1137
061121109,740,730,1470
061121201,14,7,21
061121202,5,5,10
061121203,7,8,15
061121204,5,3,8
061121205,6,7,13
061121301,187,199,386
061121302,15,7,22
061121303,36,22,58
061121304,19,13,32
061121305,127,121,248
061121401,458,501,959
061121402,493,535,1028
061121403,353,388,741
061121404,375,426,801
061121405,315,376,691
061121406,287,364,651
061121407,268,377,645
061121408,332,397,729
061121409,314,419,733
061121410,299,344,643
061190101,45,51,96
061190102,20,18,38
061190103,19,16,35
061190104,23,20,43
061190201,19,11,30
061190202,30,20,50
061190203,195,159,354
061190204,61,28,89
061190205,73,45,118
061190206,18,23,41
061190301,323,427,750
061190302,427,501,928
061190303,486,549,1035
061190304,718,749,1467
061190305,603,690,1293
061190306,307,295,602
061190307,428,464,892
061190308,581,546,1127
061190309,519,534,1053
061190310,100,79,179
061190401,248,228,476
061190402,17,18,35
061190403,190,172,362
061190404,81,78,159
061190405,40,28,68
061190406,59,51,110
061190407,472,481,953
061190408,202,196,398
061190409,396,395,791
061190501,121,116,237
061190502,63,42,105
061190601,27,15,42
061190602,32,23,55
061190603,45,40,85
061190701,319,322,641
061190702,600,602,1202
061190703,35,24,59
061190704,19,13,32
061190705,27,33,60
061190706,15,9,24
061190707,317,336,653
061190801,107,108,215
061190802,26,16,42
061190804,10,11,21
061190805,19,18,37
061190806,36,32,68
061190901,95,88,183
061190902,37,33,70
061190903,30,24,54
061190904,142,130,272
061191001,131,119,250
061191002,598,616,1214
061191003,589,595,1184
061191004,433,393,826
061191005,505,511,1016
061191006,686,723,1409
061191007,348,412,760
061191008,460,534,994
061191009,433,451,884
061191010,59,42,101
061260101,346,408,754
061260102,594,647,1241
061260103,446,469,915
061260104,337,352,689
061260105,371,401,772
061260106,353,427,780
061260107,367,363,730
061260108,378,407,785
061260109,463,515,978
061260110,406,443,849
061260111,336,369,705
061260112,510,564,1074
061260113,336,368,704
061260114,325,320,645
061260201,830,806,1636
061260202,736,736,1472
061260203,521,547,1068
061260204,547,558,1105
061260205,536,553,1089
061260206,386,404,790
061260207,391,423,814
061260208,450,495,945
061260209,599,611,1210
061260210,559,589,1148
061260211,291,302,593
061260301,301,329,630
061260302,299,324,623
061260303,412,482,894
061260304,198,218,416
061260305,237,257,494
061260306,332,381,713
061260307,428,455,883
061260308,286,316,602
061260309,416,432,848
061260310,504,560,1064
061260311,428,449,877
061260401,327,355,682
061260402,303,361,664
061260403,30,26,56
061260404,872,885,1757
061260405,41,41,82
061260406,23,18,41
061260407,966,930,1896
061260501,535,592,1127
061260502,590,619,1209
061260503,491,513,1004
061260504,610,615,1225
061260505,658,679,1337
061260506,472,450,922
061260507,466,531,997
061260508,708,675,1383
061260509,1043,1062,2105
061260510,439,440,879
061260511,462,453,915
061260512,781,785,1566
061260513,461,444,905
061260514,484,456,940
061260515,603,625,1228
061260516,720,645,1365
061260517,32,26,58
061260601,182,163,345
061260602,23,14,37
061260603,48,55,103
061260604,178,181,359
061260605,170,159,329
061260606,205,181,386
061260607,173,180,353
061260608,163,170,333
061260609,173,170,343
061260701,686,683,1369
061260702,495,545,1040
061260703,773,808,1581
061260704,622,582,1204
061260705,675,652,1327
061260706,403,418,821
061260707,588,578,1166
061260708,612,588,1200
061260709,818,794,1612
061260710,508,535,1043
061260801,55,45,100
061260802,278,264,542
061260803,274,311,585
061260804,341,432,773
061260805,422,454,876
061260806,340,371,711
061260807,401,458,859
061260808,401,458,859
061260809,284,357,641
061260901,880,897,1777
061260902,474,486,960
061260903,523,495,1018
061260905,156,144,300
061260906,1396,155,1551
061260907,889,895,1784
061260908,459,468,927
061260909,795,788,1583
061260910,790,795,1585
061260911,670,656,1326
061260912,1,1,2
061260913,189,205,394
061260914,533,464,997
061260915,340,340,680
061260916,114,88,202
061260917,122,119,241
061260918,404,399,803
061260919,138,126,264
061261001,181,133,314
061261002,80,60,140
061261003,335,285,620
061261004,67,52,119
061261005,72,27,99
061340101,557,500,1057
061340102,284,260,544
061340103,439,418,857
061340104,161,168,329
061340105,817,789,1606
061340106,480,453,933
061340107,279,300,579
061340108,124,104,228
061340109,344,304,648
061340110,250,246,496
061340111,241,187,428
061340112,354,338,692
061340113,61,60,121
061340114,72,67,139
061340201,534,616,1150
061340202,426,443,869
061340203,563,580,1143
061340204,654,727,1381
061340205,82,64,146
061340206,371,313,684
061340207,667,710,1377
061340208,573,570,1143
061340209,594,592,1186
061340301,898,990,1888
061340302,471,510,981
061340303,390,411,801
061340304,530,574,1104
061340305,395,432,827
061340306,376,456,832
061340307,727,755,1482
061340308,738,745,1483
061340309,518,609,1127
061340401,89,66,155
061340402,347,322,669
061340403,94,71,165
061340404,122,97,219
061340405,23,13,36
061340406,365,248,613
061340501,248,220,468
061340502,62,47,109
061340601,78,51,129
061340602,62,70,132
061340701,32,35,67
061340702,29,25,54
061340801,158,172,330
061340802,21,17,38
061340803,44,43,87
061340804,17,19,36
061340901,88,81,169
061340902,271,204,475
061340903,231,186,417
061340904,255,247,502
061340905,254,257,511
061340906,306,300,606
061340907,421,420,841
061340908,647,628,1275
061340909,695,721,1416
061340910,510,472,982
061340911,512,497,1009
061340912,92,46,138
061340913,381,406,787
061340914,245,245,490
061341001,64,61,125
061341002,698,714,1412
061341003,639,569,1208
061341004,543,587,1130
061341005,526,558,1084
061341006,395,471,866
061341007,308,321,629
061341008,486,488,974
061341009,862,885,1747
061341010,628,689,1317
061341011,102,112,214
061400101,66,53,119
061400102,24,23,47
061400103,50,44,94
061400201,13,11,24
061400202,17,15,32
061400203,46,21,67
061400204,24,25,49
061400301,338,351,689
061400302,571,649,1220
061400303,439,448,887
061400304,368,418,786
061400305,417,494,911
061400306,437,408,845
061400307,407,445,852
061400308,425,495,920
061400309,389,404,793
061400310,349,361,710
061400311,30,23,53
061400312,31,24,55
061400313,16,13,29
061400314,25,12,37
061400315,522,573,1095
061400316,584,613,1197
061400317,347,422,769
061400318,403,424,827
061400319,433,423,856
061400401,116,114,230
061400402,36,33,69
061400403,38,30,68
061400501,44,24,68
061400502,24,21,45
061400503,20,15,35
061400601,9,7,16
061470101,478,525,1003
061470102,401,460,861
061470103,260,309,569
061470104,403,432,835
061470105,297,362,659
061470106,322,398,720
061470107,398,392,790
061470108,326,384,710
061470109,618,700,1318
061470201,241,224,465
061470202,23,30,53
061470203,73,65,138
061470204,22,12,34
061470205,11,7,18
061470301,226,245,471
061470302,40,36,76
061470303,6,2,8
061470304,17,13,30
061470305,22,14,36
061470306,8,7,15
061470307,24,16,40
061470401,12,9,21
061470402,24,15,39
061470403,22,13,35
061470501,846,881,1727
061470502,22,19,41
061470503,19,8,27
061470601,7,7,14
061470602,206,215,421
061470603,44,20,64
061470604,8,4,12
061470701,347,354,701
061470702,7,5,12
061470703,143,86,229
061470704,28,15,43
061470705,5,4,9
061470706,3,0,3
061470707,3,1,4
061470708,46,31,77
061470709,13,13,26
061470710,11,4,15
061470711,7,10,17
061470712,2,4,6
061470801,274,268,542
061470802,17,12,29
061470803,9,8,17
061470804,22,22,44
061470805,34,27,61
061470901,111,103,214
061470902,82,64,146
061470903,12,8,20
061470904,13,9,22
061470905,12,12,24
061470906,18,14,32
061470907,31,36,67
061471001,119,105,224
061471002,47,41,88
061471003,21,20,41
061471101,87,87,174
061471102,14,18,32
061471103,17,17,34
061471201,428,448,876
061471202,413,428,841
061471203,508,529,1037
061471204,336,339,675
061471205,295,331,626
061471206,279,334,613
061471207,338,377,715
061471208,488,535,1023
061471209,424,468,892
061471210,366,370,736
061540101,181,185,366
061540102,172,174,346
061540103,24,27,51
061540104,21,14,35
061540105,36,29,65
061540201,482,506,988
061540202,217,206,423
061540203,32,24,56
061540204,41,39,80
061540205,224,243,467
061540206,15,13,28
061540207,24,22,46
061540208,38,43,81
061540209,470,482,952
061540210,220,203,423
061540301,47,36,83
061540302,53,42,95
061540401,65,59,124
061540402,198,204,402
061540403,21,13,34
061540404,20,14,34
061540405,23,23,46
061540501,22,17,39
061540502,20,13,33
061540601,286,249,535
061540602,221,221,442
061540603,224,240,464
061540604,155,167,322
061540605,169,184,353
061540606,61,69,130
061540607,332,372,704
061540608,258,279,537
061540609,31,19,50
061540610,221,225,446
061540611,295,303,598
061540612,347,376,723
061540701,33,24,57
061540702,34,25,59
061540703,25,23,48
061540801,135,129,264
061540802,85,73,158
061540803,34,27,61
061540804,25,17,42
061540805,37,27,64
061540806,61,37,98
061540901,45,30,75
061540902,26,17,43
061610101,309,313,622
061610102,328,322,650
061610103,289,322,611
061610104,208,223,431
061610105,281,288,569
061610106,403,416,819
061610107,224,231,455
061610108,215,249,464
061610109,367,440,807
061610110,314,303,617
061610111,429,422,851
061610112,310,287,597
061610113,417,458,875
061610114,324,341,665
061610115,284,281,565
061610116,337,328,665
061610117,500,553,1053
061610118,166,180,346
061610201,18,21,39
061610202,14,11,25
061610203,7,10,17
061610204,37,21,58
061610301,54,37,91
061610302,12,6,18
061610401,37,33,70
061610402,42,40,82
061610403,296,289,585
061610404,156,141,297
061610405,79,65,144
061610406,230,182,412
061610501,24,19,43
061610502,12,15,27
061610503,12,14,26
061610504,62,49,111
061610601,169,170,339
061610602,17,9,26
061610603,5,6,11
061610604,28,13,41
061610605,44,34,78
061610606,41,38,79
061610701,47,40,87
061610702,37,26,63
061610703,20,19,39
061610801,71,51,122
061610802,27,22,49
061610803,4,2,6
061610804,21,24,45
061680101,24,29,53
061680102,23,14,37
061680103,18,13,31
061680104,15,15,30
061680201,23,22,45
061680202,22,18,40
061680203,18,14,32
061680204,11,8,19
061680301,25,16,41
061680302,6,0,6
061680303,24,15,39
061680401,10,3,13
061680402,18,14,32
061680403,14,11,25
061680404,3,1,4
061680405,0,1,1
061680406,3,1,4
061680501,73,70,143
061680502,13,7,20
061680503,11,10,21
061680601,6,5,11
061680602,10,5,15
061680603,18,7,25
061680604,14,8,22
061680701,11,10,21
061680702,12,11,23
061680801,28,18,46
061680802,21,18,39
061680803,27,36,63
061680804,8,6,14
061680805,62,57,119
061680806,16,13,29
061680807,276,311,587
061680901,428,469,897
061680902,386,386,772
061680903,297,357,654
061680904,477,521,998
061680905,369,436,805
061680906,356,385,741
061680907,276,300,576
061680908,298,339,637
061681001,140,141,281
061681002,17,16,33
061681003,33,28,61
061681101,36,29,65
061681102,21,14,35
061750101,122,116,238
061750102,45,34,79
061750103,18,17,35
061750104,15,10,25
061750201,94,99,193
061750202,9,10,19
061750203,14,6,20
061750204,4,2,6
061750301,10,7,17
061750302,12,6,18
061750303,12,4,16
061750304,1,0,1
061750401,53,39,92
061750402,547,538,1085
061750403,545,570,1115
061750404,263,261,524
061750405,285,366,651
061750406,299,389,688
061750407,265,345,610
061750408,443,489,932
061750409,507,498,1005
061750410,404,478,882
061750411,217,241,458
061750412,353,366,719
061750413,244,262,506
061750414,384,396,780
061750415,252,260,512
061750416,208,228,436
061750417,145,158,303
061750501,39,31,70
061750502,51,48,99
061750503,8,3,11
061750504,6,3,9
061750505,60,52,112
061750601,471,501,972
061750602,297,319,616
061750603,409,389,798
061750604,475,499,974
061750605,415,511,926
061750606,254,297,551
061750607,341,341,682
061750608,486,466,952
061750609,528,483,1011
061750610,540,535,1075
061750611,366,411,777
061750612,410,413,823
061750613,1024,1132,2156
061750614,138,128,266
061750615,21,24,45
061820101,404,422,826
061820102,649,681,1330
061820103,648,684,1332
061820104,576,651,1227
061820105,518,557,1075
061820106,383,435,818
061820107,410,444,854
061820108,277,331,608
061820109,697,768,1465
061820110,560,556,1116
061820111,572,621,1193
061820112,561,582,1143
061820113,411,434,845
061820114,580,624,1204
061820201,281,345,626
061820202,391,468,859
061820203,358,387,745
061820204,362,394,756
061820205,331,377,708
061820206,340,378,718
061820207,316,372,688
061820208,387,428,815
061820209,315,319,634
061820210,344,389,733
061820211,301,331,632
061820212,294,320,614
061820213,331,346,677
061820301,170,63,233
061820302,235,31,266
061820303,89,69,158
061820304,642,397,1039
061820305,116,131,247
061820306,1,0,1
061820307,0,0,0
061820308,101,23,124
061820309,306,344,650
061820310,22,24,46
061820311,259,259,518
061820312,39,33,72
061820401,35,24,59
061820501,201,213,414
061820502,226,212,438
061820503,243,264,507
061820504,444,456,900
061820505,174,183,357
061820601,30,30,60
061820602,90,74,164
061820603,30,21,51
061820604,591,622,1213
061820605,841,817,1658
061820606,676,691,1367
061820607,659,679,1338
061820608,567,570,1137
061820609,422,406,828
061820701,23,20,43
061820702,401,408,809
061820703,538,601,1139
061820704,369,394,763
061820705,492,495,987
061820706,202,218,420
061820707,0,0,0
061820708,413,464,877
061820709,474,444,918
061820710,574,586,1160
061820801,37,26,63
061820901,153,119,272
061820902,65,40,105
061820903,37,22,59
061820904,96,100,196
061820905,62,46,108
061821001,255,311,566
061821002,207,241,448
061821003,407,472,879
061821004,411,482,893
061821005,359,416,775
061821006,359,393,752
061821007,351,377,728
061821008,404,464,868
061821009,460,501,961
061821010,440,509,949
061821011,354,415,769
061821101,320,323,643
061821102,442,473,915
061821103,471,536,1007
061821104,355,393,748
061821105,288,286,574
061821106,341,382,723
061821107,292,319,611
061821108,458,471,929
061821109,554,568,1122
061821110,143,144,287
061890101,18,6,24
061890102,13,10,23
061890103,7,2,9
061890104,11,7,18
061890201,0,2,2
061890202,2,1,3
061890203,4,5,9
061890204,1,1,2
061890205,1,1,2
061890206,8,4,12
061890207,14,6,20
061890301,30,35,65
061890302,8,5,13
061890303,16,7,23
061890304,2,1,3
061890305,7,8,15
061890401,5,2,7
061890402,9,3,12
061890403,13,6,19
061890501,5,3,8
061890502,6,1,7
061890503,9,5,14
061890504,8,7,15
061890505,9,3,12
061890601,19,19,38
061890602,22,13,35
061890603,15,6,21
061890604,23,6,29
061890605,1,0,1
061890606,2,1,3
061890607,6,5,11
061890608,12,9,21
061890701,9,6,15
061890702,6,4,10
061890703,15,14,29
061890704,4,3,7
061890705,7,5,12
061890706,3,2,5
061890707,14,5,19
061890801,3,3,6
061890802,18,12,30
061890803,8,2,10
061890804,3,0,3
061890901,9,6,15
061890902,16,12,28
061891001,283,332,615
061891002,346,381,727
061891003,404,406,810
061891004,401,441,842
061891005,375,409,784
061891006,337,426,763
061891007,437,478,915
061891008,333,348,681
061891009,304,291,595
061891010,25,17,42
061891101,5,7,12
061891102,14,15,29
061891103,6,3,9
061891104,6,3,9
061891105,19,14,33
061891106,4,5,9
061891107,3,4,7
061891201,224,232,456
061891202,15,5,20
061891203,11,9,20
061891204,4,3,7
061891205,8,11,19
061891206,11,7,18
061891207,3,3,6
061891208,9,5,14
061891209,4,2,6
061891210,16,11,27
061891211,189,209,398
061891301,45,35,80
061891302,10,5,15
061891303,18,16,34
061891304,7,5,12
061891305,3,3,6
061891306,7,2,9
061891307,11,2,13
061891308,8,7,15
061891309,1,2,3
061891401,8,5,13
061891402,8,3,11
061891403,11,9,20
061891404,2,2,4
061891405,4,6,10
061891406,8,3,11
061891501,208,210,418
061891502,449,507,956
061891503,88,70,158
061891504,32,24,56
061891505,25,16,41
061891506,3,4,7
061891507,6,3,9
061891508,11,2,13
061891509,183,221,404
061891601,22,8,30
061891602,1,1,2
061891603,21,10,31
061891604,4,3,7
061891605,5,0,5
061891701,35,32,67
061891702,280,274,554
061891703,361,435,796
061891704,277,325,602
061891705,275,305,580
061891706,235,298,533
061891707,369,481,850
061891708,424,439,863
061891709,19,10,29
061960101,484,485,969
061960102,477,524,1001
061960103,348,429,777
061960104,353,389,742
061960105,188,173,361
061960106,183,165,348
061960107,192,205,397
061960108,452,474,926
061960109,202,201,403
061960110,203,197,400
061960111,195,194,389
061960112,515,548,1063
061960113,307,322,629
061960114,244,270,514
061960115,207,261,468
061960116,361,467,828
061960117,232,244,476
061960118,230,240,470
061960119,239,245,484
061960201,121,133,254
061960202,193,164,357
061960203,164,187,351
061960204,361,346,707
061960205,387,498,885
061960206,329,402,731
061960207,266,332,598
061960208,297,370,667
061960209,362,479,841
061960210,400,447,847
061960211,226,232,458
061960212,220,218,438
061960213,239,268,507
061960214,265,291,556
061960301,12,14,26
061960302,13,11,24
061960303,15,11,26
061960304,7,5,12
061960305,8,2,10
061960306,15,10,25
061960401,28,15,43
061960402,22,15,37
061960403,9,10,19
061960404,9,7,16
061960501,9,9,18
061960502,3,1,4
061960503,18,8,26
061960504,8,2,10
061960601,12,6,18
061960602,21,1,22
061960603,7,6,13
061960604,4,3,7
061960701,205,216,421
061960702,8,4,12
061960703,4,1,5
061960704,7,7,14
061960705,17,11,28
061960706,5,4,9
061960707,31,19,50
061960708,59,50,109
061960709,32,27,59
061960801,13,8,21
061960802,16,4,20
061960803,15,12,27
061960804,16,19,35
061960805,1,1,2
061960806,14,17,31
061960901,0,2,2
061960902,11,8,19
061960903,21,10,31
061960904,16,23,39
061960905,29,18,47
061961001,15,11,26
061961002,9,7,16
061961003,9,9,18
061961004,6,6,12
061961005,18,18,36
061961101,14,8,22
061961102,23,23,46
061961103,18,3,21
061961104,8,6,14
061961105,22,23,45
061961106,13,10,23
061961107,6,3,9
061961108,8,12,20
061961201,8,4,12
061961202,23,17,40
061961203,11,6,17
061961204,4,4,8
061961205,17,18,35
061961206,11,5,16
061961301,9,3,12
061961302,9,6,15
061961303,20,17,37
061961304,18,12,30
061961305,20,11,31
061961401,12,4,16
061961402,19,12,31
061961403,13,14,27
061961501,101,77,178
061961502,13,16,29
061961503,7,11,18
061961504,8,5,13
061961505,2,3,5
061961506,132,118,250
061961507,181,185,366
061961508,126,134,260
062030101,451,547,998
062030102,265,333,598
062030103,303,397,700
062030104,300,352,652
062030105,301,369,670
062030106,364,408,772
062030107,241,285,526
062030108,408,418,826
062030109,259,293,552
062030110,450,482,932
062030111,456,434,890
062030112,461,461,922
062030113,407,438,845
062030201,214,227,441
062030202,273,309,582
062030203,253,263,516
062030204,274,270,544
062030205,24,16,40
062030206,21,14,35
062030207,43,33,76
062030208,13,12,25
062030209,12,9,21
062030210,357,352,709
062030211,184,205,389
062030212,454,473,927
062030213,159,166,325
062030214,35,27,62
062030215,250,275,525
062030301,23,16,39
062030302,16,17,33
062030303,10,9,19
062030304,20,13,33
062030305,13,17,30
062030306,14,10,24
062030401,86,79,165
062030402,7,4,11
062030403,13,9,22
062030404,6,6,12
062030405,9,5,14
062030406,9,6,15
062030407,11,7,18
062030408,17,10,27
062030501,48,47,95
062030502,5,4,9
062030503,14,13,27
062030504,22,18,40
062030505,12,5,17
062030506,10,8,18
062030507,2,4,6
062030601,14,7,21
062030602,9,4,13
062030603,8,6,14
062030604,22,17,39
062030605,10,1,11
062030701,3,3,6
062030702,5,5,10
062030703,8,4,12
062030704,10,6,16
062030705,5,4,9
062030706,4,3,7
062030707,8,2,10
062030708,2,2,4
062030709,2,2,4
062030710,14,8,22
062030711,8,5,13
062030801,18,17,35
062030802,42,37,79
062030803,416,418,834
062030804,520,583,1103
062030805,501,589,1090
062030806,487,524,1011
062030807,429,490,919
062030808,724,759,1483
062030809,415,471,886
062030810,419,474,893
062030811,135,110,245
062030812,261,254,515
062030901,10,9,19
062030902,20,16,36
062030903,3,0,3
062030904,10,8,18
062030905,4,0,4
062030906,2,1,3
062030907,5,4,9
062031001,1,1,2
062031002,21,16,37
062031003,15,8,23
062031004,11,5,16
062031005,12,6,18
062031101,14,11,25
062031102,28,16,44
062031103,0,0,0
062031104,8,3,11
062031105,6,2,8
062031106,12,4,16
062031201,9,8,17
062031202,15,6,21
062031203,14,13,27
062031204,18,10,28
062031205,17,10,27
062031301,11,9,20
062031302,8,8,16
062031303,11,9,20
062031304,19,22,41
062031305,18,12,30
062031306,16,10,26
062031307,17,8,25
062031308,11,2,13
062031401,219,215,434
062031402,18,17,35
062031403,11,6,17
062031404,7,7,14
062031405,38,22,60
062031406,5,1,6
062031407,3,3,6
062031408,0,0,0
062031501,5,4,9
062031502,30,30,60
062031503,19,13,32
062031504,9,8,17
062031601,673,706,1379
062031602,508,485,993
062031603,408,446,854
062031604,645,662,1307
062031605,380,374,754
062031606,297,281,578
062031607,488,545,1033
062031608,444,466,910
062031609,590,610,1200
062031610,532,502,1034
062031611,171,178,349
062031612,371,359,730
062031613,417,411,828
062100101,288,293,581
062100102,269,267,536
062100103,217,239,456
062100104,203,241,444
062100105,223,247,470
062100106,345,374,719
062100107,412,455,867
062100108,295,311,606
062100109,200,247,447
062100110,177,246,423
062100111,313,376,689
062100112,206,228,434
062100113,296,293,589
062100114,243,229,472
062100115,411,474,885
062100116,361,434,795
062100117,361,438,799
062100118,383,404,787
062100119,468,513,981
062100120,429,476,905
062100121,393,420,813
062100201,459,448,907
062100202,579,626,1205
062100203,589,636,1225
062100204,442,489,931
062100205,235,296,531
062100206,271,299,570
062100207,624,677,1301
062100208,333,406,739
062100209,271,363,634
062100210,547,592,1139
062100301,118,84,202
062100401,102,59,161
062100501,190,159,349
062100601,50,41,91
062100602,28,18,46
062100603,261,249,510
062100604,92,80,172
062100605,119,166,285
062100606,242,291,533
062100607,163,180,343
062100608,141,139,280
062100609,18,18,36
062100610,28,21,49
062100611,87,80,167
062100612,167,171,338
062100613,100,84,184
062100701,105,93,198
062100801,213,177,390
062100802,409,406,815
062100803,545,531,1076
062100804,601,632,1233
062100805,977,930,1907
062100806,390,331,721
062100807,140,117,257
062100808,1460,1456,2916
062100809,483,434,917
062100810,682,642,1324
062100811,154,136,290
062100901,281,313,594
062100902,297,315,612
062100903,99,89,188
062101001,85,65,150
062101101,29,18,47
062101201,121,104,225
062101301,393,470,863
062101302,441,454,895
062101303,226,289,515
062101304,394,480,874
062101305,373,439,812
062101306,508,561,1069
062101307,401,454,855
062101308,606,651,1257
062101309,528,549,1077
062170101,357,395,752
062170102,371,461,832
062170103,346,368,714
062170104,458,501,959
062170105,405,451,856
062170106,215,252,467
062170107,322,401,723
062170108,257,327,584
062170109,310,355,665
062170110,281,325,606
062170111,268,294,562
062170112,315,356,671
062170113,548,613,1161
062170114,180,193,373
062170201,54,39,93
062170202,32,26,58
062170203,16,20,36
062170204,32,26,58
062170205,33,34,67
062170206,16,20,36
062170207,32,16,48
062170301,81,78,159
062170302,101,91,192
062170303,149,138,287
062170304,58,45,103
062170401,214,210,424
062170402,422,359,781
062170403,214,216,430
062170404,268,244,512
062170405,188,184,372
062170406,130,124,254
062170407,139,138,277
062170408,172,138,310
062170409,302,292,594
062170410,326,384,710
062170411,378,348,726
062170412,356,369,725
062170413,772,722,1494
062170414,681,689,1370
062170415,361,379,740
062170416,391,407,798
062170501,18,11,29
062170502,4,5,9
062170503,8,6,14
062170504,4,5,9
062170505,75,56,131
062170506,20,16,36
062170507,33,29,62
062170508,25,23,48
062170509,8,6,14
062170510,13,14,27
062170511,21,17,38
062170512,14,9,23
062170601,9,5,14
062170602,11,9,20
062170603,11,14,25
062170604,42,24,66
062170605,23,20,43
062170701,12,10,22
062170702,20,8,28
062170801,47,38,85
062170802,32,29,61
062170803,37,37,74
062170901,29,25,54
062170902,51,33,84
062170903,44,25,69
062170904,37,35,72
062170905,15,19,34
062170906,30,26,56
062170907,31,24,55
062171001,392,377,769
062171002,632,674,1306
062171003,519,550,1069
062171004,393,460,853
062171005,28,18,46
062171006,33,37,70
062171007,29,16,45
062171008,34,23,57
062171009,38,29,67
062171010,119,88,207
062171011,120,123,243
062171012,15,6,21
062171013,311,339,650
062171101,94,53,147
062171102,25,20,45
062171103,28,26,54
062171104,17,11,28
062171105,64,56,120
062171106,22,13,35
062171201,405,386,791
062171202,1057,1210,2267
062171203,445,483,928
062171204,397,402,799
062171205,513,528,1041
062171206,311,340,651
062171207,297,353,650
062171208,332,366,698
062171209,329,322,651
062171210,639,719,1358
062171211,286,301,587
062171212,534,561,1095
062171213,420,473,893
062171214,226,261,487
062171215,328,340,668
062240101,287,305,592
062240102,369,450,819
062240103,565,600,1165
062240104,353,356,709
062240105,473,502,975
062240106,416,435,851
062240107,384,441,825
062240108,258,305,563
062240109,378,454,832
062240110,353,409,762
062240111,394,491,885
062240112,343,429,772
062240113,439,472,911
062240114,494,532,1026
062240115,335,318,653
062240116,267,305,572
062240117,360,389,749
062240201,334,349,683
062240202,375,396,771
062240203,289,281,570
062240204,672,652,1324
062240205,398,432,830
062240206,388,414,802
062240207,388,442,830
062240208,471,562,1033
062240209,398,402,800
062240210,346,430,776
062240211,283,364,647
062240212,221,217,438
062240213,267,275,542
062240214,371,388,759
062240301,369,403,772
062240302,478,479,957
062240303,400,422,822
062240304,350,434,784
062240305,302,329,631
062240306,347,369,716
062240307,535,542,1077
062240308,557,584,1141
062240309,263,273,536
062240310,407,454,861
062240401,479,464,943
062240402,568,622,1190
062240403,528,553,1081
062240404,318,395,713
062240405,390,492,882
062240406,292,410,702
062240407,365,467,832
062240408,241,344,585
062240409,489,575,1064
062240410,345,331,676
062240411,432,465,897
062240412,246,246,492
062240413,343,461,804
062240414,237,282,519
062240415,213,233,446
062240416,223,257,480
062240417,448,464,912
062240501,18,15,33
062240502,15,15,30
062240503,36,31,67
062240504,6,3,9
062240505,29,25,54
062240601,32,20,52
062240602,53,36,89
062240603,65,43,108
062240604,52,51,103
062240701,5,2,7
062240702,18,19,37
062240703,21,16,37
062240801,16,17,33
062240802,19,20,39
062240901,216,216,432
062240902,428,436,864
062240903,126,136,262
062240904,97,86,183
062240905,16,12,28
062240906,118,99,217
062240907,54,48,102
062240908,475,540,1015
062240909,149,130,279
062240910,93,75,168
062240911,278,270,548
062240912,216,228,444
062240913,104,92,196
062240914,107,100,207
062240915,258,289,547
062241001,14,16,30
062241002,28,23,51
062241101,54,43,97
062241102,70,53,123
062241103,91,110,201
062241201,56,62,118
062241202,15,13,28
062241203,32,28,60
062241204,133,132,265
062241301,124,93,217
062241302,19,20,39
062241303,22,18,40
062241401,21,14,35
062241402,37,29,66
062241403,73,77,150
062241501,10,10,20
062241502,23,21,44
062241503,17,17,34
062241601,12,11,23
062241602,10,6,16
062241701,92,87,179
062241702,32,18,50
062241703,41,28,69
062241801,15,17,32
062241802,26,21,47
062241901,80,86,166
062241902,16,12,28
062241903,27,20,47
062241904,27,32,59
062242001,136,158,294
062242002,176,175,351
062242003,418,441,859
062242004,9,9,18
062242005,38,24,62
062242006,11,10,21
062242007,23,13,36
062242008,12,9,21
062242009,121,114,235
062242010,185,188,373
062242101,22,12,34
062242102,5,4,9
062242103,13,10,23
062242201,251,289,540
062242202,280,335,615
062242203,393,444,837
062242204,325,415,740
062242205,357,379,736
062242206,395,514,909
062242207,350,385,735
062242208,320,397,717
062242209,324,330,654
062242210,409,452,861
062310101,328,352,680
062310102,235,251,486
062310103,25,17,42
062310104,129,141,270
062310105,39,34,73
062310106,43,31,74
062310107,279,264,543
062310201,28,22,50
062310202,30,32,62
062310203,17,13,30
062310204,16,10,26
062310301,17,13,30
062310302,37,43,80
062310303,44,40,84
062310304,10,12,22
062310401,3,1,4
062310402,11,7,18
062310403,12,7,19
062310404,25,23,48
062310405,13,10,23
062310501,22,15,37
062310502,17,19,36
062310601,4,1,5
062310602,14,16,30
062310603,50,37,87
062310604,11,7,18
062310605,14,9,23
062310606,41,27,68
062310701,17,23,40
062310702,15,12,27
062310703,20,11,31
062310704,31,32,63
062310705,3,1,4
062310706,7,1,8
062310707,7,4,11
062310801,19,15,34
062310802,2,1,3
062310803,330,318,648
062310804,3,2,5
062310805,12,9,21
062310901,26,17,43
062310902,64,42,106
062310903,28,14,42
062311001,651,665,1316
062311002,3,1,4
062311003,18,11,29
062311004,2,0,2
062311005,124,107,231
062311101,1,5,6
062311201,563,579,1142
062311202,502,529,1031
062311203,316,320,636
062311204,421,482,903
062311205,331,409,740
062311206,222,253,475
062311207,458,492,950
062311208,647,643,1290
062311209,296,326,622
062311210,377,415,792
062311211,648,623,1271
062311212,308,289,597
062311213,356,322,678
062311214,60,60,120
062380101,306,292,598
062380102,273,288,561
062380103,472,553,1025
062380104,498,532,1030
062380105,813,558,1371
062380106,303,426,729
062380107,658,649,1307
062380108,289,334,623
062380109,319,385,704
062380110,440,514,954
062380111,316,339,655
062380112,380,422,802
062380113,236,273,509
062380114,211,231,442
062380201,402,402,804
062380202,506,591,1097
062380203,369,510,879
062380204,193,254,447
062380205,282,338,620
062380206,323,417,740
062380207,597,603,1200
062380208,466,495,961
062380209,375,473,848
062380210,364,407,771
062380211,163,168,331
062380212,573,563,1136
062380213,219,255,474
062380214,292,311,603
062380215,28,38,66
062380301,130,156,286
062380302,40,21,61
062380401,53,34,87
062380501,72,73,145
062380601,232,202,434
062380602,157,167,324
062380603,325,373,698
062380604,457,431,888
062380605,13,15,28
062380606,23,18,41
062380607,70,48,118
062380608,7,4,11
062380609,247,280,527
062380610,21,15,36
062380611,274,293,567
062380701,68,71,139
062380702,63,52,115
062380801,29,31,60
062380901,62,47,109
062381001,10,5,15
062381101,42,24,66
062450101,587,644,1231
062450102,561,606,1167
062450103,592,636,1228
062450104,346,402,748
062450105,499,554,1053
062450106,661,779,1440
062450107,344,405,749
062450108,388,427,815
062450109,337,375,712
062450110,462,507,969
062450111,421,450,871
062450201,664,680,1344
062450202,431,414,845
062450203,299,305,604
062450204,309,340,649
062450205,569,615,1184
062450206,855,860,1715
062450207,501,620,1121
062450208,436,474,910
062450209,547,599,1146
062450210,258,276,534
062450211,905,880,1785
062450212,759,770,1529
062450213,455,478,933
062450214,430,449,879
062450215,452,467,919
062450301,439,463,902
062450302,588,630,1218
062450303,535,572,1107
062450304,866,876,1742
062450305,787,774,1561
062450306,704,697,1401
062450307,391,395,786
062450308,396,409,805
062450309,675,687,1362
062450310,529,566,1095
062450311,556,643,1199
062450401,322,348,670
062450402,242,230,472
062450403,441,405,846
062450404,404,407,811
062450405,357,354,711
062450406,300,320,620
062450407,418,418,836
062450408,221,209,430
062450409,403,401,804
062450410,418,417,835
062450411,70,68,138
062450412,118,134,252
062450413,418,389,807
062450414,144,149,293
062450415,828,892,1720
062450416,179,178,357
062450417,140,119,259
062450418,216,225,441
062450501,480,495,975
062450502,288,320,608
062450503,342,357,699
062450504,432,442,874
062450505,804,861,1665
062450506,4,1,5
062450507,267,76,343
062520101,308,289,597
062520102,514,495,1009
062520103,360,314,674
062520104,829,901,1730
062520105,800,745,1545
062520106,960,931,1891
062520107,910,959,1869
062520108,858,876,1734
062520109,315,369,684
062520110,182,235,417
062520111,281,338,619
062520112,647,661,1308
062520113,441,483,924
062520114,401,472,873
062520115,505,504,1009
062520201,145,136,281
062520202,223,203,426
062520203,338,334,672
062520204,336,339,675
062520205,207,199,406
062520206,208,201,409
062520207,304,322,626
062520208,107,101,208
062520209,833,769,1602
062520210,336,352,688
062520211,438,468,906
062520212,298,326,624
062520213,390,421,811
062520214,449,497,946
062520215,816,810,1626
062520216,576,582,1158
062520217,497,555,1052
062520301,94,89,183
062520302,133,127,260
062520303,174,170,344
062520304,368,412,780
062520305,947,886,1833
062520306,686,684,1370
062520307,144,132,276
062520308,162,127,289
062520309,299,310,609
062520401,641,683,1324
062520402,729,714,1443
062520403,288,306,594
062520404,405,412,817
062520405,504,509,1013
062520406,317,370,687
062520407,317,356,673
062520408,746,802,1548
062520409,933,931,1864
062520410,408,420,828
062520411,57,58,115
062520412,1042,984,2026
062520413,612,590,1202
062520501,528,643,1171
062520502,300,372,672
062520503,419,490,909
062520504,537,569,1106
062520505,365,426,791
062520506,253,284,537
062520507,692,677,1369
062520508,678,766,1444
062520509,605,636,1241
062520601,501,458,959
062520602,3,2,5
062520603,161,167,328
062520604,394,401,795
062520605,606,592,1198
062520606,472,479,951
062520607,68,69,137
062520608,39,31,70
062520609,74,72,146
062520610,58,48,106
062520611,198,176,374
062520612,289,233,522
062520613,366,348,714
062520614,372,347,719
062520701,549,592,1141
062520702,652,703,1355
062520703,746,804,1550
062520704,867,815,1682
062520705,1026,978,2004
062520706,1188,1195,2383
062520707,726,680,1406
062520708,810,794,1604
062520709,405,468,873
062520710,439,473,912
062520711,798,838,1636
062520801,125,122,247
062520802,930,922,1852
062520803,801,811,1612
062520804,801,821,1622
062520805,815,828,1643
062520806,623,659,1282
062520807,496,523,1019
062520808,492,485,977
062520809,155,156,311
062520810,245,233,478
062520901,1579,1593,3172
062520902,1040,1011,2051
062520903,882,876,1758
062520904,859,867,1726
062520905,808,779,1587
062520906,675,645,1320
062520907,610,615,1225
062520908,406,411,817
062520909,555,546,1101
062520910,748,760,1508
062520911,910,934,1844
062520912,821,839,1660
062520913,1319,1386,2705
062520914,994,939,1933
062521001,277,271,548
062521002,70,62,132
062521003,635,625,1260
062521004,626,660,1286
062521005,398,379,777
062521006,542,560,1102
062521007,559,571,1130
062521008,466,462,928
062521009,544,581,1125
062521010,556,556,1112
062521011,668,690,1358
062521012,794,798,1592
062521013,800,763,1563
062521014,385,373,758
062521015,287,301,588
062521016,594,627,1221
062521017,334,348,682
062521101,383,416,799
062521102,697,716,1413
062521103,329,323,652
062521104,499,511,1010
062521105,656,687,1343
062521106,464,467,931
062521107,457,513,970
062521108,158,140,298
062521109,282,261,543
062521110,505,553,1058
062521201,713,747,1460
062521202,979,945,1924
062521203,811,809,1620
062521204,939,902,1841
062521205,918,890,1808
062521206,605,629,1234
062521207,778,781,1559
062521208,725,720,1445
062521301,381,361,742
062521302,715,739,1454
062521303,659,666,1325
062521304,548,549,1097
062521305,609,656,1265
062521306,581,576,1157
062521307,352,384,736
062521308,400,446,846
062521309,360,378,738
062521310,329,340,669
062521311,457,496,953
062521312,577,612,1189
062521401,735,656,1391
062521402,769,775,1544
062521403,1044,1035,2079
062521404,651,601,1252
062521405,404,363,767
062521406,426,430,856
062521407,576,609,1185
062521408,860,924,1784
062521409,517,581,1098
062521410,462,504,966
062521411,501,504,1005
062521412,877,837,1714
062521413,1250,1194,2444
062521414,660,637,1297
062521415,481,514,995
062521416,505,547,1052
062521417,470,462,932
062521418,524,519,1043
062521419,764,783,1547
062521501,6,5,11
062521502,2,1,3
062521503,636,625,1261
062521504,779,772,1551
062521505,631,656,1287
062521506,772,757,1529
062521507,725,756,1481
062521508,871,856,1727
062521509,752,779,1531
062521510,300,322,622
062521511,718,747,1465
062521512,991,933,1924
062521513,374,385,759
062521514,657,730,1387
062521515,948,1100,2048
062521601,287,217,504
062660101,9,10,19
062660102,103,83,186
062660103,45,59,104
062660104,101,79,180
062660201,25,18,43
062660202,68,32,100
062660203,36,31,67
062660204,640,674,1314
062660205,207,192,399
062660301,544,519,1063
062660302,376,415,791
062660303,453,502,955
062660304,304,341,645
062660305,202,201,403
062660306,205,243,448
062660307,232,316,548
062660308,183,253,436
062660309,231,281,512
062660310,386,449,835
062660311,450,438,888
062660312,34,32,66
062660401,113,104,217
062660402,17,9,26
062660403,171,137,308
062660501,766,683,1449
062660502,306,318,624
062660503,237,226,463
062660504,110,103,213
062660505,69,66,135
062660506,154,117,271
062660507,47,57,104
062660508,384,330,714
062660509,97,119,216
062660601,247,230,477
062660602,393,321,714
062660603,174,160,334
062660604,104,103,207
062660605,158,142,300
062660606,74,64,138
062660607,92,87,179
062660608,125,132,257
062660609,382,329,711
062660610,243,255,498
062660611,185,176,361
062660612,203,196,399
062660701,428,443,871
062660702,446,448,894
062660703,748,741,1489
062660704,182,143,325
062660705,838,797,1635
062660706,121,136,257
062660707,364,373,737
062660708,605,625,1230
062660709,612,635,1247
062660710,593,614,1207
062660711,301,295,596
062770101,6,1,7
062770102,173,161,334
062770103,169,173,342
062770104,41,30,71
062770105,9,10,19
062770106,67,48,115
062770107,387,396,783
062770108,392,430,822
062770109,350,355,705
062770110,391,397,788
062770111,618,634,1252
062770112,241,295,536
062770113,327,344,671
062770114,317,332,649
062770115,444,462,906
062770116,30,23,53
062770201,54,46,100
062770202,178,141,319
062770203,47,36,83
062770204,103,90,193
062770205,21,11,32
062770206,54,35,89
062800101,355,324,679
062800102,343,305,648
062800103,302,309,611
062800104,410,388,798
062800105,282,268,550
062800106,270,261,531
062800107,516,527,1043
062800108,361,341,702
062800109,240,237,477
062800110,316,300,616
062800201,523,535,1058
062800202,335,367,702
062800203,205,245,450
062800204,391,427,818
062800205,514,559,1073
062800206,310,384,694
062800207,337,419,756
062800208,153,221,374
062800301,72,85,157
062800302,75,81,156
062800303,82,88,170
062800304,71,74,145
062800305,117,121,238
062800306,73,89,162
062800307,113,120,233
062800308,76,102,178
062800309,36,67,103
062800310,55,63,118
062800311,39,39,78
062800312,27,31,58
062800313,30,41,71
062800401,309,362,671
062800402,67,83,150
062800403,35,46,81
062800404,12,11,23
062800405,56,73,129
062800406,133,173,306
062800407,118,99,217
062800408,161,165,326
062800409,199,215,414
062800410,138,142,280
062800501,16,1,17
062800502,21,17,38
062800503,13,5,18
062800504,2,1,3
062800505,9,6,15
062800506,14,15,29
062800507,19,14,33
062800508,49,19,68
062800509,11,7,18
062800601,7,8,15
062800602,14,7,21
062800603,50,46,96
062800604,28,28,56
062800605,16,15,31
062800606,275,294,569
062800607,99,111,210
062800608,187,176,363
062800609,64,57,121
062800610,237,221,458
062800611,138,115,253
062800612,50,38,88
062800613,51,31,82
062800614,50,36,86
062800615,80,77,157
062800616,45,45,90
062800617,28,36,64
062800701,19,12,31
062800702,10,10,20
062800703,30,31,61
062800704,90,72,162
062800705,30,30,60
062800706,23,18,41
062800707,9,11,20
062800708,36,31,67
062800709,32,23,55
062800710,19,15,34
062800711,14,11,25
062800801,129,123,252
062800802,8,6,14
062800803,5,6,11
062800804,6,9,15
062800805,4,4,8
062800806,9,9,18
062800807,20,10,30
062800808,6,3,9
062800809,30,18,48
062800810,10,8,18
062800811,11,7,18
062800812,21,15,36
062800813,14,14,28
062800814,11,5,16
062800815,21,20,41
062800816,69,51,120
062800817,16,14,30
062800818,9,3,12
062800819,326,319,645
062800820,156,152,308
062800901,49,47,96
062800902,15,10,25
062800903,7,4,11
062800904,40,22,62
062800905,30,18,48
062800906,40,29,69
062800907,12,10,22
062800908,18,16,34
062800909,63,60,123
062800910,15,8,23
062800911,10,10,20
062800912,84,82,166
062801001,219,274,493
062801002,265,300,565
062801003,105,121,226
062801004,142,158,300
062801005,100,118,218
062801006,29,41,70
062801007,54,96,150
062801008,201,196,397
062801101,410,375,785
062801102,436,500,936
062801103,487,598,1085
062801104,191,208,399
062801105,197,248,445
062801106,233,276,509
062801107,193,229,422
062801108,278,302,580
062801109,327,340,667
062801110,200,238,438
062801111,267,264,531
062801112,223,232,455
062801201,62,54,116
062801202,53,48,101
062801203,5,3,8
062801204,50,30,80
062801205,696,692,1388
062801206,496,555,1051
062801207,630,688,1318
062801208,805,804,1609
062801209,322,310,632
062801210,322,303,625
062870101,148,97,245
062870201,83,56,139
062870301,12,8,20
062870302,23,18,41
062870401,128,101,229
062870402,11,17,28
062870403,142,136,278
062870404,295,295,590
062870405,387,427,814
062870406,225,287,512
062870407,331,344,675
062870408,343,337,680
062870409,200,191,391
062870410,176,185,361
062870411,350,387,737
062870412,219,260,479
062870413,472,512,984
062870414,281,339,620
062870415,536,528,1064
062870416,1435,33,1468
062870417,10,1,11
062870501,47,24,71
062870502,146,73,219
062870601,127,96,223
062870701,75,51,126
062870702,78,47,125
062940101,13,4,17
062940102,7,3,10
062940103,0,0,0
062940201,8,3,11
062940202,159,149,308
062940203,564,553,1117
062940204,425,462,887
062940205,35,28,63
062940206,14,14,28
062940207,14,8,22
062940208,1,1,2
062940209,17,15,32
062940210,21,9,30
062940211,133,132,265
062940301,11,13,24
062940302,8,3,11
062940303,7,6,13
062940401,334,369,703
062940402,459,466,925
062940403,487,546,1033
062940404,198,250,448
062940405,52,55,107
062940406,82,79,161
062940407,13,7,20
062940408,441,483,924
062940501,49,41,90
062940502,7,6,13
062940503,7,5,12
062940504,6,3,9
062940505,27,22,49
062940506,37,33,70
062940601,329,383,712
062940602,173,200,373
062940603,251,296,547
062940604,187,212,399
062940605,7,4,11
062940606,27,26,53
062940607,24,20,44
062940608,107,115,222
062940609,178,166,344
062940610,193,172,365
062940701,8,3,11
062940702,18,12,30
062940703,9,7,16
062940704,18,10,28
062940705,15,8,23
062940706,0,0,0
062940801,82,91,173
062940802,253,275,528
062940803,252,272,524
062940804,155,157,312
062940805,168,178,346
062940806,191,208,399
062940807,324,372,696
062940808,331,382,713
062940809,105,96,201
062940810,186,171,357
062940811,4,6,10
062940812,8,3,11
062940813,2,1,3
062940814,14,8,22
062940815,13,13,26
063010101,303,259,562
063010201,69,58,127
063010301,67,36,103
063010401,100,65,165
063010501,12,7,19
063010502,119,86,205
063010503,48,45,93
063010504,330,346,676
063010505,346,342,688
063010506,299,325,624
063010507,268,292,560
063010508,301,362,663
063010509,352,387,739
063010510,304,372,676
063010511,308,380,688
063010512,427,496,923
063010513,583,669,1252
063010514,306,328,634
063010601,188,97,285
063010701,126,107,233
063010801,201,147,348
063010802,68,65,133
063010803,84,76,160
063010804,69,59,128
063010805,280,289,569
063010806,357,386,743
063010807,206,230,436
063010808,333,401,734
063010809,285,341,626
063010810,210,215,425
063010811,329,417,746
063010812,489,524,1013
063010813,364,357,721
063010814,339,308,647
063010815,13,8,21
063080101,34,19,53
063080201,28,21,49
063080301,42,28,70
063080401,46,27,73
063080501,142,156,298
063080502,129,118,247
063080601,153,173,326
063080602,209,218,427
063080603,61,52,113
063080604,5,3,8
063080701,41,30,71
063080801,21,10,31
063080901,54,29,83
063081001,51,27,78
063081002,392,421,813
063081003,36,40,76
063150101,350,360,710
063150102,492,625,1117
063150103,310,320,630
063150104,345,453,798
063150105,393,506,899
063150106,438,488,926
063150107,326,366,692
063150108,386,412,798
063150109,465,595,1060
063150110,467,530,997
063150111,650,680,1330
063150112,526,527,1053
063150113,508,575,1083
063150114,644,680,1324
063150115,458,458,916
063150116,310,332,642
063150117,368,381,749
063150118,456,500,956
063150201,95,66,161
063150301,448,485,933
063150302,185,181,366
063150303,251,209,460
063150401,117,76,193
063150501,100,98,198
063150502,200,142,342
063150601,190,143,333
063150701,49,32,81
063220101,4,2,6
063220102,5,1,6
063220103,17,12,29
063220201,28,19,47
063220202,12,5,17
063220203,7,6,13
063220204,12,9,21
063220301,162,160,322
063220302,28,17,45
063220303,7,3,10
063220304,30,27,57
063220305,32,13,45
063220306,19,20,39
063220307,163,178,341
063220401,12,6,18
063220402,11,5,16
063220403,15,6,21
063220404,9,1,10
063220405,7,5,12
063220501,9,10,19
063220502,10,4,14
063220503,12,7,19
063220504,6,3,9
063220505,19,12,31
063220601,580,577,1157
063220602,313,361,674
063220603,180,245,425
063220604,251,272,523
063220605,241,280,521
063220606,164,207,371
063220607,290,313,603
063220608,45,40,85
063220609,9,7,16
063220610,1,0,1
063220611,98,87,185
063220612,366,405,771
063220613,207,233,440
063220614,287,333,620
063220615,193,227,420
063220616,277,275,552
063220617,409,440,849
063220701,85,89,174
063220702,27,14,41
063220703,31,24,55
063220704,9,7,16
063220705,12,5,17
063220801,12,10,22
063220802,16,9,25
063220803,22,14,36
063220901,24,28,52
063220902,18,17,35
063220903,5,3,8
063221001,148,144,292
063221002,35,33,68
063221003,9,12,21
063221004,39,25,64
063221005,34,27,61
063221006,17,8,25
063221007,71,44,115
063221008,22,14,36
063221101,22,11,33
063221102,21,10,31
063221103,13,13,26
063221201,16,11,27
063221202,8,4,12
063221203,7,5,12
063221301,10,10,20
063221302,16,6,22
063221303,21,13,34
063221304,11,12,23
063290101,19,22,41
063290102,62,54,116
063290103,41,24,65
063290104,27,30,57
063290201,100,98,198
063290202,35,34,69
063290203,60,58,118
063290301,63,62,125
063290302,79,75,154
063290303,126,122,248
063290304,384,420,804
063290305,545,547,1092
063290306,378,408,786
063290307,275,273,548
063290308,491,551,1042
063290309,367,415,782
063290310,462,491,953
063290311,451,493,944
063290312,392,473,865
063290313,239,282,521
063290314,272,338,610
063290315,463,505,968
063290316,445,473,918
063290317,231,267,498
063290401,71,59,130
063290402,124,95,219
063290403,129,124,253
063290501,136,124,260
063290502,165,107,272
063290503,60,57,117
063290504,50,37,87
063290505,188,189,377
063290506,270,240,510
063290601,46,40,86
063290602,29,27,56
063360101,54,48,102
063360201,299,304,603
063360202,214,245,459
063360203,155,162,317
063360204,25,21,46
063360205,197,205,402
063360301,42,32,74
063360401,19,13,32
063360501,184,148,332
063360601,33,31,64
063360701,88,97,185
063360801,63,48,111
063360901,44,29,73
063361001,239,216,455
063361002,237,208,445
063430101,322,335,657
063430102,40,38,78
063430103,113,102,215
063430104,37,26,63
063430105,46,41,87
063430201,79,53,132
063430301,46,37,83
063430302,23,26,49
063430303,26,23,49
063430401,41,43,84
063430402,50,45,95
063430501,28,25,53
063430502,27,26,53
063430503,55,35,90
063430601,259,278,537
063430602,134,126,260
063430603,48,40,88
063430604,20,15,35
063430605,29,22,51
063430606,5,9,14
063430701,165,170,335
063430702,309,304,613
063430703,374,428,802
063430704,197,192,389
063430705,339,361,700
063430706,386,406,792
063430707,344,379,723
063430708,242,260,502
063430709,366,440,806
063430710,477,528,1005
063430711,354,337,691
063430712,288,270,558
063430713,233,186,419
063430801,23,15,38
063430802,35,21,56
063510101,25,17,42
063510102,192,206,398
063510103,208,205,413
063510104,13,13,26
063510201,95,81,176
063510202,47,29,76
063510301,22,16,38
063510302,11,12,23
063510303,9,3,12
063510304,21,13,34
063510401,335,296,631
063510402,19,18,37
063510403,32,28,60
063510404,30,19,49
063510405,36,21,57
063510406,380,386,766
063510501,26,26,52
063510502,15,9,24
063510601,234,250,484
063510602,139,147,286
063510603,413,454,867
063510604,489,499,988
063510605,418,441,859
063510606,471,472,943
063510607,396,428,824
063510608,152,148,300
063510609,4,0,4
063510610,3,2,5
063510611,17,12,29
063510612,6,11,17
063510613,20,23,43
063510614,22,11,33
063510615,490,516,1006
063510701,30,19,49
063510702,25,22,47
063510703,12,9,21
063510801,40,33,73
063510802,15,12,27
063510803,47,31,78
063510901,553,575,1128
063510902,13,9,22
063510903,73,65,138
063511001,9,10,19
063511002,16,9,25
063511003,16,16,32
063570101,451,421,872
063570102,501,512,1013
063570103,602,616,1218
063570104,580,625,1205
063570105,505,544,1049
063570106,342,386,728
063570107,314,414,728
063570108,548,569,1117
063570109,430,459,889
063570201,458,473,931
063570202,424,452,876
063570203,398,469,867
063570204,569,663,1232
063570205,420,426,846
063570206,427,432,859
063570207,332,340,672
063570208,272,303,575
063570209,444,451,895
063570210,386,394,780
063570301,210,211,421
063570302,275,255,530
063570303,172,169,341
063570304,352,351,703
063570305,347,376,723
063570306,462,567,1029
063570307,346,421,767
063570308,494,509,1003
063570309,540,608,1148
063570310,434,473,907
063570311,535,597,1132
063570401,296,348,644
063570402,225,223,448
063570403,191,219,410
063570404,216,238,454
063570405,216,221,437
063570406,235,316,551
063570407,366,393,759
063570408,445,458,903
063570409,350,356,706
063570410,277,301,578
063570501,565,561,1126
063570502,531,616,1147
063570503,322,377,699
063570504,357,318,675
063570505,263,283,546
063570506,326,360,686
063570507,253,284,537
063570508,275,344,619
063570509,464,525,989
063570510,467,461,928
063570511,219,235,454
063570512,243,276,519
063570513,181,211,392
063570514,194,214,408
063570601,483,484,967
063570602,378,429,807
063570603,361,378,739
063570604,549,634,1183
063570605,373,420,793
063570606,334,359,693
063570607,401,475,876
063570608,507,516,1023
063570609,524,610,1134
063570610,457,492,949
063570611,411,411,822
063570701,371,413,784
063570702,539,525,1064
063570703,411,455,866
063570704,522,543,1065
063570705,604,681,1285
063570706,520,569,1089
063570707,442,430,872
063570708,415,418,833
063570709,676,678,1354
063570710,501,532,1033
063570711,411,423,834
063570801,625,608,1233
063570802,446,481,927
063570803,327,341,668
063570804,375,411,786
063570805,459,508,967
063570806,405,427,832
063570807,447,542,989
063570808,348,398,746
063570809,485,521,1006
063570810,514,542,1056
063570811,521,572,1093
063570812,521,576,1097
063570813,328,356,684
063570814,205,243,448
063570901,707,723,1430
063570902,607,611,1218
063570903,501,520,1021
063570904,596,619,1215
063570905,552,613,1165
063570906,675,685,1360
063570907,594,603,1197
063570908,565,572,1137
063570909,512,574,1086
063570910,676,704,1380
063570911,573,612,1185
063570912,674,709,1383
063570913,519,518,1037
063571001,373,340,713
063571002,316,336,652
063571003,586,622,1208
063571004,546,544,1090
063571005,603,642,1245
063571006,639,653,1292
063571007,607,549,1156
063571008,826,776,1602
063571009,428,426,854
063571010,371,388,759
063571011,466,527,993
063571012,495,476,971
063571013,421,381,802
063571014,518,511,1029
063571015,438,402,840
063571101,354,386,740
063571102,590,599,1189
063571103,454,460,914
063571104,783,785,1568
063571105,578,585,1163
063571106,653,603,1256
063571107,593,605,1198
063571108,349,386,735
063571109,641,714,1355
063571110,424,444,868
063571111,424,460,884
063571112,591,620,1211
063571201,534,544,1078
063571202,275,315,590
063571203,449,468,917
063571204,400,394,794
063571205,504,580,1084
063571206,302,334,636
063571207,561,551,1112
063571208,754,683,1437
063571209,597,610,1207
063571210,705,719,1424
063571211,756,841,1597
063571212,564,598,1162
063571213,477,500,977
063571214,364,435,799
063571215,684,777,1461
063571301,420,448,868
063571302,370,437,807
063571303,548,621,1169
063571304,676,744,1420
063571305,395,406,801
063571306,685,679,1364
063571307,587,578,1165
063571308,461,473,934
063571309,266,281,547
063571401,489,521,1010
063571402,411,489,900
063571403,603,671,1274
063571404,435,515,950
063571405,309,300,609
063571406,319,431,750
063571407,493,572,1065
063571408,415,482,897
063571409,374,477,851
063571501,461,478,939
063571502,264,343,607
063571503,345,388,733
063571504,459,560,1019
063571505,445,567,1012
063571506,330,381,711
063571507,761,966,1727
063571508,423,486,909
063571509,364,399,763
063571510,393,446,839
063571511,175,220,395
063571601,366,375,741
063571602,321,362,683
063571603,295,388,683
063571604,312,455,767
063571605,287,344,631
063571606,249,300,549
063571607,195,257,452
063571608,271,335,606
063571609,166,201,367
063571610,173,214,387
063571611,171,217,388
063571612,161,207,368
063571613,229,288,517
063571701,401,393,794
063571702,104,132,236
063571703,216,240,456
063571704,310,326,636
063571705,592,588,1180
063571706,282,276,558
063571707,232,233,465
063571708,383,392,775
063571709,281,326,607
063571710,240,265,505
063571801,327,372,699
063571802,227,318,545
063571803,169,174,343
063571804,266,329,595
063571805,392,461,853
063571806,326,370,696
063571807,318,351,669
063571808,355,479,834
063571809,286,354,640
063571810,226,275,501
063571901,323,397,720
063571902,202,241,443
063571903,159,206,365
063571904,83,88,171
063571905,143,165,308
063571906,126,152,278
063571907,305,370,675
063571908,207,247,454
063571909,120,153,273
063571910,96,141,237
063571911,152,186,338
063572001,177,243,420
063572002,272,380,652
063572003,136,213,349
063572004,126,162,288
063572005,74,104,178
063572006,97,114,211
063572007,141,178,319
063572008,45,48,93
063572009,88,109,197
063572101,151,194,345
063572102,278,337,615
063572103,207,266,473
063572104,153,171,324
063572105,356,411,767
063572106,224,312,536
063572107,202,326,528
063572108,177,273,450
063572201,201,221,422
063572202,103,145,248
063572203,195,232,427
063572204,140,202,342
063572205,150,182,332
063572206,208,280,488
063572207,132,212,344
063572208,184,290,474
063572209,190,282,472
063572210,136,209,345
063572211,128,195,323
063572212,153,222,375
063572213,116,178,294
063572214,140,209,349
063572301,174,215,389
063572302,185,242,427
063572303,114,156,270
063572304,127,163,290
063572305,95,122,217
063572306,145,169,314
063572307,95,103,198
063572308,113,108,221
063572401,81,89,170
063572402,55,58,113
063572403,115,145,260
063572404,160,188,348
063572405,188,244,432
063572501,183,278,461
063572502,211,279,490
063572503,118,145,263
063572601,176,249,425
063572602,222,337,559
063572603,193,290,483
063572604,163,292,455
063572701,141,210,351
063572702,146,192,338
063572703,192,288,480
063572704,142,202,344
063572705,171,240,411
063572801,190,255,445
063572802,130,191,321
063572803,127,178,305
063572804,102,146,248
063572805,154,190,344
063572806,160,193,353
063572901,117,160,277
063572902,112,140,252
063572903,121,157,278
063572904,144,212,356
063572905,67,64,131
063572906,204,264,468
063573001,119,161,280
063573002,161,190,351
063573003,70,90,160
063573004,154,203,357
063573005,117,188,305
063573006,179,298,477
063573007,102,147,249
063573008,82,115,197
063573009,147,248,395
063573010,116,182,298
063573011,176,232,408
063573101,172,280,452
063573102,172,256,428
063573103,138,185,323
063573104,77,109,186
063573105,165,221,386
063573106,167,228,395
063573107,189,307,496
063573108,186,290,476
063573109,186,248,434
063573201,233,325,558
063573202,283,367,650
063573203,279,413,692
063573204,236,366,602
063573205,95,134,229
063573206,151,242,393
063573207,187,263,450
063573208,89,139,228
063573209,225,332,557
063573210,171,253,424
063573301,289,354,643
063573302,367,428,795
063573303,341,428,769
063573304,287,362,649
063573305,248,345,593
063573306,195,260,455
063573307,235,320,555
063573308,236,317,553
063573309,183,241,424
063573310,140,178,318
063573311,141,226,367
063573401,174,231,405
063573402,171,246,417
063573403,111,164,275
063573404,229,382,611
063573405,161,225,386
063573406,123,200,323
063573407,202,269,471
063573408,84,124,208
063573501,197,280,477
063573502,238,339,577
063573503,118,174,292
063573504,164,218,382
063573505,235,314,549
063573506,161,249,410
063573507,190,281,471
063573508,196,250,446
063573509,186,261,447
063573510,96,150,246
063573601,199,279,478
063573602,227,270,497
063573603,155,200,355
063573604,188,257,445
063573605,42,61,103
063573701,162,212,374
063573702,143,218,361
063573703,163,245,408
063573704,113,144,257
063573705,164,243,407
063573706,145,195,340
063573707,111,178,289
063573708,122,138,260
063573801,151,238,389
063573802,135,184,319
063573803,165,208,373
063573804,94,125,219
063573901,132,214,346
063573902,130,170,300
063573903,138,189,327
063573904,217,345,562
063573905,136,160,296
063573906,119,179,298
063573907,277,323,600
063573908,142,196,338
063573909,66,109,175
063574001,20,34,54
063574002,261,274,535
063574003,128,178,306
063574004,346,642,988
063574005,125,135,260
063574006,108,170,278
063574007,216,272,488
063574008,153,201,354
063574101,380,438,818
063574102,245,355,600
063574103,232,285,517
063574104,176,213,389
063574105,142,183,325
063574106,59,74,133
063574107,122,128,250
063574201,116,171,287
063574202,117,163,280
063574203,94,113,207
063574204,51,70,121
063574205,107,136,243
063574206,128,169,297
063574207,131,196,327
063574301,75,94,169
063574302,108,123,231
063574303,110,129,239
063574304,185,254,439
063574305,50,54,104
063574306,121,156,277
063574307,220,227,447
063574308,43,54,97
063574309,119,113,232
063574310,86,122,208
063574311,78,88,166
063574312,92,108,200
063574401,37,37,74
063574402,103,130,233
063574403,313,362,675
063574404,350,376,726
063574405,284,337,621
063574406,112,138,250
063574407,191,211,402
063574408,198,198,396
063574409,99,89,188
063574501,143,210,353
063574502,224,259,483
063574503,230,324,554
063574504,272,354,626
063574505,175,230,405
063574506,316,401,717
063574507,357,460,817
063574508,268,394,662
063574509,491,518,1009
063574510,431,452,883
063574511,140,176,316
063574512,151,164,315
063574513,230,215,445
063574514,91,106,197
063574515,160,210,370
063574516,318,349,667
063574601,168,243,411
063574602,194,275,469
063574603,280,353,633
063574604,168,220,388
063574605,289,354,643
063574606,307,446,753
063574607,182,235,417
063574608,179,246,425
063574609,321,431,752
063574610,271,324,595
063574611,336,380,716
063574612,330,398,728
063574613,207,279,486
063574701,309,414,723
063574702,341,370,711
063574703,352,440,792
063574704,312,355,667
063574705,342,462,804
063574706,177,257,434
063574707,172,223,395
063574708,297,387,684
063574709,315,399,714
063574710,344,420,764
063574801,411,528,939
063574802,411,489,900
063574803,360,432,792
063574804,183,240,423
063574805,228,291,519
063574806,209,241,450
063574807,225,311,536
063574808,229,269,498
063574809,214,245,459
063574810,360,445,805
063574811,346,393,739
063574812,207,228,435
063574813,243,296,539
063574814,271,333,604
063574815,234,285,519
063574901,294,347,641
063574902,393,470,863
063574903,262,320,582
063574904,273,331,604
063574905,363,427,790
063574906,285,382,667
063574907,315,395,710
063574908,283,326,609
063575001,327,382,709
063575002,430,428,858
063575003,391,447,838
063575004,442,514,956
063575005,512,551,1063
063575006,437,502,939
063575007,588,605,1193
063575008,846,918,1764
063575009,959,1114,2073
063575010,253,302,555
063575011,203,218,421
063575012,465,572,1037
063575013,258,307,565
063575014,254,303,557
063575101,345,366,711
063575102,394,391,785
063575103,453,563,1016
063575104,369,451,820
063575105,555,550,1105
063575106,516,511,1027
063575107,623,617,1240
063575108,614,607,1221
063575109,617,655,1272
063575201,879,866,1745
063575202,702,706,1408
063575203,571,644,1215
063575204,621,646,1267
063575205,431,450,881
063575206,383,432,815
063575207,609,617,1226
063575208,437,441,878
063575209,482,484,966
063575210,880,857,1737
063575211,705,675,1380
063575212,563,578,1141
063575213,605,634,1239
063575214,704,750,1454
063575215,854,811,1665
063575216,860,851,1711
063575301,495,500,995
063575302,509,554,1063
063575303,567,624,1191
063575304,398,438,836
063575305,410,408,818
063575306,441,409,850
063575307,594,647,1241
063575308,593,577,1170
063575309,681,718,1399
063575310,609,622,1231
063575311,554,564,1118
063575312,604,582,1186
063575313,430,428,858
063575314,402,411,813
063575315,544,564,1108
063575316,510,491,1001
063575401,435,456,891
063575402,443,544,987
063575403,520,643,1163
063575404,564,628,1192
063575405,388,434,822
063575406,340,389,729
063575407,377,402,779
063575408,315,355,670
063575501,257,291,548
063575502,301,379,680
063575503,455,526,981
063575504,533,607,1140
063575505,259,277,536
063575506,374,446,820
063575507,324,359,683
063575508,629,666,1295
063575601,434,472,906
063575602,448,501,949
063575603,359,427,786
063575604,435,563,998
063575605,344,393,737
063575606,342,425,767
063575607,442,516,958
063575608,414,497,911
063575609,339,421,760
063575610,177,217,394
063575611,473,570,1043
063575612,339,421,760
063575701,686,721,1407
063575702,437,496,933
063575703,351,391,742
063575704,538,603,1141
063575705,289,324,613
063575706,445,484,929
063575707,274,340,614
063575708,245,297,542
063575709,531,524,1055
063575710,302,363,665
063575801,340,362,702
063575802,328,402,730
063575803,313,377,690
063575804,361,412,773
063575805,459,505,964
063575806,447,508,955
063575807,392,434,826
063575808,608,669,1277
063575901,356,437,793
063575902,362,416,778
063575903,371,512,883
063575904,358,408,766
063575905,358,419,777
063575906,549,653,1202
063575907,534,519,1053
063575908,367,440,807
063575909,220,286,506
063575910,215,280,495
063575911,414,457,871
063576001,438,497,935
063576002,281,326,607
063576003,338,431,769
063576004,244,295,539
063576005,410,419,829
063576006,446,491,937
063576007,409,460,869
063576008,319,348,667
063576009,294,362,656
063576010,378,393,771
063576011,355,382,737
063576101,477,502,979
063576102,485,567,1052
063576103,209,227,436
063576104,290,357,647
063576105,458,474,932
063576106,573,611,1184
063576107,267,288,555
063576108,18,22,40
063576109,278,334,612
063576110,434,460,894
063576111,263,328,591
063576112,165,178,343
063576113,280,351,631
063576201,478,528,1006
063576202,285,296,581
063576203,244,262,506
063576204,381,450,831
063576205,357,418,775
063576206,349,470,819
063576207,344,356,700
063576208,243,269,512
063576209,338,381,719
063576210,117,142,259
063576211,299,309,608
063576301,46,13,59
063576302,106,113,219
063576303,99,89,188
063576304,171,201,372
063576305,179,183,362
063576306,74,86,160
063576307,87,81,168
063576308,127,124,251
063576309,59,66,125
063576401,588,597,1185
063576402,635,614,1249
063576403,336,346,682
063576404,398,383,781
063576405,309,338,647
063576406,236,234,470
063576407,262,281,543
063576408,194,207,401
063576409,107,116,223
063576410,91,106,197
063576411,138,172,310
063576501,273,281,554
063576502,369,335,704
063576503,7,1,8
063576504,471,539,1010
063576505,320,342,662
063576506,277,316,593
063576507,410,408,818
063576508,489,536,1025
063576509,397,418,815
063576510,271,284,555
063576511,284,291,575
063576512,295,298,593
063576513,99,101,200
063576514,139,136,275
063576601,448,458,906
063576602,419,451,870
063576603,575,696,1271
063576604,518,542,1060
063576605,373,420,793
063576606,434,425,859
063576607,424,469,893
063576608,321,348,669
063576701,287,295,582
063576702,364,401,765
063576703,534,529,1063
063576704,505,529,1034
063576705,502,544,1046
063576706,343,410,753
063576707,687,673,1360
063576708,401,436,837
063576709,493,502,995
063576710,583,628,1211
063576711,659,750,1409
063576712,581,608,1189
063576713,404,381,785
063576714,330,386,716
063576715,700,671,1371
063576801,637,690,1327
063576802,612,646,1258
063576803,381,434,815
063576804,265,289,554
063576805,267,297,564
063576806,410,472,882
063576807,418,446,864
063576808,335,397,732
063576809,426,448,874
063576810,524,582,1106
063576901,386,438,824
063576902,372,408,780
063576903,331,333,664
063576904,415,419,834
063576905,397,415,812
063576906,459,473,932
063576907,622,693,1315
063576908,474,502,976
063576909,500,506,1006
063576910,585,644,1229
063576911,328,343,671
063577001,425,455,880
063577002,500,503,1003
063577003,648,669,1317
063577004,584,675,1259
063577005,282,325,607
063577006,383,395,778
063577007,554,602,1156
063577008,517,551,1068
063577009,356,389,745
063577010,366,393,759
063577011,423,443,866
063577012,339,379,718
063577013,435,499,934
063577014,522,539,1061
063577101,393,393,786
063577102,405,496,901
063577103,544,610,1154
063577104,539,646,1185
063577105,412,449,861
063577106,668,739,1407
063577107,460,492,952
063577108,552,655,1207
063577109,672,696,1368
063577110,580,506,1086
063577111,751,731,1482
063577201,573,594,1167
063577202,627,632,1259
063577203,521,512,1033
063577204,638,670,1308
063577205,602,653,1255
063577206,541,504,1045
063577207,604,576,1180
063577208,330,346,676
063577209,660,672,1332
063577210,748,722,1470
063577211,607,609,1216
063577301,150,143,293
063577302,685,677,1362
063577303,23,11,34
063577304,120,106,226
063577305,579,666,1245
063577306,680,687,1367
063577307,136,123,259
063577308,312,272,584
063577309,299,289,588
063577310,5,3,8
063577311,185,158,343
063577312,113,102,215
063577401,474,509,983
063577402,644,597,1241
063577403,382,368,750
063577404,593,523,1116
063577405,443,422,865
063577406,776,746,1522
063577407,389,374,763
063577408,483,480,963
063577409,287,292,579
063577410,294,297,591
063577411,203,228,431
063577412,241,280,521
063577413,333,306,639
063577414,520,518,1038
063577415,302,263,565
063577416,278,249,527
063577417,306,300,606
063577418,276,267,543
063577501,195,221,416
063577502,93,103,196
063577503,32,38,70
063577504,175,177,352
063577505,124,123,247
063577506,208,195,403
063577507,285,312,597
063577508,202,223,425
063577509,106,121,227
063577510,138,157,295
063577511,157,165,322
063577512,268,262,530
063577513,218,236,454
063577514,130,140,270
063577515,93,118,211
063577516,92,78,170
063577601,163,166,329
063577602,248,275,523
063577603,83,70,153
063577604,137,140,277
063577605,121,123,244
063577606,59,61,120
063577607,118,151,269
063577608,155,177,332
063577609,226,208,434
063577610,356,375,731
063577611,201,188,389
063577612,127,134,261
063577613,118,104,222
063577614,70,55,125
063577615,116,109,225
063577616,151,135,286
063577617,93,88,181
063577701,373,353,726
063577702,330,370,700
063577703,101,106,207
063577704,66,62,128
063577705,83,62,145
063577706,42,27,69
063577707,75,67,142
063577708,75,61,136
063577709,166,179,345
063577710,195,213,408
063577711,90,69,159
063577712,81,89,170
063577713,94,100,194
063577714,269,414,683
063577715,72,67,139
063577716,1065,671,1736
063577717,45,44,89
063577718,58,49,107
063577801,23,17,40
063577802,312,310,622
063577803,220,199,419
063577804,521,533,1054
063577805,510,517,1027
063577806,108,71,179
063577807,209,146,355
063577808,340,310,650
063577809,2020,564,2584
063577810,602,594,1196
063577811,756,752,1508
063577812,824,809,1633
063577813,473,476,949
063577814,673,677,1350
063577815,368,349,717
063577816,416,406,822
063577901,3,2,5
063577902,437,466,903
063577903,147,109,256
063577904,418,392,810
063577905,456,419,875
063577906,440,446,886
063577907,414,404,818
063577908,576,540,1116
063577909,654,607,1261
063577910,472,463,935
063577911,276,270,546
063577912,352,386,738
063577913,632,652,1284
063577914,727,751,1478
063577915,1019,1030,2049
063577916,105,105,210
063577917,96,78,174
063578001,646,636,1282
063578002,425,436,861
063578003,504,526,1030
063578004,567,519,1086
063578005,693,681,1374
063578006,564,558,1122
063578007,307,321,628
063578008,303,299,602
063578009,247,235,482
063578010,193,194,387
063578011,231,209,440
063578012,160,144,304
063578013,303,272,575
063578014,234,199,433
063578015,39,13,52
063578016,398,372,770
063578017,210,248,458
063578018,173,180,353
063578101,178,134,312
063578102,25,17,42
063578103,15,11,26
063578104,137,130,267
063578105,113,97,210
063578106,220,197,417
063578107,218,206,424
063578108,228,236,464
063578109,272,271,543
063578110,283,270,553
063578111,256,262,518
063578112,267,295,562
063578113,279,256,535
063578114,607,618,1225
063578201,59,38,97
063578202,74,66,140
063578203,393,341,734
063578204,322,277,599
063578205,493,455,948
063578206,389,335,724
063578207,95,114,209
063578208,108,114,222
063578209,93,98,191
063578210,92,95,187
063578211,211,220,431
063578212,209,223,432
063578213,241,186,427
063578301,160,131,291
063578302,248,261,509
063640101,586,570,1156
063640102,314,339,653
063640103,503,575,1078
063640104,502,494,996
063640105,442,495,937
063640106,412,436,848
063640107,395,417,812
063640108,458,488,946
063640109,498,483,981
063640110,463,468,931
063640111,419,455,874
063640112,294,342,636
063640113,414,397,811
063640114,683,678,1361
063640115,249,304,553
063640116,240,311,551
063640117,291,275,566
063640118,278,307,585
063640119,531,574,1105
063640201,293,310,603
063640202,518,478,996
063640203,595,559,1154
063640204,404,381,785
063640205,525,506,1031
063640206,419,395,814
063640207,614,606,1220
063640208,372,405,777
063640209,427,413,840
063640210,472,487,959
063640211,211,186,397
063640212,150,160,310
063640213,261,246,507
063640214,186,180,366
063640301,373,336,709
063640302,474,464,938
063640303,429,406,835
063640304,434,377,811
063640305,330,355,685
063640306,482,505,987
063640307,795,877,1672
063640308,577,571,1148
063640309,287,273,560
063640310,308,296,604
063640311,213,264,477
063640312,491,543,1034
063640313,146,194,340
063640314,0,0,0
063640315,319,342,661
063640316,0,0,0
063640317,285,305,590
063640318,478,498,976
063640401,621,656,1277
063640402,668,676,1344
063640403,681,674,1355
063640404,201,203,404
063640405,631,617,1248
063640406,426,412,838
063640407,308,338,646
063640408,468,442,910
063640409,462,466,928
063640410,468,458,926
063640411,309,313,622
063640412,429,407,836
063640413,507,361,868
063640414,74,68,142
063640501,602,565,1167
063640502,338,265,603
063640503,18,15,33
063640504,164,183,347
063640601,19,13,32
063640602,18,16,34
063640603,40,37,77
063640604,33,41,74
063640701,438,399,837
063640702,421,447,868
063640703,345,395,740
063640704,630,661,1291
063640705,410,510,920
063640706,361,421,782
063640707,346,418,764
063640708,347,435,782
063640709,549,623,1172
063640710,207,237,444
063640711,276,330,606
063640712,592,677,1269
063640713,387,438,825
063640714,440,482,922
063640715,389,396,785
063640716,339,363,702
063640717,327,321,648
063640801,240,227,467
063640802,272,287,559
063640803,354,328,682
063640804,283,260,543
063640805,499,466,965
063640806,389,391,780
063640807,492,493,985
063640808,384,349,733
063640809,487,462,949
063640810,527,502,1029
063640811,331,323,654
063640812,314,313,627
063640813,481,457,938
063640814,349,352,701
063640815,344,305,649
063640816,369,368,737
063640817,457,454,911
063640818,452,452,904
063640819,489,478,967
063640820,403,421,824
063640821,290,292,582
063640822,350,358,708
063640823,536,521,1057
063850101,341,346,687
063850102,20,12,32
063850103,24,21,45
063850104,1,1,2
063850105,10,6,16
063850106,289,283,572
063850107,323,323,646
063850201,158,169,327
063850202,19,13,32
063850203,29,19,48
063850204,15,5,20
063850301,8,6,14
063850302,19,11,30
063850303,18,16,34
063850401,85,69,154
063850402,27,21,48
063850403,21,14,35
063850404,18,18,36
063850405,9,5,14
063850501,12,6,18
063850601,24,30,54
063850701,461,472,933
063850702,393,440,833
063850703,273,274,547
063850704,476,463,939
063850705,356,433,789
063850706,244,275,519
063850707,385,465,850
063850708,377,504,881
063850709,411,383,794
063850710,445,421,866
063850711,260,312,572
063850712,85,64,149
063850713,372,345,717
063850714,397,397,794
063850715,354,387,741
063850716,260,322,582
063850717,227,271,498
063850718,98,78,176
063850801,60,43,103
063850802,30,18,48
063850901,54,29,83
063850902,47,20,67
063851001,438,498,936
063851002,822,824,1646
063851101,31,16,47
063851102,68,36,104
063920101,489,408,897
063920102,667,640,1307
063920103,244,292,536
063920104,237,297,534
063920105,392,457,849
063920106,436,492,928
063920107,428,437,865
063920108,409,447,856
063920109,527,572,1099
063920110,451,468,919
063920111,364,381,745
063920112,392,434,826
063920113,538,511,1049
063920114,488,512,1000
063920115,438,441,879
063920116,250,268,518
063920201,39,17,56
063920202,46,29,75
063920203,22,10,32
063920204,12,4,16
063920301,362,331,693
063920302,19,17,36
063920303,22,22,44
063920304,14,10,24
063920305,32,23,55
063920306,52,50,102
063920401,177,154,331
063920402,17,17,34
063920403,28,23,51
063920404,10,8,18
063920405,24,18,42
063920501,10,8,18
063920502,39,33,72
063920503,19,14,33
063920504,18,6,24
063920505,1,1,2
063920601,125,119,244
063920602,36,37,73
063920603,14,9,23
063920604,45,54,99
063920605,95,71,166
063920701,18,8,26
063920702,269,285,554
063920703,96,78,174
063920704,30,29,59
063920705,155,155,310
063920706,153,166,319
063920707,138,156,294
063920708,204,221,425
063920709,47,39,86
063920710,32,23,55
063920801,377,378,755
063920802,52,40,92
063920803,73,58,131
063920804,25,16,41
063920805,38,12,50
063920806,584,624,1208
063920901,457,448,905
063920902,136,122,258
063920903,141,128,269
063920904,56,45,101
063920905,31,25,56
063920906,194,212,406
063920907,279,267,546
063921001,32,28,60
063921002,22,18,40
063921003,10,9,19
063921004,30,21,51
063921005,81,56,137
063921006,13,4,17
063921101,16,10,26
063921102,32,25,57
063921103,4,3,7
063921201,638,628,1266
063921202,525,466,991
063921203,532,505,1037
063921204,73,59,132
063921205,22,16,38
063921206,423,413,836
063921207,189,189,378
063921208,33,27,60
063921209,31,25,56
063921301,47,34,81
063921302,46,34,80
063921303,42,25,67
063921401,31,32,63
063921402,18,9,27
063921403,2,2,4
063921404,16,13,29
063921501,307,337,644
063921502,322,321,643
063921503,88,69,157
063921504,49,33,82
063921505,21,13,34
063921506,231,192,423
063921507,15,17,32
063990101,342,369,711
063990102,316,322,638
063990103,164,198,362
063990104,41,21,62
063990105,420,393,813
063990106,376,414,790
063990107,208,196,404
063990108,229,231,460
063990109,256,273,529
063990201,15,14,29
063990202,72,48,120
063990301,69,50,119
063990302,117,66,183
063990303,214,225,439
063990304,269,306,575
063990401,30,38,68
063990402,38,15,53
063990501,569,599,1168
063990502,227,206,433
063990503,65,51,116
063990504,116,103,219
063990601,73,70,143
063990602,63,55,118
063990701,14,10,24
063990702,117,127,244
063990703,399,419,818
063990704,371,368,739
063990705,306,304,610
063990706,265,296,561
063990801,33,23,56
063990802,38,27,65
063990803,30,21,51
063990804,34,17,51
063990805,32,23,55
064060101,5,5,10
064060102,2,1,3
064060103,24,17,41
064060104,11,9,20
064060105,12,11,23
064060106,17,13,30
064060107,2,0,2
064060201,453,491,944
064060202,383,458,841
064060203,396,394,790
064060204,546,572,1118
064060205,410,473,883
064060206,399,478,877
064060207,432,390,822
064060208,46,22,68
064060209,6,2,8
064060210,197,203,400
064060211,35,29,64
064060212,11,4,15
064060213,27,16,43
064060214,277,325,602
064060215,430,431,861
064060216,328,283,611
064060301,14,13,27
064060302,87,74,161
064060303,15,10,25
064060304,34,26,60
064060305,31,20,51
064060306,22,21,43
064060307,11,12,23
064060308,67,37,104
064060309,9,6,15
064130101,479,484,963
064130102,435,473,908
064130103,469,472,941
064130104,568,607,1175
064130105,437,466,903
064130106,588,623,1211
064130107,464,525,989
064130108,412,495,907
064130109,368,407,775
064130110,430,508,938
064130201,722,732,1454
064130202,476,468,944
064130203,488,542,1030
064130204,482,526,1008
064130205,597,579,1176
064130206,543,521,1064
064130207,577,706,1283
064130208,395,469,864
064130209,389,457,846
064130210,346,445,791
064130211,349,368,717
064130212,358,420,778
064130213,427,479,906
064130301,152,194,346
064130302,278,358,636
064130303,252,412,664
064130304,264,324,588
064130305,255,319,574
064130306,293,392,685
064130307,501,564,1065
064130308,394,398,792
064130309,511,529,1040
064130310,464,447,911
064130311,390,394,784
064130401,285,381,666
064130402,223,317,540
064130403,350,456,806
064130404,473,555,1028
064130405,350,403,753
064130406,273,384,657
064130407,302,332,634
064130408,548,631,1179
064130409,467,502,969
064130410,226,267,493
064130411,451,513,964
064130412,351,374,725
064130413,528,577,1105
064130501,423,505,928
064130502,334,416,750
064130503,381,441,822
064130504,342,432,774
064130505,111,192,303
064130506,257,345,602
064130507,452,547,999
064130508,288,357,645
064130509,361,473,834
064130510,289,299,588
064130511,372,426,798
064130512,395,478,873
064130513,157,240,397
064130601,274,299,573
064130602,398,389,787
064130603,432,490,922
064130604,435,529,964
064130605,393,482,875
064130606,352,394,746
064130607,479,556,1035
064130608,376,385,761
064130609,506,534,1040
064130610,375,418,793
064130611,434,460,894
064130612,402,404,806
064130703,64,71,135
064130704,62,60,122
064130901,70,85,155
064130902,14,12,26
064131101,103,89,192
064131106,68,71,139
064131301,203,175,378
064131302,565,586,1151
064131303,299,306,605
064131304,478,524,1002
064131305,294,284,578
064131306,55,60,115
064131307,596,612,1208
064131308,266,239,505
064131309,400,373,773
064131401,73,64,137
064131402,59,60,119
064131403,196,195,391
064131404,699,42,741
064131405,359,2,361
064131406,248,298,546
064131407,714,746,1460
064131408,401,400,801
064131409,214,252,466
064131501,181,162,343
064131502,43,45,88
064131503,34,27,61
064131504,4,2,6
064131505,58,48,106
064131506,26,32,58
064131507,94,91,185
064131508,47,44,91
064131509,44,42,86
064131601,15,7,22
064131801,210,198,408
064131802,62,77,139
064131803,19,21,40
064131804,4,4,8
064131805,5,7,12
064131806,24,22,46
064131901,23,29,52
064131902,316,330,646
064131903,74,70,144
064131904,72,69,141
064131905,88,82,170
064131906,53,38,91
064132101,707,669,1376
064132102,476,508,984
064132103,275,317,592
064132104,579,659,1238
064132105,366,419,785
064132106,252,301,553
064132107,339,384,723
064132108,660,686,1346
064132109,722,715,1437
064132110,464,563,1027
064132201,281,207,488
064132202,203,199,402
064132203,66,65,131
064132204,69,90,159
064132205,332,366,698
064132206,169,164,333
064132207,103,110,213
064132208,168,199,367
064132209,191,187,378
064132210,235,254,489
064132211,266,301,567
064132212,147,139,286
064200101,12,9,21
064200102,295,282,577
064200103,165,182,347
064200104,400,418,818
064200105,119,116,235
064200106,106,111,217
064200107,83,82,165
064200108,108,120,228
064200109,192,201,393
064200110,301,311,612
064200111,142,152,294
064200112,73,82,155
064200113,74,83,157
064200114,78,94,172
064200115,79,83,162
064200116,244,239,483
064200201,37,40,77
064200202,41,40,81
064200203,45,45,90
064200204,59,69,128
064200205,29,34,63
064200206,33,34,67
064200207,62,54,116
064200208,108,114,222
064200209,86,88,174
064200210,71,77,148
064200211,72,83,155
064200212,180,187,367
064200213,314,330,644
064200214,122,125,247
064200215,147,177,324
064200216,344,372,716
064200301,94,106,200
064200302,87,111,198
064200303,61,84,145
064200304,161,157,318
064200305,143,158,301
064200306,100,127,227
064200307,135,144,279
064200308,212,204,416
064200309,155,156,311
064200310,109,111,220
064200311,205,206,411
064200312,122,125,247
064200313,45,55,100
064200314,68,51,119
064200315,31,27,58
064200316,48,44,92
064200317,61,60,121
064200318,55,57,112
064200319,71,82,153
064200320,256,265,521
064200401,58,58,116
064200402,86,97,183
064200403,224,225,449
064200404,175,184,359
064200405,113,114,227
064200406,169,137,306
064200407,168,167,335
064200408,61,64,125
064200409,54,61,115
064200410,158,169,327
064200411,141,168,309
064200412,158,155,313
064200413,87,82,169
064200414,102,102,204
064200415,93,100,193
064200416,69,88,157
064200417,48,44,92
064200418,61,47,108
064200419,100,92,192
064200501,10,4,14
064200502,40,51,91
064200503,211,238,449
064200504,183,203,386
064200505,196,214,410
064200506,298,318,616
064200507,261,287,548
064200508,347,340,687
064200509,463,467,930
064200510,150,143,293
064200511,99,100,199
064200512,101,105,206
064200601,83,101,184
064200602,22,18,40
064200603,58,79,137
064200604,75,79,154
064200605,53,60,113
064200606,11,20,31
064200607,49,49,98
064200608,89,100,189
064200609,84,87,171
064200610,46,63,109
064200611,9,9,18
064200612,26,30,56
064200701,65,51,116
064200702,34,31,65
064200703,15,13,28
064200704,47,54,101
064200705,61,66,127
064200706,116,115,231
064200707,83,86,169
064200708,51,58,109
064200709,24,29,53
064200710,40,50,90
064200711,51,47,98
064200801,438,435,873
064200802,431,430,861
064200803,183,185,368
064200804,173,175,348
064200805,176,183,359
064200806,115,142,257
064200807,137,162,299
064200808,115,125,240
064200809,52,66,118
064200901,574,574,1148
064200902,306,274,580
064200903,311,349,660
064200904,143,143,286
064200905,84,104,188
064200906,79,85,164
064200907,118,110,228
064200908,134,123,257
064200909,63,72,135
064200910,63,70,133
064200911,85,89,174
064200912,28,29,57
064201001,211,193,404
064201002,55,73,128
064201003,24,34,58
064201004,78,90,168
064201005,176,186,362
064201006,169,156,325
064201007,172,161,333
064201008,60,67,127
064201009,79,71,150
064201010,147,136,283
064201011,174,169,343
064201012,98,90,188
064201013,153,154,307
064201101,112,94,206
064201102,58,60,118
064201103,49,56,105
064201104,94,90,184
064201105,87,100,187
064201106,140,152,292
064201107,83,85,168
064201108,44,52,96
064201109,43,47,90
064201110,184,185,369
064201111,102,99,201
064201112,195,181,376
064201113,124,121,245
064201114,85,79,164
064201115,96,87,183
064201116,167,162,329
064201117,222,225,447
064201201,171,189,360
064201202,22,24,46
064201203,128,116,244
064201204,60,67,127
064201205,90,89,179
064201206,85,89,174
064201207,47,57,104
064201208,193,183,376
064201209,1,5,6
064201210,27,14,41
064201211,79,81,160
064201212,62,64,126
064201213,67,76,143
064201214,224,208,432
064201301,32,28,60
064201302,48,55,103
064201303,66,53,119
064201304,21,19,40
064201305,27,37,64
064201306,77,67,144
064201307,119,132,251
064201308,43,55,98
064201309,57,76,133
064201310,97,88,185
064201311,112,112,224
064201401,77,67,144
064201402,41,38,79
064201403,161,171,332
064201404,244,261,505
064201405,41,56,97
064201406,32,30,62
064201407,25,25,50
064201408,39,37,76
064201409,40,35,75
064201410,28,28,56
064201501,17,11,28
064201502,40,41,81
064201503,37,36,73
064201504,21,24,45
064201505,27,26,53
064201506,69,80,149
064201507,32,38,70
064201508,204,241,445
064201509,144,149,293
064201510,265,271,536
064201601,25,22,47
064201602,26,24,50
064201603,37,32,69
064201604,21,17,38
064201605,12,13,25
064201606,21,23,44
064201607,19,27,46
064201608,33,31,64
064201609,45,41,86
064201610,41,49,90
064201611,295,295,590
064201612,303,327,630
064201701,95,94,189
064201702,11,14,25
064201703,24,30,54
064201704,35,43,78
064201705,42,40,82
064201706,27,27,54
064201707,47,55,102
064201708,205,203,408
064201709,324,349,673
064201710,188,196,384
064201801,25,18,43
064201802,17,18,35
064201803,33,34,67
064201804,21,30,51
064201805,27,32,59
064201806,23,28,51
064201807,22,25,47
064201808,161,156,317
064201809,52,50,102
064201810,25,24,49
064201811,9,7,16
064201812,265,253,518
064201901,8,6,14
064201902,20,18,38
064201903,136,136,272
064201904,194,215,409
064201905,255,234,489
064201906,267,272,539
064201907,221,234,455
064201908,93,91,184
064201909,72,71,143
064201910,168,180,348
064201911,154,173,327
064201912,58,71,129
064202001,309,323,632
064202002,166,192,358
064202003,138,129,267
064202004,38,58,96
064202005,52,64,116
064202006,62,60,122
064202007,27,33,60
064202008,23,32,55
064202009,64,61,125
064202010,77,83,160
064202011,66,78,144
064202012,59,69,128
064202013,104,113,217
064202101,87,111,198
064202102,85,93,178
064202103,191,224,415
064202104,203,207,410
064202105,182,202,384
064202106,314,368,682
064202107,340,372,712
064202108,490,573,1063
064202109,694,652,1346
064202110,333,290,623
064202111,356,334,690
064202112,487,461,948
064202201,333,326,659
064202202,397,452,849
064202203,227,265,492
064202204,78,98,176
064202205,109,106,215
064202206,172,192,364
064202207,94,67,161
064202208,110,105,215
064202209,245,239,484
064202210,91,64,155
064202211,75,83,158
064202212,75,62,137
064202213,89,81,170
064202214,51,32,83
064410101,404,448,852
064410102,369,437,806
064410103,347,365,712
064410104,339,373,712
064410105,257,302,559
064410106,227,265,492
064410107,307,299,606
064410108,214,292,506
064410109,379,418,797
064410110,433,500,933
064410111,261,300,561
064410112,352,350,702
064410113,368,417,785
064410201,246,190,436
064410202,189,234,423
064410203,286,315,601
064410204,214,225,439
064410205,196,263,459
064410206,300,590,890
064410207,341,366,707
064410208,57,42,99
064410209,364,475,839
064410210,424,451,875
064410211,292,295,587
064410301,275,301,576
064410302,525,563,1088
064410303,200,232,432
064410304,265,304,569
064410305,277,330,607
064410306,327,332,659
064410307,384,454,838
064410308,277,304,581
064410401,438,471,909
064410402,580,622,1202
064410403,468,485,953
064410404,210,246,456
064410405,237,252,489
064410406,248,288,536
064410407,328,331,659
064410408,262,332,594
064410409,265,342,607
064410410,234,284,518
064410411,302,411,713
064410412,293,373,666
064410413,218,277,495
064410414,214,280,494
064410501,338,334,672
064410502,321,321,642
064410503,259,271,530
064410504,229,291,520
064410505,170,176,346
064410506,301,305,606
064410507,153,163,316
064410508,205,240,445
064410509,147,217,364
064410601,249,272,521
064410602,146,168,314
064410603,165,231,396
064410604,153,201,354
064410605,297,330,627
064410606,164,213,377
064410607,199,247,446
064410608,161,194,355
064410609,271,330,601
064410701,112,173,285
064410702,198,222,420
064410703,250,329,579
064410704,186,297,483
064410705,261,314,575
064410706,150,218,368
064410707,178,286,464
064410708,144,176,320
064410709,207,284,491
064410801,289,339,628
064410802,181,268,449
064410803,72,138,210
064410804,109,177,286
064410805,117,167,284
064410806,35,58,93
064410807,135,198,333
064410808,179,251,430
064410809,162,269,431
064410901,149,176,325
064410902,253,346,599
064410903,211,239,450
064410904,283,341,624
064410905,199,272,471
064410906,296,357,653
064410907,274,303,577
064410908,221,267,488
064410909,201,236,437
064410910,56,87,143
064410911,187,218,405
064410912,254,254,508
064410913,256,322,578
064410914,190,210,400
064411001,579,584,1163
064411002,260,308,568
064411003,283,354,637
064411004,230,248,478
064411005,185,250,435
064411006,423,485,908
064411007,227,253,480
064411008,259,339,598
064411009,414,467,881
064411010,233,247,480
064411011,225,270,495
064411012,222,288,510
064411013,268,300,568
064411014,186,212,398
064411015,150,230,380
064411101,223,334,557
064411102,264,346,610
064411103,207,270,477
064411104,207,218,425
064411105,232,307,539
064411106,195,237,432
064411107,230,258,488
064411108,198,216,414
064411109,193,233,426
064411110,176,200,376
064411111,281,378,659
064411112,404,490,894
064411113,287,435,722
064411114,322,333,655
064411115,175,251,426
064411116,185,235,420
064411201,177,210,387
064411202,190,232,422
064411203,126,175,301
064411204,169,252,421
064411205,268,392,660
064411206,181,203,384
064411207,194,264,458
064411208,95,130,225
064411209,128,172,300
064411210,77,134,211
064411211,192,301,493
064411212,118,216,334
064411213,158,210,368
064411214,142,193,335
064411215,116,188,304
064411216,138,155,293
064411301,156,205,361
064411302,224,287,511
064411303,61,115,176
064411304,238,312,550
064411305,107,158,265
064411306,156,178,334
064411307,202,252,454
064411308,177,226,403
064411309,231,286,517
064411401,133,171,304
064411402,108,183,291
064411403,146,219,365
064411404,198,306,504
064411405,229,326,555
064411406,140,184,324
064411407,188,224,412
064411408,199,272,471
064411409,185,218,403
064411501,237,287,524
064411502,248,298,546
064411503,203,255,458
064411504,263,302,565
064411505,230,320,550
064411506,178,236,414
064411507,214,265,479
064411508,163,188,351
064411509,263,352,615
064411510,292,322,614
064411511,226,250,476
064411512,174,217,391
064411601,323,410,733
064411602,237,263,500
064411603,232,242,474
064411604,236,243,479
064411605,232,238,470
064411606,415,467,882
064411607,421,523,944
064411608,251,273,524
064411609,293,353,646
064411610,459,533,992
064411611,420,468,888
064411612,283,346,629
064411613,194,195,389
064411614,324,412,736
064411615,88,102,190
064411701,212,241,453
064411702,234,303,537
064411703,322,366,688
064411704,240,298,538
064411705,374,441,815
064411706,401,555,956
064411707,233,260,493
064411708,254,290,544
064411709,205,253,458
064411710,215,270,485
064411711,242,286,528
064411712,356,423,779
064411713,287,310,597
064411801,116,178,294
064411802,178,214,392
064411803,135,191,326
064411804,174,220,394
064411805,250,325,575
064411806,177,251,428
064411807,212,306,518
064411808,290,359,649
064411809,265,329,594
064411810,259,317,576
064411811,368,476,844
064411812,210,251,461
064411813,200,234,434
064411901,266,387,653
064411902,312,402,714
064411903,229,305,534
064411904,207,279,486
064411905,147,167,314
064411906,275,319,594
064411907,219,265,484
064411908,173,214,387
064411909,191,231,422
064411910,185,222,407
064411911,247,290,537
064412001,320,410,730
064412002,243,266,509
064412003,263,303,566
064412004,154,216,370
064412005,204,236,440
064412006,237,291,528
064412007,178,223,401
064412008,217,257,474
064412009,248,291,539
064412010,171,206,377
064412011,121,140,261
064412012,121,180,301
064412013,117,154,271
064412014,36,55,91
064412015,130,193,323
064412016,125,158,283
064412017,165,188,353
064412101,207,263,470
064412102,221,278,499
064412103,426,489,915
064412104,403,479,882
064412105,387,440,827
064412106,218,249,467
064412107,214,255,469
064412108,197,238,435
064412109,227,243,470
064412110,242,290,532
064412111,209,240,449
064412112,236,258,494
064412113,385,445,830
064412114,242,261,503
064412115,411,442,853
064412201,283,328,611
064412202,365,424,789
064412203,415,452,867
064412204,434,464,898
064412205,376,425,801
064412206,277,303,580
064412207,281,316,597
064412208,341,379,720
064412209,325,363,688
064412301,270,327,597
064412302,202,247,449
064412303,230,335,565
064412304,233,234,467
064412305,283,310,593
064412306,256,285,541
064412307,328,382,710
064412308,275,301,576
064412309,178,216,394
064412401,211,248,459
064412402,251,302,553
064412403,238,284,522
064412404,246,317,563
064412405,498,573,1071
064412406,305,416,721
064412407,206,253,459
064412408,211,243,454
064412409,306,333,639
064412410,206,220,426
064412411,506,555,1061
064412501,208,250,458
064412502,273,337,610
064412503,218,263,481
064412504,164,229,393
064412505,350,430,780
064412506,254,302,556
064412507,228,274,502
064412508,274,308,582
064412509,212,257,469
064412510,296,377,673
064412601,261,283,544
064412602,252,285,537
064412603,238,292,530
064412604,200,215,415
064412605,219,251,470
064412606,384,432,816
064412607,316,379,695
064412608,179,216,395
064412609,249,266,515
064412610,491,541,1032
064412611,258,297,555
064412612,276,301,577
064412613,241,287,528
064412614,304,349,653
064412701,366,479,845
064412702,480,509,989
064412703,430,477,907
064412704,397,470,867
064412705,484,551,1035
064412706,266,295,561
064412707,279,316,595
064412708,405,554,959
064412709,459,500,959
064412801,283,303,586
064412802,390,416,806
064412803,249,310,559
064412804,174,226,400
064412805,249,304,553
064412806,244,274,518
064412807,195,254,449
064412808,274,288,562
064412809,278,357,635
064412810,282,352,634
064412811,380,453,833
064412812,475,534,1009
064412813,434,502,936
064412901,251,262,513
064412902,239,303,542
064412903,286,337,623
064412904,250,280,530
064412905,322,320,642
064412906,252,260,512
064412907,256,332,588
064412908,258,286,544
064412909,331,408,739
064412910,257,271,528
064412911,202,278,480
064412912,228,262,490
064412913,404,467,871
064412914,501,546,1047
064413001,489,550,1039
064413002,571,595,1166
064413003,406,459,865
064413004,502,576,1078
064413005,372,388,760
064413006,491,550,1041
064413007,245,264,509
064413008,322,354,676
064413009,443,478,921
064413101,573,626,1199
064413102,351,350,701
064413103,292,324,616
064413104,227,262,489
064413105,234,293,527
064413106,381,423,804
064413107,301,374,675
064413108,242,302,544
064413109,322,365,687
064413110,264,344,608
064413111,557,613,1170
064413112,384,447,831
064413113,292,314,606
064413114,344,416,760
064413115,301,381,682
064413116,317,360,677
064413201,274,292,566
064413202,262,288,550
064413203,565,601,1166
064413204,621,659,1280
064413205,535,626,1161
064413206,440,451,891
064413207,467,524,991
064413208,455,534,989
064413209,356,365,721
064413210,437,455,892
064413211,604,612,1216
064413301,399,480,879
064413302,214,253,467
064413303,364,421,785
064413304,314,324,638
064413305,382,443,825
064413306,635,663,1298
064413307,326,375,701
064413308,307,311,618
064413309,526,623,1149
064413310,426,470,896
064413311,569,681,1250
064413401,287,334,621
064413402,355,420,775
064413403,649,635,1284
064413404,377,417,794
064413405,456,531,987
064413406,376,401,777
064413407,351,399,750
064413408,453,518,971
064413409,323,355,678
064413410,361,387,748
064413411,370,402,772
064413412,265,270,535
064413413,553,532,1085
064413414,505,555,1060
064413415,869,951,1820
064413501,587,611,1198
064413502,526,663,1189
064413503,262,278,540
064413504,249,307,556
064413505,567,605,1172
064413506,342,383,725
064413507,454,453,907
064413508,621,613,1234
064413509,528,602,1130
064413510,635,576,1211
064413511,614,701,1315
064413512,489,509,998
064413513,480,541,1021
064413514,445,496,941
064413515,784,799,1583
064413516,1366,1280,2646
064413601,410,405,815
064413602,1674,474,2148
064413603,316,364,680
064413604,323,353,676
064413605,509,567,1076
064413606,717,691,1408
064413607,422,478,900
064413608,371,382,753
064413609,498,510,1008
064413610,563,600,1163
064413611,516,514,1030
064413612,580,601,1181
064413701,601,605,1206
064413702,688,700,1388
064413703,418,430,848
064413704,418,419,837
064413705,691,669,1360
064413706,600,635,1235
064413707,361,389,750
064413708,486,492,978
064413709,521,578,1099
064413710,696,740,1436
064413711,730,736,1466
064413712,653,673,1326
064413713,449,476,925
064413714,597,620,1217
064413801,777,860,1637
064413802,452,468,920
064413803,444,461,905
064413804,408,393,801
064413805,448,492,940
064413806,519,719,1238
064413807,546,584,1130
064413808,387,373,760
064413809,583,584,1167
064413810,444,502,946
064413901,386,439,825
064413902,294,329,623
064413903,338,368,706
064413904,391,432,823
064413905,381,430,811
064413906,471,489,960
064413907,422,476,898
064413908,470,478,948
064413909,430,462,892
064413910,741,782,1523
064414001,450,454,904
064414002,433,440,873
064414003,311,349,660
064414004,317,332,649
064414005,258,295,553
064414006,516,542,1058
064414007,483,504,987
064414008,471,469,940
064414009,523,468,991
064414010,656,686,1342
064414011,685,650,1335
064414012,619,656,1275
064414013,814,803,1617
064414101,1156,1110,2266
064414102,661,653,1314
064414103,677,664,1341
064414104,697,709,1406
064414105,694,676,1370
064414106,475,481,956
064414107,504,519,1023
064414108,774,795,1569
064414109,625,652,1277
064414110,552,589,1141
064414111,237,181,418
064414112,399,325,724
064414201,1068,989,2057
064414202,404,414,818
064414203,691,668,1359
064414204,633,614,1247
064414205,730,677,1407
064414206,889,791,1680
064414207,749,723,1472
064414208,409,408,817
064414209,511,530,1041
064414210,883,888,1771
064414211,526,495,1021
064414212,439,483,922
064414213,243,264,507
064414214,265,256,521
064414215,1032,977,2009
064414216,1479,768,2247
064414217,691,737,1428
064414218,630,715,1345
064414219,1256,1084,2340
064414301,404,433,837
064414302,403,473,876
064414303,356,373,729
064414304,494,505,999
064414305,352,375,727
064414306,526,533,1059
064414307,387,402,789
064414308,443,439,882
064414309,597,569,1166
064414310,728,757,1485
064414311,413,418,831
064414312,357,381,738
064414313,438,397,835
064414314,576,588,1164
064414315,858,816,1674
064414401,416,475,891
064414402,400,431,831
064414403,685,731,1416
064414404,414,465,879
064414405,494,538,1032
064414406,495,500,995
064414407,689,689,1378
064414408,467,445,912
064414409,514,486,1000
064414410,1324,1247,2571
064414501,385,379,764
064414502,415,454,869
064414503,449,508,957
064414504,662,651,1313
064414505,465,467,932
064414506,553,528,1081
064414507,583,546,1129
064414508,550,547,1097
064414509,688,667,1355
064414510,654,687,1341
064414511,750,732,1482
064414601,484,504,988
064414602,578,620,1198
064414603,480,482,962
064414604,417,460,877
064414605,409,427,836
064414606,324,353,677
064414607,434,450,884
064414608,517,547,1064
064414609,598,569,1167
064414701,849,938,1787
064414702,637,633,1270
064414703,525,546,1071
064414704,698,732,1430
064414705,568,586,1154
064414706,454,475,929
064414707,774,761,1535
064414708,554,595,1149
064414709,1062,1064,2126
064414710,548,519,1067
064414801,465,523,988
064414802,277,323,600
064414803,302,377,679
064414804,589,669,1258
064414805,261,332,593
064414806,449,457,906
064414807,438,511,949
064414808,302,316,618
064414809,328,352,680
064414901,424,483,907
064414902,333,399,732
064414903,392,415,807
064414904,272,287,559
064414905,210,258,468
064414906,301,345,646
064414907,337,395,732
064414908,246,275,521
064414909,302,320,622
064414910,217,262,479
064415001,256,297,553
064415002,263,295,558
064415003,521,580,1101
064415004,259,296,555
064415005,253,291,544
064415006,279,337,616
064415007,218,251,469
064415008,282,336,618
064415009,316,372,688
064415010,308,387,695
064415101,1209,1174,2383
064415102,498,487,985
064415103,289,317,606
064415104,434,476,910
064415105,579,609,1188
064415106,335,317,652
064415107,385,398,783
064415108,350,435,785
064415109,256,317,573
064415110,203,260,463
064415111,299,350,649
064415112,230,294,524
064415113,296,320,616
064415114,279,362,641
064415115,311,298,609
064415116,254,247,501
064415117,595,626,1221
064415118,494,522,1016
064415201,616,595,1211
064415202,355,376,731
064415203,265,308,573
064415204,620,619,1239
064415205,474,504,978
064415206,269,294,563
064415207,480,502,982
064415208,381,449,830
064415209,264,268,532
064415210,299,364,663
064415301,291,311,602
064415302,521,593,1114
064415303,252,297,549
064415304,427,468,895
064415305,674,725,1399
064415306,322,343,665
064415307,300,309,609
064415308,430,442,872
064415309,569,570,1139
064415310,832,798,1630
064415401,507,509,1016
064415402,473,492,965
064415403,422,480,902
064415404,317,373,690
064415405,569,593,1162
064415406,205,230,435
064415407,344,363,707
064415408,226,254,480
064415409,283,310,593
064415410,435,501,936
064415411,309,332,641
064415412,498,512,1010
064415413,201,206,407
064415414,404,439,843
064415415,352,348,700
064415416,384,388,772
064415417,573,590,1163
064415418,443,512,955
064415501,866,940,1806
064415502,953,936,1889
064415503,387,376,763
064415504,375,399,774
064415505,539,565,1104
064415506,532,551,1083
064415507,367,370,737
064415508,524,555,1079
064415509,435,404,839
064415510,226,222,448
064415511,396,359,755
064415601,421,457,878
064415602,574,601,1175
064415603,269,307,576
064415604,364,407,771
064415605,574,636,1210
064415606,567,627,1194
064415607,455,465,920
064415608,670,668,1338
064415701,55,51,106
064415702,393,421,814
064415703,359,382,741
064415704,352,388,740
064415705,584,649,1233
064415706,679,681,1360
064415707,810,781,1591
064415708,407,437,844
064415709,437,451,888
064415710,441,444,885
064415711,558,587,1145
064415712,508,547,1055
064415713,361,437,798
064415801,326,366,692
064415802,326,384,710
064415803,406,414,820
064415804,223,270,493
064415805,219,254,473
064415806,268,274,542
064415807,389,433,822
064415808,245,284,529
064415901,314,363,677
064415902,344,404,748
064415903,300,299,599
064415904,389,446,835
064415905,293,367,660
064415906,333,329,662
064415907,472,481,953
064415908,508,576,1084
064415909,440,420,860
064415910,570,621,1191
064416001,561,595,1156
064416002,325,341,666
064416003,385,442,827
064416004,617,647,1264
064416005,776,764,1540
064416006,366,379,745
064416007,520,513,1033
064416008,348,380,728
064416009,600,593,1193
064416010,470,459,929
064416101,276,342,618
064416102,323,361,684
064416103,344,385,729
064416104,333,359,692
064416105,416,450,866
064416106,618,620,1238
064416107,426,421,847
064416108,175,180,355
064416109,362,375,737
064416110,303,369,672
064416111,424,420,844
064416112,395,463,858
064416201,177,166,343
064416202,424,447,871
064416203,351,357,708
064416204,398,445,843
064416205,84,91,175
064416206,336,397,733
064416207,282,323,605
064416208,500,541,1041
064416209,305,321,626
064416210,306,344,650
064416211,793,776,1569
064416212,285,294,579
064416213,672,678,1350
064416301,327,335,662
064416302,327,341,668
064416303,425,442,867
064416304,513,505,1018
064416305,272,295,567
064416306,502,500,1002
064416307,343,375,718
064416308,276,289,565
064416309,262,240,502
064416310,359,394,753
064416311,234,217,451
064416401,645,669,1314
064416402,211,249,460
064416403,332,272,604
064416404,296,303,599
064416405,254,254,508
064416406,272,290,562
064416407,228,254,482
064416408,86,63,149
064416409,731,681,1412
064416410,65,62,127
064416411,298,306,604
064416412,195,177,372
064416413,166,163,329
064416414,269,283,552
064416415,549,612,1161
064416416,238,253,491
064416417,915,447,1362
064416418,335,328,663
064416419,598,573,1171
064416501,323,302,625
064416502,321,312,633
064416503,340,316,656
064416504,70,70,140
064416505,173,187,360
064416506,201,185,386
064416507,110,93,203
064416508,70,86,156
064416509,464,406,870
064416510,849,792,1641
064416511,634,558,1192
064416512,165,158,323
064416513,282,292,574
064416514,372,336,708
064416515,542,558,1100
064416516,396,468,864
064416517,570,578,1148
064416518,350,351,701
064416519,768,586,1354
064416520,328,334,662
064416521,167,140,307
064416601,419,423,842
064416602,453,483,936
064416603,890,874,1764
064416604,479,521,1000
064416605,43,30,73
064416606,485,454,939
064416607,650,662,1312
064416608,460,489,949
064416609,604,578,1182
064416610,356,371,727
064416611,558,625,1183
064416612,617,605,1222
064416613,423,416,839
064416614,401,391,792
064416615,786,732,1518
064416616,469,482,951
064416617,617,612,1229
064416618,513,544,1057
064416701,223,195,418
064416702,74,65,139
064416703,163,152,315
064416704,209,180,389
064416801,441,407,848
064416802,748,808,1556
064416803,406,425,831
064416804,380,382,762
064416805,543,582,1125
064416806,327,313,640
064416807,315,294,609
064416808,228,208,436
064416809,197,215,412
064416810,112,85,197
064416811,173,170,343
064416812,142,145,287
064416813,63,51,114
064416814,353,356,709
064416815,272,262,534
064416816,281,233,514
064416817,65,56,121
064416901,652,631,1283
064416902,566,552,1118
064416903,552,524,1076
064416904,645,697,1342
064416905,533,512,1045
064416906,821,848,1669
064416907,424,416,840
064416908,684,655,1339
064416909,620,565,1185
064416910,343,363,706
064416911,610,575,1185
064416912,209,191,400
064417001,722,720,1442
064417002,488,492,980
064417003,402,408,810
064417004,870,877,1747
064417005,608,661,1269
064417006,585,549,1134
064417007,376,328,704
064417101,76,55,131
064480101,163,146,309
064480102,13,8,21
064480103,17,11,28
064480201,19,16,35
064480202,7,3,10
064480203,28,10,38
064480301,9,9,18
064480302,11,4,15
064480303,8,5,13
064480401,15,10,25
064480402,8,6,14
064480403,0,0,0
064480501,25,24,49
064480502,18,12,30
064480503,7,5,12
064480601,636,704,1340
064480602,469,543,1012
064480603,366,356,722
064480604,262,336,598
064480605,270,278,548
064480606,505,560,1065
064480607,358,443,801
064480608,578,635,1213
064480609,360,402,762
064480610,107,84,191
064480611,12,11,23
064480612,29,43,72
064480613,4,5,9
064480614,398,424,822
064480701,19,15,34
064480702,2,3,5
064480703,8,7,15
064480801,9,5,14
064480802,13,12,25
064480803,15,13,28
064480901,8,8,16
064480902,10,3,13
064480903,7,4,11
064480904,13,7,20
064481001,10,13,23
064481002,13,8,21
064481003,4,4,8
064481004,3,3,6
064481101,8,9,17
064481102,22,12,34
064481103,8,3,11
064481201,9,6,15
064481202,6,6,12
064481203,12,7,19
064481204,7,8,15
064481205,25,19,44
064481206,7,2,9
064550101,439,461,900
064550102,315,350,665
064550103,268,401,669
064550104,274,321,595
064550105,351,434,785
064550106,415,465,880
064550107,322,328,650
064550108,426,405,831
064550109,348,381,729
064550110,325,419,744
064550111,223,224,447
064550112,272,285,557
064550113,298,318,616
064550114,367,368,735
064550115,249,270,519
064550201,48,32,80
064550301,79,55,134
064550401,125,100,225
064550501,39,28,67
064550601,87,89,176
064550602,19,14,33
064550603,59,48,107
064550604,80,62,142
064550605,30,23,53
064550606,34,21,55
064550607,76,68,144
064550701,97,79,176
064550801,24,19,43
064550802,47,24,71
064550901,58,38,96
064551001,49,35,84
064551101,94,73,167
064551201,92,92,184
064551301,196,183,379
064551401,544,579,1123
064551402,772,819,1591
064551403,246,221,467
064551404,215,221,436
064551405,347,410,757
064551406,377,454,831
064551407,396,460,856
064551408,445,480,925
064551409,114,113,227
064551410,446,463,909
064551411,306,342,648
064551412,447,505,952
064551413,372,430,802
064551414,266,343,609
064620101,21,10,31
064620201,55,46,101
064620202,22,11,33
064620203,12,11,23
064620301,10,10,20
064620401,152,166,318
064620402,333,401,734
064620403,489,575,1064
064620404,60,50,110
064620405,53,43,96
064620406,147,148,295
064620501,11,12,23
064620502,24,11,35
064620601,163,155,318
064620602,14,11,25
064620603,31,20,51
064620604,22,13,35
064620605,21,23,44
064620701,465,480,945
064620702,352,412,764
064620703,502,569,1071
064620704,493,472,965
064620705,328,418,746
064620706,646,683,1329
064620707,570,594,1164
064620708,338,370,708
064620709,15,10,25
064620710,57,63,120
064620711,20,10,30
064620712,6,4,10
064620801,54,59,113
064620802,580,638,1218
064620901,22,15,37
064621001,19,19,38
064621002,587,583,1170
064621101,29,24,53
064621102,14,15,29
064621201,195,166,361
064621202,566,595,1161
064621203,444,447,891
064621204,10,14,24
064621205,198,164,362
064621206,25,13,38
064621207,40,31,71
064690101,372,396,768
064690102,404,459,863
064690103,344,368,712
064690104,554,614,1168
064690105,346,371,717
064690106,376,451,827
064690107,270,372,642
064690108,386,501,887
064690109,637,651,1288
064690110,357,351,708
064690111,422,435,857
064690112,245,296,541
064690113,362,368,730
064690114,384,398,782
064690201,292,395,687
064690202,422,474,896
064690203,505,513,1018
064690204,489,601,1090
064690205,316,363,679
064690206,264,288,552
064690207,382,442,824
064690208,511,556,1067
064690209,258,303,561
064690210,389,450,839
064690211,414,401,815
064690212,461,417,878
064690213,220,258,478
064690214,417,460,877
064690301,63,52,115
064690302,23,19,42
064690303,9,4,13
064690304,51,43,94
064690305,15,8,23
064690306,23,8,31
064690401,275,266,541
064690402,33,23,56
064690403,17,22,39
064690404,27,22,49
064690405,24,16,40
064690406,29,21,50
064690501,19,16,35
064690502,7,8,15
064690503,11,8,19
064690504,9,10,19
064690601,399,415,814
064690602,671,681,1352
064690603,386,379,765
064690604,263,273,536
064690605,673,677,1350
064690606,654,622,1276
064690701,20,9,29
064690702,11,15,26
064690703,23,22,45
064690801,393,374,767
064690802,86,70,156
064690803,45,28,73
064690804,49,39,88
064690805,42,28,70
064690806,71,42,113
064690807,280,281,561
064690901,297,294,591
064690902,14,10,24
064690903,185,182,367
064690904,24,17,41
064690905,8,8,16
064690906,25,20,45
064690907,23,19,42
064690908,36,27,63
064690909,334,340,674
064691001,165,178,343
064691002,133,147,280
064691003,48,36,84
064691004,33,30,63
064691005,6,7,13
064691006,5,4,9
064691007,276,264,540
064691101,115,119,234
064691102,20,13,33
064691103,6,2,8
064691104,22,17,39
064691105,19,14,33
064691106,265,267,532
064691107,50,30,80
064691201,15,10,25
064691202,14,11,25
064691203,22,24,46
064691204,21,12,33
064691301,330,363,693
064691302,613,602,1215
064691303,58,38,96
064691304,20,17,37
064691305,204,191,395
064691306,40,25,65
064691307,401,411,812
064691401,30,17,47
064691402,13,15,28
064691403,36,39,75
064691404,26,18,44
064691501,484,485,969
064691502,16,11,27
064691503,6,5,11
064691504,2,0,2
064691505,6,6,12
064691506,27,24,51
064691507,102,82,184
064691508,410,399,809
064760101,403,424,827
064760102,402,453,855
064760103,201,252,453
064760104,186,264,450
064760105,258,273,531
064760106,441,453,894
064760107,360,419,779
064760108,465,474,939
064760201,552,574,1126
064760202,79,70,149
064760203,63,48,111
064760204,38,22,60
064760205,62,65,127
064760206,39,34,73
064760207,28,40,68
064760208,40,28,68
064760301,48,37,85
064760302,22,17,39
064760303,21,11,32
064760401,10,11,21
064760402,8,1,9
064760403,10,6,16
064760404,19,20,39
064760501,42,34,76
064760502,44,21,65
064760503,20,16,36
064760504,30,18,48
064760505,18,15,33
064760601,13,6,19
064760602,20,16,36
064760603,56,47,103
064760604,7,11,18
064760701,151,166,317
064760702,86,66,152
064760703,151,125,276
064760704,68,55,123
064760705,72,73,145
064760706,8,5,13
064760707,246,228,474
064760708,319,285,604
064760709,31,16,47
064760801,27,25,52
064760802,22,16,38
064760803,20,14,34
064760804,27,15,42
064760901,33,21,54
064760902,29,19,48
064760903,23,12,35
064760904,12,10,22
064760905,11,10,21
064761001,60,40,100
064761002,16,13,29
064761003,17,11,28
064761101,18,14,32
064761102,72,13,85
064761103,27,23,50
064761104,11,11,22
064761105,27,25,52
064761201,5,7,12
064761202,45,22,67
064761203,36,27,63
064761204,55,43,98
064761205,43,27,70
064761206,48,25,73
064761301,68,40,108
064761401,437,420,857
064761402,446,464,910
064761403,436,496,932
064761404,385,370,755
064761405,271,301,572
064761406,257,295,552
064761407,193,215,408
064761408,476,490,966
064830101,687,779,1466
064830102,587,610,1197
064830103,504,585,1089
064830104,289,370,659
064830105,329,412,741
064830106,334,402,736
064830107,222,317,539
064830108,265,314,579
064830109,318,427,745
064830110,399,441,840
064830111,355,365,720
064830112,310,406,716
064830113,350,371,721
064830114,482,559,1041
064830115,332,371,703
064830116,338,366,704
064830117,402,441,843
064830118,369,372,741
064830201,28,19,47
064830202,63,47,110
064830203,48,29,77
064830301,159,157,316
064830302,161,145,306
064830303,121,112,233
064830304,100,90,190
064830401,862,920,1782
064830402,247,267,514
064830403,231,263,494
064830404,566,592,1158
064830405,409,456,865
064830406,177,167,344
064830407,605,639,1244
064830408,344,379,723
064830409,433,466,899
064830410,294,283,577
064830411,245,292,537
064830412,405,462,867
064830413,732,690,1422
064830414,408,445,853
064830415,538,581,1119
064830416,370,401,771
064830417,191,222,413
064830501,521,553,1074
064830502,74,54,128
064830503,92,71,163
064830504,115,109,224
064830505,78,52,130
064830506,15,12,27
064830601,54,52,106
064830602,213,188,401
064830701,143,152,295
064830702,62,66,128
064830703,49,46,95
064830704,15,14,29
064830705,33,25,58
064830706,50,37,87
064830801,136,165,301
064830802,65,53,118
064830803,49,48,97
064830804,59,42,101
064830805,29,23,52
064830806,215,221,436
064830901,125,117,242
064830902,70,48,118
064830903,142,88,230
064830904,70,43,113
064830905,53,53,106
064830906,49,44,93
064830907,42,44,86
064830908,142,127,269
064831001,43,34,77
064831002,85,62,147
064970101,450,556,1006
064970102,240,277,517
064970103,233,291,524
064970104,384,493,877
064970105,376,409,785
064970106,364,486,850
064970107,290,327,617
064970108,337,376,713
064970109,254,284,538
064970110,386,399,785
064970111,394,483,877
064970112,482,515,997
064970201,287,270,557
064970202,35,28,63
064970203,68,55,123
064970204,28,28,56
064970205,15,15,30
064970206,34,27,61
064970207,92,76,168
064970301,13,9,22
064970302,990,997,1987
064970303,321,350,671
064970304,41,30,71
064970305,345,340,685
064970306,375,368,743
064970307,851,819,1670
064970308,651,722,1373
064970309,319,330,649
064970310,212,213,425
064970311,416,461,877
064970312,624,612,1236
064970401,77,56,133
064970402,100,82,182
064970403,169,148,317
064970404,307,347,654
064970405,296,298,594
064970406,295,290,585
064970407,340,320,660
064970408,1201,220,1421
064970409,434,391,825
064970410,469,436,905
064970501,333,358,691
064970502,281,315,596
064970503,517,563,1080
064970504,648,630,1278
064970505,819,776,1595
064970506,675,726,1401
064970507,587,605,1192
064970508,476,555,1031
064970509,547,631,1178
064970510,714,779,1493
064970511,727,686,1413
064970512,504,527,1031
064970513,478,526,1004
064970601,560,612,1172
064970602,501,567,1068
064970603,284,314,598
064970604,421,444,865
064970605,516,515,1031
064970606,196,189,385
064970607,600,665,1265
064970608,49,41,90
064970609,354,315,669
064970610,391,401,792
064970611,285,269,554
064970612,121,113,234
064970613,331,321,652
064970614,237,237,474
064970701,340,420,760
064970702,145,165,310
064970703,172,223,395
064970704,153,191,344
064970705,357,443,800
064970706,262,368,630
064970707,137,192,329
064970708,407,435,842
064970709,244,295,539
064970710,340,370,710
064970801,345,380,725
064970802,726,604,1330
064970803,403,401,804
064970804,129,116,245
064970805,73,81,154
064970806,335,362,697
064970807,361,363,724
064970808,148,204,352
064970809,492,525,1017
064970810,480,501,981
064970811,593,653,1246
064970812,828,842,1670
064970813,318,316,634
064970814,301,323,624
064970815,584,513,1097
064970901,64,39,103
064971001,312,363,675
064971002,77,51,128
064971003,32,27,59
064971004,57,34,91
064971005,16,12,28
064971006,37,38,75
064971007,21,20,41
064971008,644,607,1251
064971101,470,547,1017
064971102,497,575,1072
064971103,394,454,848
064971104,459,559,1018
064971105,446,489,935
064971106,476,619,1095
064971107,422,469,891
064971108,373,416,789
064971201,538,549,1087
064971202,738,683,1421
064971203,452,508,960
064971204,408,436,844
064971205,545,608,1153
064971206,462,507,969
064971207,517,543,1060
064971208,225,205,430
064971209,69,66,135
064971210,237,197,434
064971211,243,259,502
064971212,144,138,282
064971301,779,860,1639
064971302,674,665,1339
064971303,259,258,517
064971304,253,215,468
064971305,130,115,245
064971306,434,491,925
064971307,376,411,787
064971308,400,376,776
064971309,264,241,505
064971310,74,78,152
064971311,9,6,15
064971401,655,742,1397
064971402,611,647,1258
064971403,774,833,1607
064971404,50,52,102
064971405,646,631,1277
064971406,566,646,1212
064971407,182,213,395
064971408,303,373,676
064971409,517,542,1059
064971410,434,475,909
065050101,39,35,74
065050102,64,57,121
065050103,125,99,224
065050104,11,17,28
065050105,48,33,81
065050106,21,18,39
065050201,222,226,448
065050202,48,27,75
065050203,22,10,32
065050204,187,169,356
065050205,150,138,288
065050206,78,57,135
065050207,29,21,50
065050208,33,29,62
065050209,61,45,106
065050210,325,310,635
065050211,253,269,522
065050212,200,217,417
065050301,68,84,152
065050302,78,82,160
065050303,93,97,190
065050304,104,98,202
065050305,92,83,175
065050306,574,601,1175
065050307,279,273,552
065050308,418,396,814
065050309,344,376,720
065050310,251,278,529
065050311,344,384,728
065050312,310,357,667
065050313,213,241,454
065050314,443,467,910
065050315,478,458,936
065050316,155,146,301
065050317,161,156,317
065050318,194,190,384
065050319,426,472,898
065050320,290,299,589
065050321,258,277,535
065050322,348,380,728
065050401,140,147,287
065050402,138,135,273
065050403,2282,193,2475
065050404,61,43,104
065050405,37,29,66
065050406,66,62,128
065050407,87,72,159
065110101,32,19,51
065110102,16,13,29
065110201,29,20,49
065110202,40,35,75
065110301,48,47,95
065110302,32,22,54
065110303,28,31,59
065110304,69,57,126
065110401,46,48,94
065110402,10,6,16
065110501,160,148,308
065110502,373,421,794
065110503,573,658,1231
065110504,335,414,749
065110505,431,479,910
065110506,291,343,634
065110507,383,444,827
065110508,418,505,923
065110509,323,334,657
065110510,12,7,19
065110511,27,20,47
065110512,526,609,1135
065110513,336,379,715
065110601,184,181,365
065110602,36,24,60
065110603,34,19,53
065110701,31,35,66
065110702,26,21,47
065180101,263,284,547
065180102,184,191,375
065180103,276,306,582
065180104,82,61,143
065180105,7,5,12
065180106,3,3,6
065180107,17,7,24
065180108,9,5,14
065180109,17,8,25
065180110,5,3,8
065180111,97,78,175
065180112,45,38,83
065180113,25,21,46
065180114,215,238,453
065180115,344,367,711
065180201,205,214,419
065180202,299,342,641
065180203,315,378,693
065180204,449,523,972
065180205,556,597,1153
065180206,319,325,644
065180207,32,31,63
065180208,53,35,88
065180209,144,149,293
065180210,0,0,0
065180211,333,343,676
065180212,258,268,526
065180301,120,109,229
065180302,182,183,365
065180303,98,70,168
065180304,64,53,117
065180305,47,34,81
065180401,19,16,35
065180402,30,24,54
065180403,11,9,20
065180404,25,13,38
065180405,21,16,37
065180406,7,4,11
065180407,14,9,23
065180408,11,3,14
065180409,6,6,12
065180410,10,7,17
065180411,9,4,13
065180412,20,7,27
065180501,23,22,45
065180502,12,9,21
065180503,24,23,47
065180504,377,374,751
065180505,7,6,13
065180506,109,96,205
065180507,15,19,34
065180508,8,6,14
065180509,3,2,5
065180510,37,37,74
065180511,51,43,94
065180601,61,78,139
065180602,95,98,193
065180603,104,104,208
065180604,231,264,495
065180605,112,130,242
065180606,126,132,258
065180607,73,91,164
065180608,4,8,12
065180609,86,78,164
065180610,62,60,122
065180611,75,72,147
065180612,112,95,207
065180613,105,96,201
065180614,137,145,282
065180615,14,9,23
065180701,44,43,87
065180702,70,47,117
065180703,110,101,211
065180704,95,87,182
065180705,127,132,259
065180706,72,53,125
065180707,67,65,132
065180708,184,161,345
065180709,182,165,347
065180710,144,152,296
065180711,327,334,661
065180712,299,306,605
065180713,185,210,395
065180714,171,177,348
065180715,164,187,351
065180716,129,145,274
065180717,123,108,231
065180801,3,1,4
065180802,68,66,134
065180803,122,102,224
065180804,68,61,129
065180805,4,2,6
065180806,12,9,21
065180807,55,53,108
065180808,123,108,231
065180809,149,139,288
065180810,68,65,133
065180811,20,18,38
065180812,91,81,172
065180813,14,8,22
065180814,6,4,10
065250101,288,289,577
065250102,291,297,588
065250103,236,233,469
065250104,333,326,659
065250105,514,535,1049
065250106,528,579,1107
065250107,423,429,852
065250108,423,484,907
065250109,510,516,1026
065250110,318,382,700
065250111,638,677,1315
065250112,358,308,666
065250113,229,253,482
065250114,472,520,992
065250201,64,52,116
065250202,65,62,127
065250203,566,539,1105
065250204,224,225,449
065250301,71,44,115
065250302,101,59,160
065250303,988,966,1954
065250304,519,502,1021
065250401,746,774,1520
065250402,824,835,1659
065250403,466,447,913
065250404,717,698,1415
065250405,835,823,1658
065250406,977,957,1934
065250407,526,522,1048
065250408,699,766,1465
065250409,598,638,1236
065250410,24,31,55
065250411,167,176,343
065250412,153,132,285
065250413,159,141,300
065250414,706,746,1452
065250415,525,573,1098
065250416,280,272,552
065250417,813,876,1689
065250418,694,744,1438
065250501,1266,934,2200
065250502,1778,86,1864
065250503,36,26,62
065250504,252,220,472
065250601,287,295,582
065250602,229,211,440
065250603,275,274,549
065250604,307,293,600
065250605,291,336,627
065250606,665,698,1363
065250607,869,901,1770
065250608,411,403,814
065250609,549,548,1097
065250610,622,644,1266
065250611,651,741,1392
065250612,533,581,1114
065250613,483,515,998
065250614,230,245,475
065320101,1511,985,2496
065320102,475,553,1028
065320103,360,410,770
065320104,442,455,897
065320105,355,407,762
065320106,370,463,833
065320107,277,344,621
065320108,295,380,675
065320109,269,371,640
065320110,339,395,734
065320111,457,513,970
065320112,421,491,912
065320201,210,279,489
065320202,361,428,789
065320203,399,450,849
065320204,343,449,792
065320205,236,307,543
065320206,313,340,653
065320207,477,526,1003
065320208,339,377,716
065320301,491,546,1037
065320302,788,836,1624
065320303,448,479,927
065320304,381,368,749
065320305,640,613,1253
065320306,519,558,1077
065320307,572,554,1126
065320308,577,596,1173
065320309,694,710,1404
065320310,486,475,961
065320311,429,436,865
065320312,422,347,769
065320313,326,365,691
065320401,120,118,238
065320402,38,33,71
065320403,149,125,274
065320501,18,13,31
065320502,54,43,97
065320503,78,61,139
065320504,64,54,118
065320601,12,10,22
065320602,14,11,25
065320603,20,18,38
065320604,20,12,32
065320701,84,65,149
065320801,34,29,63
065320802,34,35,69
065320803,26,22,48
065320804,42,38,80
065320805,77,60,137
065320901,848,886,1734
065320902,377,337,714
065320903,196,212,408
065320904,311,318,629
065320905,305,298,603
065320906,144,147,291
065320907,200,163,363
065320908,368,217,585
065320909,250,243,493
065320910,1658,1702,3360
065320911,403,379,782
065320912,186,171,357
065321001,595,598,1193
065321002,29,24,53
065321003,51,45,96
065321004,39,29,68
065321005,52,33,85
065321101,94,97,191
065321102,101,79,180
065321103,33,30,63
065321104,18,11,29
065321201,26,18,44
065321202,13,15,28
065321203,28,27,55
065321301,26,9,35
065321302,23,21,44
065321303,11,8,19
065321401,302,357,659
065321402,420,424,844
065321403,431,531,962
065321404,420,456,876
065321405,363,447,810
065321406,271,366,637
065321407,219,281,500
065321408,339,405,744
065321501,405,396,801
065321502,509,524,1033
065321503,426,452,878
065321504,501,522,1023
065321505,579,584,1163
065321506,591,622,1213
065321507,385,414,799
065321508,489,501,990
065321509,571,558,1129
065321510,345,376,721
065321511,553,654,1207
065321512,644,690,1334
065470101,51,46,97
065470102,36,24,60
065470201,297,306,603
065470202,61,38,99
065470203,67,65,132
065470301,50,47,97
065470302,64,61,125
065470303,31,32,63
065470304,63,39,102
065470305,415,420,835
065470306,665,684,1349
065470307,714,761,1475
065470308,203,188,391
065470309,479,487,966
065470310,249,202,451
065470311,172,169,341
065470312,547,631,1178
065470313,102,109,211
065470401,11,9,20
065470402,83,79,162
065470501,39,37,76
065470502,63,49,112
065470503,33,24,57
065470601,128,115,243
065470602,51,42,93
065470603,134,108,242
065470701,30,13,43
065470702,31,23,54
065470703,58,50,108
065470801,129,106,235
065470802,67,48,115
065470901,574,563,1137
065470902,582,537,1119
065470903,591,584,1175
065470904,622,729,1351
065470905,610,679,1289
065470906,460,541,1001
065470907,550,603,1153
065470908,490,569,1059
065470909,391,440,831
065470910,365,419,784
065530101,340,394,734
065530102,204,189,393
065530103,180,183,363
065530104,54,63,117
065530105,124,115,239
065530106,143,127,270
065530107,68,67,135
065530108,93,108,201
065530109,57,55,112
065530110,36,55,91
065530111,25,15,40
065530201,8,5,13
065530202,41,32,73
065530203,70,70,140
065530204,696,652,1348
065530205,65,53,118
065530301,94,74,168
065530302,135,102,237
065530303,103,85,188
065530304,116,119,235
065530305,153,135,288
065530306,120,105,225
065530307,91,86,177
065530308,53,53,106
065530309,49,50,99
065530310,26,27,53
065530311,28,20,48
065530312,44,38,82
065530313,55,48,103
065530314,55,48,103
065740101,46,35,81
065740102,47,39,86
065740201,26,11,37
065740202,97,90,187
065740301,21,17,38
065740302,65,45,110
065740303,109,98,207
065740401,132,121,253
065740402,721,737,1458
065740403,639,633,1272
065740404,469,503,972
065740405,454,430,884
065740406,378,392,770
065740407,369,424,793
065740408,391,438,829
065740409,361,402,763
065740410,479,581,1060
065740411,369,423,792
065740412,395,410,805
065740413,9,12,21
065740414,520,512,1032
065740415,489,509,998
065740416,408,388,796
065740501,60,48,108
065740502,77,65,142
065740503,70,53,123
065740601,86,67,153
065740602,35,22,57
065740701,216,234,450
065740702,99,108,207
065740703,40,34,74
065740704,20,23,43
065740705,76,54,130
065740706,50,44,94
065740707,40,35,75
065740708,46,35,81
065740801,148,137,285
065740802,42,40,82
065740803,44,37,81
065740804,41,29,70
065740805,153,152,305
065740901,31,30,61
065740902,45,41,86
065740903,58,45,103
065810101,568,602,1170
065810102,634,712,1346
065810103,666,665,1331
065810104,545,644,1189
065810105,566,658,1224
065810106,275,327,602
065810107,330,397,727
065810108,447,436,883
065810109,444,481,925
065810110,463,457,920
065810111,466,491,957
065810201,320,412,732
065810202,262,328,590
065810203,124,178,302
065810204,321,380,701
065810205,192,224,416
065810206,260,393,653
065810207,374,418,792
065810208,342,418,760
065810209,312,342,654
065810210,350,368,718
065810211,441,469,910
065810212,357,382,739
065810301,350,464,814
065810302,381,459,840
065810303,413,440,853
065810304,242,294,536
065810305,219,314,533
065810306,228,300,528
065810307,276,370,646
065810308,287,315,602
065810401,483,500,983
065810402,250,275,525
065810403,226,305,531
065810404,315,317,632
065810405,547,556,1103
065810406,214,220,434
065810407,297,336,633
065810408,320,383,703
065810409,281,350,631
065810410,216,261,477
065810411,253,294,547
065810501,67,91,158
065810502,35,56,91
065810503,99,133,232
065810504,77,91,168
065810505,77,80,157
065810506,173,220,393
065810507,86,86,172
065810508,84,122,206
065810601,24,10,34
065810602,61,50,111
065810603,39,44,83
065810604,16,11,27
065810701,323,316,639
065810702,11,8,19
065810703,41,39,80
065810704,35,21,56
065810705,28,13,41
065810706,38,37,75
065810707,60,64,124
065810708,284,280,564
065810709,275,296,571
065810710,239,247,486
065810711,225,255,480
065810712,247,249,496
065810801,284,310,594
065810802,249,252,501
065810803,45,48,93
065810804,51,42,93
065810805,32,22,54
065810806,22,21,43
065810807,4,5,9
065810808,28,33,61
065810809,276,265,541
065810810,239,256,495
065810901,13,16,29
065810902,13,8,21
065810903,10,2,12
065810904,9,8,17
065810905,6,2,8
065810906,11,14,25
065810907,6,4,10
065810908,3,3,6
065810909,5,3,8
065810910,6,4,10
065810911,3,1,4
065810912,15,5,20
065810913,14,15,29
065811001,220,210,430
065811002,38,26,64
065811003,22,19,41
065811004,7,4,11
065811005,16,8,24
065811006,25,26,51
065811101,3,3,6
065811102,11,7,18
065811103,23,10,33
065811104,15,11,26
065811105,45,41,86
065811106,4,4,8
065811107,33,29,62
065811108,13,6,19
065811109,32,5,37
065811201,17,7,24
065811202,10,3,13
065811203,21,16,37
065811204,26,24,50
065811205,53,44,97
065811206,79,67,146
065811207,24,15,39
065811301,436,414,850
065811302,419,434,853
065811303,499,578,1077
065811304,478,525,1003
065811305,398,482,880
065811306,837,913,1750
065811307,152,120,272
065811308,332,280,612
065811309,288,298,586
065811310,323,310,633
065811311,410,429,839
065811401,162,184,346
065811402,465,480,945
065811403,588,609,1197
065811404,208,235,443
065811405,253,258,511
065811406,249,278,527
065811407,420,414,834
065811408,489,461,950
065811409,376,425,801
065811410,397,455,852
065811411,411,410,821
065811412,587,646,1233
065811501,224,251,475
065811502,545,563,1108
065811503,270,302,572
065811504,460,501,961
065811505,506,510,1016
065811506,450,471,921
065811507,725,764,1489
065811508,451,429,880
065811509,464,541,1005
065811510,437,432,869
065811511,319,382,701
065811601,349,452,801
065811602,443,479,922
065811603,374,450,824
065811604,436,469,905
065811605,318,344,662
065811606,585,653,1238
065811607,353,410,763
065811608,455,466,921
065811701,269,271,540
065811702,274,344,618
065811703,277,337,614
065811704,204,275,479
065811705,347,403,750
065811706,338,343,681
065811707,285,389,674
065811708,161,212,373
065811709,84,142,226
065811710,192,239,431
065811711,370,390,760
065811801,371,418,789
065811802,98,122,220
065811803,99,131,230
065811804,316,187,503
065811805,106,142,248
065811806,96,102,198
065811807,164,220,384
065811808,110,161,271
065811809,93,112,205
065811901,107,110,217
065811902,66,61,127
065811903,165,171,336
065811904,191,199,390
065811905,505,527,1032
065811906,236,252,488
065811907,249,245,494
065811908,502,551,1053
065811909,317,310,627
065811910,238,252,490
065811911,296,323,619
065811912,371,387,758
065880101,360,450,810
065880102,356,382,738
065880103,460,546,1006
065880104,402,468,870
065880105,314,413,727
065880106,353,426,779
065880107,286,303,589
065880108,315,351,666
065880109,308,345,653
065880110,246,337,583
065880111,534,589,1123
065880112,371,375,746
065880113,350,381,731
065880114,329,339,668
065880115,245,316,561
065880116,371,385,756
065880117,312,333,645
065880201,460,535,995
065880202,451,497,948
065880203,390,391,781
065880204,493,507,1000
065880205,201,205,406
065880206,223,276,499
065880207,272,318,590
065880208,265,319,584
065880301,239,225,464
065880302,260,253,513
065880303,289,339,628
065880304,115,133,248
065880305,22,11,33
065880306,36,21,57
065880307,26,14,40
065880308,21,18,39
065880309,84,64,148
065880401,42,35,77
065880501,269,262,531
065880502,32,16,48
065880503,19,8,27
065880504,14,14,28
065880505,100,72,172
065880601,85,61,146
065880701,61,47,108
065880702,118,117,235
065880703,134,128,262
065880801,115,93,208
065880802,43,33,76
065880901,397,451,848
065880902,492,556,1048
065880903,217,210,427
065880904,203,161,364
065880905,157,152,309
065880906,177,175,352
065880907,323,308,631
065880908,455,465,920
065880909,405,437,842
065880910,426,471,897
065880911,747,749,1496
065880912,687,758,1445
065880913,695,688,1383
065880914,304,323,627
065880915,466,428,894
065881001,180,173,353
065881002,102,117,219
065881003,22,13,35
065881004,8,7,15
065881005,86,51,137
065881006,27,22,49
065881007,48,46,94
065881008,25,20,45
065881009,7,2,9
065881010,17,8,25
065881011,13,12,25
065881012,180,215,395
065881101,22,11,33
065881102,26,14,40
065881201,55,43,98
065881202,13,10,23
065881203,66,59,125
065881301,275,291,566
065881302,28,29,57
065881303,48,39,87
065881304,38,20,58
065881305,44,27,71
065881401,147,151,298
065881402,226,221,447
065881403,8,6,14
065881404,32,26,58
065881501,174,173,347
065881502,20,10,30
065881503,10,6,16
065881504,23,19,42
065881601,371,385,756
065881602,488,498,986
065881603,462,466,928
065881604,21,18,39
065881605,4,3,7
065881606,21,18,39
065881607,0,0,0
065881608,15,18,33
065881609,6,2,8
065881701,371,419,790
065881702,437,496,933
065881703,328,347,675
065881704,473,472,945
065881705,355,471,826
065881706,371,421,792
065881707,241,304,545
065881708,264,320,584
065950101,518,550,1068
065950102,372,407,779
065950103,616,661,1277
065950104,577,610,1187
065950105,447,508,955
065950106,337,414,751
065950107,421,440,861
065950108,493,533,1026
065950109,414,426,840
065950110,496,566,1062
065950201,362,408,770
065950202,398,436,834
065950203,325,367,692
065950204,287,411,698
065950205,204,264,468
065950206,275,392,667
065950207,329,390,719
065950208,486,544,1030
065950209,263,321,584
065950210,532,595,1127
065950211,242,284,526
065950212,283,367,650
065950213,201,262,463
065950214,268,357,625
065950215,215,280,495
065950301,311,324,635
065950302,327,404,731
065950303,319,409,728
065950304,320,385,705
065950305,325,349,674
065950306,306,384,690
065950307,267,341,608
065950308,260,310,570
065950309,297,300,597
065950310,493,552,1045
065950311,430,472,902
065950312,266,321,587
065950313,279,308,587
065950401,342,355,697
065950402,433,568,1001
065950403,420,434,854
065950404,536,556,1092
065950405,514,557,1071
065950406,362,375,737
065950407,350,393,743
065950408,330,360,690
065950409,495,512,1007
065950410,433,459,892
065950411,355,379,734
065950412,493,544,1037
065950413,491,561,1052
065950501,90,54,144
065950601,112,86,198
065950602,33,32,65
065950603,151,150,301
065950701,106,82,188
065950801,251,241,492
065950802,109,84,193
065950901,93,64,157
065951001,91,58,149
065951101,65,42,107
065951201,58,47,105
065951301,85,65,150
065951401,158,111,269
065951501,71,60,131
065951601,559,568,1127
065951602,596,634,1230
065951603,724,688,1412
065951604,176,147,323
065951605,59,56,115
065951606,360,379,739
065951607,514,488,1002
065951608,805,838,1643
065951609,313,362,675
065951610,245,296,541
065951611,297,321,618
065951612,308,342,650
065951613,246,307,553
065951701,71,62,133
065951801,9,1,10
065951802,11,10,21
065951803,33,28,61
065951804,4,8,12
065951901,2353,269,2622
065951902,306,306,612
065951903,600,584,1184
065951904,317,204,521
065951905,121,148,269
065951906,164,145,309
065951907,159,159,318
065951908,281,268,549
065951909,175,173,348
065951910,301,301,602
065951911,480,473,953
065951912,269,298,567
065951913,71,82,153
065951914,457,445,902
065952001,359,372,731
065952002,18,16,34
065952101,275,308,583
065952102,332,327,659
065952103,207,232,439
065952104,323,339,662
065952105,403,444,847
065952106,1,1,2
065952107,176,130,306
065952201,116,107,223
065952301,148,110,258
065952401,329,395,724
065952402,311,416,727
065952403,315,382,697
065952404,336,384,720
065952405,334,380,714
065952406,331,398,729
065952407,451,501,952
065952408,670,708,1378
065952409,410,426,836
065952410,439,444,883
065952411,366,418,784
065952412,418,421,839
065952501,508,568,1076
065952502,306,340,646
065952503,441,516,957
065952504,478,506,984
065952505,387,388,775
065952506,385,431,816
065952507,355,373,728
065952508,417,416,833
065952509,302,363,665
065952510,397,418,815
065952511,486,470,956
065952512,359,362,721
065952513,406,380,786
065952601,204,134,338
065952602,853,919,1772
065952603,492,451,943
065952604,406,410,816
065952605,638,656,1294
065952606,263,289,552
065952607,515,546,1061
065952608,614,615,1229
065952609,410,418,828
065952610,603,636,1239
065952611,603,607,1210
065952612,642,636,1278
065952613,385,378,763
065952614,289,268,557
065952701,594,573,1167
065952702,777,775,1552
065952703,363,359,722
065952704,461,411,872
065952705,29,25,54
065952706,91,86,177
065952707,354,328,682
065952708,174,171,345
065952709,420,381,801
065952710,259,284,543
065952711,327,331,658
065952712,255,272,527
066020101,125,38,163
066020201,263,258,521
066020202,84,79,163
066020203,132,88,220
066020204,30,15,45
066020205,65,38,103
066020206,26,15,41
066020207,60,24,84
066020301,649,618,1267
066020302,368,312,680
066020303,17,9,26
066020304,327,319,646
066020305,17,7,24
066020306,48,25,73
066020307,13,6,19
066020308,692,705,1397
066020309,365,383,748
066020401,27,8,35
066020501,17,2,19
066020601,18,2,20
066020701,13,2,15
066020801,336,309,645
066020802,357,348,705
066020803,129,153,282
066020804,157,163,320
066020805,152,83,235
066020806,18,22,40
066020901,47,42,89
066020902,32,14,46
066020903,15,7,22
066021001,13,5,18
066021002,7,4,11
066021101,570,596,1166
066021102,355,339,694
066021103,591,581,1172
066021104,420,490,910
066021105,236,320,556
066021106,379,425,804
066021107,353,425,778
066021108,604,680,1284
066021109,615,727,1342
066021110,12,7,19
066021111,400,512,912
066021112,358,399,757
066021113,418,437,855
066021201,70,36,106
066021301,97,46,143
066021401,57,34,91
066021402,53,41,94
066021403,87,61,148
066021404,56,49,105
066021405,65,61,126
066021406,68,70,138
066021501,1,0,1
066021601,391,379,770
066021602,302,294,596
066021603,760,762,1522
066021604,365,386,751
066021605,379,391,770
066021606,397,446,843
066021607,334,366,700
066021608,244,327,571
066021609,525,532,1057
066021610,387,450,837
066021611,411,421,832
066021612,21,14,35
066090101,694,708,1402
066090102,529,604,1133
066090103,408,479,887
066090104,300,410,710
066090105,288,380,668
066090106,285,315,600
066090107,457,489,946
066090108,334,332,666
066090109,526,496,1022
066090110,488,556,1044
066090201,425,442,867
066090202,294,362,656
066090203,207,261,468
066090204,282,368,650
066090205,374,452,826
066090206,636,651,1287
066090207,288,341,629
066090208,676,684,1360
066090209,494,576,1070
066090210,294,335,629
066090211,473,539,1012
066090212,498,522,1020
066090213,696,700,1396
066090214,396,391,787
066090215,335,349,684
066090301,12,3,15
066090302,6,4,10
066090303,12,7,19
066090304,34,16,50
066090401,133,149,282
066090402,19,20,39
066090403,18,15,33
066090404,70,53,123
066090501,24,10,34
066090502,64,48,112
066090503,69,40,109
066090601,53,39,92
066090602,7,4,11
066090603,20,7,27
066090604,6,5,11
066090605,35,17,52
066090606,41,42,83
066090607,141,115,256
066090608,98,112,210
066090609,30,33,63
066090610,114,110,224
066090611,23,18,41
066090612,2,2,4
066090613,109,102,211
066090701,7,5,12
066090702,6,7,13
066090703,7,6,13
066090704,7,3,10
066090705,36,32,68
066090801,6,2,8
066090802,4,5,9
066090803,1,1,2
066090804,6,7,13
066090901,31,31,62
066090902,320,334,654
066090903,295,298,593
066090904,228,256,484
066090905,222,223,445
066090906,24,14,38
066091001,274,278,552
066091002,176,207,383
066091003,14,7,21
066091004,16,11,27
066091005,45,30,75
066091006,5,6,11
066091007,229,225,454
066091101,28,21,49
066091102,35,24,59
066091201,18,15,33
066091202,28,23,51
066091301,99,107,206
066091302,19,14,33
066091303,7,4,11
066091304,42,37,79
066091305,21,11,32
066091306,33,29,62
066091401,22,16,38
066091402,30,24,54
066091501,102,93,195
066091502,15,8,23
066091503,5,2,7
066091601,14,6,20
066091602,22,17,39
066091603,27,18,45
066091604,0,0,0
066091701,410,434,844
066091702,413,431,844
066091703,40,26,66
066091704,17,21,38
066091705,3,4,7
066091706,9,5,14
066091707,36,40,76
066091708,21,22,43
066091709,14,11,25
066091801,19,23,42
066091802,3,1,4
066091901,782,832,1614
066091902,283,307,590
066091903,468,548,1016
066091904,286,346,632
066091905,236,256,492
066091906,372,461,833
066091907,493,518,1011
066091908,603,605,1208
066091909,403,461,864
066160101,30,32,62
066160102,42,31,73
066160103,55,41,96
066160104,89,50,139
066160105,39,34,73
066160106,2,1,3
066160107,67,60,127
066160108,30,17,47
066160109,19,10,29
066160110,41,37,78
066160201,11,13,24
066160202,10,7,17
066160301,355,339,694
066160302,417,414,831
066160303,328,359,687
066160304,358,403,761
066160305,333,378,711
066160306,198,237,435
066160307,227,259,486
066160308,63,58,121
066160309,202,191,393
066230101,411,428,839
066230102,496,569,1065
066230103,528,618,1146
066230104,454,515,969
066230105,412,518,930
066230106,449,531,980
066230107,477,506,983
066230108,533,554,1087
066230109,400,426,826
066230110,296,292,588
066230111,317,396,713
066230112,331,376,707
066230201,326,369,695
066230202,287,384,671
066230203,344,434,778
066230204,320,435,755
066230205,257,313,570
066230206,332,401,733
066230207,337,394,731
066230208,319,371,690
066230209,404,460,864
066230301,233,267,500
066230302,526,601,1127
066230303,249,303,552
066230304,168,299,467
066230305,282,394,676
066230306,254,378,632
066230307,204,328,532
066230308,234,331,565
066230309,248,328,576
066230310,293,362,655
066230311,310,316,626
066230401,384,457,841
066230402,355,453,808
066230403,333,461,794
066230404,304,367,671
066230405,429,502,931
066230406,517,613,1130
066230407,393,449,842
066230408,553,622,1175
066230409,519,544,1063
066230410,419,480,899
066230501,404,521,925
066230502,310,400,710
066230503,424,544,968
066230504,418,540,958
066230505,534,682,1216
066230506,545,686,1231
066230507,563,725,1288
066230508,446,584,1030
066230509,357,452,809
066230510,452,580,1032
066230601,4,5,9
066230602,17,13,30
066230603,0,0,0
066230701,264,257,521
066230702,311,312,623
066230703,48,32,80
066230704,25,27,52
066230705,14,8,22
066230801,82,86,168
066230802,14,9,23
066230803,11,11,22
066230901,38,24,62
066230902,240,248,488
066230903,137,149,286
066230904,48,50,98
066231001,9,7,16
066231002,24,18,42
066231003,11,6,17
066231101,27,29,56
066231102,39,49,88
066231103,220,246,466
066231104,274,269,543
066231201,16,15,31
066231202,13,9,22
066231301,4,3,7
066231302,11,14,25
066231401,337,381,718
066231402,371,410,781
066231403,40,35,75
066231404,93,99,192
066231501,110,101,211
066231502,22,23,45
066231503,24,18,42
066231601,208,204,412
066231602,21,18,39
066231603,24,18,42
066231604,27,22,49
066231605,323,343,666
066231701,36,23,59
066231702,10,6,16
066231703,18,11,29
066231801,31,20,51
066231802,187,207,394
066231803,296,303,599
066231804,22,21,43
066231901,9,8,17
066231902,29,24,53
066232001,408,317,725
066232002,721,754,1475
066232003,472,479,951
066232004,208,203,411
066232005,555,596,1151
066232006,481,489,970
066232007,635,708,1343
066232008,522,601,1123
066232009,612,629,1241
066232010,448,453,901
066232011,999,1025,2024
066232012,286,277,563
066232101,269,263,532
066232102,143,117,260
066232103,10,7,17
066232104,404,430,834
066232105,31,33,64
066232106,138,138,276
066232107,255,253,508
066232201,324,412,736
066232202,304,384,688
066232203,311,392,703
066232204,383,493,876
066232205,396,504,900
066232206,376,483,859
066232207,438,535,973
066232208,544,695,1239
066232209,109,142,251
066232210,237,307,544
066232211,14,17,31
066232212,27,33,60
066232213,264,326,590
066232214,77,92,169
066232301,238,279,517
066232302,19,20,39
066232303,70,17,87
066232304,182,183,365
066232305,47,41,88
066232306,217,242,459
066232401,29,21,50
066232402,10,5,15
066232403,25,26,51
066232404,9,14,23
066232501,172,186,358
066232502,28,21,49
066232503,16,13,29
066232504,117,119,236
066232505,21,14,35
066232506,181,156,337
066232601,37,32,69
066232602,45,36,81
066232701,192,201,393
066232702,5,3,8
066232703,21,22,43
066232704,11,12,23
066232801,816,849,1665
066232802,644,622,1266
066232803,258,300,558
066232804,418,511,929
066232805,400,497,897
066232806,562,647,1209
066232807,504,572,1076
066232808,636,635,1271
066232809,558,626,1184
066232810,367,411,778
066232811,272,272,544
066232812,592,619,1211
066232813,737,813,1550
066232901,675,668,1343
066232902,652,671,1323
066232903,578,564,1142
066232904,316,307,623
066232905,396,445,841
066232906,553,564,1117
066232907,610,618,1228
066232908,424,430,854
066232909,470,437,907
066232910,488,529,1017
066232911,419,416,835
066300101,167,144,311
066300201,19,19,38
066300202,440,479,919
066300203,257,284,541
066300204,212,262,474
066300205,272,296,568
066300301,82,49,131
066300401,70,48,118
066300501,106,78,184
066300601,209,147,356
066380101,91,70,161
066380102,892,907,1799
066380103,447,480,927
066380104,202,189,391
066380105,314,318,632
066380106,737,668,1405
066380107,665,655,1320
066380108,984,997,1981
066380109,789,798,1587
066380110,810,874,1684
066380111,1221,1207,2428
066380112,1347,1332,2679
066380113,1469,1471,2940
066380114,489,537,1026
066380201,654,691,1345
066380202,599,627,1226
066380203,492,496,988
066380204,738,733,1471
066380205,611,625,1236
066380206,497,490,987
066380207,477,484,961
066380208,460,464,924
066380209,547,543,1090
066380210,582,566,1148
066380211,735,783,1518
066380212,426,401,827
066380213,491,528,1019
066380214,481,455,936
066380301,853,851,1704
066380302,861,834,1695
066380303,710,712,1422
066380304,1085,1080,2165
066380305,374,386,760
066380306,386,404,790
066380307,234,275,509
066380308,231,239,470
066380309,1499,1553,3052
066380310,435,411,846
066380311,915,941,1856
066380312,902,937,1839
066380313,714,776,1490
066380401,650,659,1309
066380402,800,840,1640
066380403,717,664,1381
066380404,360,398,758
066380405,1129,1132,2261
066380406,558,577,1135
066380407,628,605,1233
066380408,556,621,1177
066380409,404,365,769
066380410,465,454,919
066380411,377,393,770
066380412,491,537,1028
066380501,147,165,312
066380502,85,123,208
066380503,144,158,302
066380504,121,121,242
066380505,303,343,646
066380506,278,272,550
066380507,388,390,778
066380508,540,523,1063
066380509,483,517,1000
066380510,642,671,1313
066380511,625,605,1230
066380512,568,568,1136
066380513,685,662,1347
066380514,705,753,1458
066380601,695,738,1433
066380602,481,515,996
066380603,692,729,1421
066380604,836,856,1692
066380605,802,848,1650
066380606,798,778,1576
066380607,766,720,1486
066380608,345,376,721
066380609,244,241,485
066380610,837,872,1709
066380611,655,708,1363
066380612,566,633,1199
066380613,736,712,1448
066380614,877,902,1779
066380615,677,739,1416
066380701,1067,1090,2157
066380702,543,523,1066
066380703,635,589,1224
066380704,598,632,1230
066380705,417,409,826
066380706,259,255,514
066380707,590,597,1187
066380708,349,332,681
066380709,383,405,788
066380710,629,605,1234
066380711,417,402,819
066380712,569,559,1128
066380713,563,558,1121
066380801,344,368,712
066380802,331,404,735
066380803,511,568,1079
066380804,252,243,495
066380805,243,243,486
066380806,324,324,648
066380807,230,232,462
066380808,970,978,1948
066380809,233,243,476
066380810,307,295,602
066380811,287,304,591
066380812,283,340,623
066380813,208,212,420
066380814,321,302,623
066380815,61,54,115
066380816,376,385,761
066380901,253,283,536
066380902,295,267,562
066380903,502,516,1018
066380904,368,369,737
066380905,490,531,1021
066380906,758,736,1494
066380907,1152,1142,2294
066380908,707,771,1478
066380909,710,778,1488
066380910,621,633,1254
066380911,735,757,1492
066380912,672,691,1363
066380913,924,902,1826
066381001,710,725,1435
066381002,559,613,1172
066381003,600,658,1258
066381004,525,537,1062
066381005,395,419,814
066381006,813,846,1659
066381007,846,841,1687
066381008,1090,1065,2155
066381009,661,712,1373
066381010,821,801,1622
066381011,518,554,1072
066381101,340,320,660
066381102,317,304,621
066381103,1208,1135,2343
066381104,879,809,1688
066381105,512,553,1065
066381106,488,494,982
066381107,588,703,1291
066381108,793,739,1532
066381109,697,729,1426
066381110,923,913,1836
066381111,552,526,1078
066381112,420,419,839
066381201,159,171,330
066381202,158,121,279
066381203,691,710,1401
066381204,292,336,628
066381205,921,923,1844
066381206,539,531,1070
066381207,11,12,23
066381208,21,22,43
066381209,296,317,613
066381210,201,188,389
066381211,339,296,635
066381301,568,597,1165
066381302,563,535,1098
066381303,504,511,1015
066381304,381,426,807
066381305,676,697,1373
066381306,1032,1029,2061
066381307,831,868,1699
066381308,546,571,1117
066381309,562,536,1098
066381310,649,623,1272
066381311,683,644,1327
066381312,400,446,846
066381313,656,715,1371
066381314,151,178,329
066381315,199,187,386
066381316,387,364,751
066381317,187,218,405
066381318,712,760,1472
066381319,333,345,678
066381401,252,277,529
066381402,487,489,976
066381403,903,874,1777
066381404,514,530,1044
066381405,645,600,1245
066381406,592,571,1163
066381407,768,774,1542
066381408,719,748,1467
066381409,732,684,1416
066381501,252,220,472
066381502,259,262,521
066381503,552,580,1132
066381504,625,665,1290
066381505,355,348,703
066381506,551,594,1145
066381507,805,852,1657
066381508,814,822,1636
066381509,681,649,1330
066381510,829,835,1664
066381511,549,586,1135
066381512,737,793,1530
066381513,833,840,1673
066381514,646,655,1301
066381601,460,505,965
066381602,298,334,632
066381603,434,495,929
066381604,319,345,664
066381605,242,284,526
066381606,475,503,978
066381607,521,589,1110
066381608,420,446,866
066381609,478,500,978
066381610,555,638,1193
066381611,551,620,1171
066381701,553,513,1066
066381702,382,353,735
066381703,461,455,916
066381704,483,474,957
066381705,316,363,679
066381706,235,267,502
066381707,336,371,707
066381708,390,443,833
066381709,144,192,336
066381710,223,271,494
066381711,210,260,470
066381712,524,570,1094
066381713,490,575,1065
066381714,359,433,792
066381801,1745,1664,3409
066381802,879,830,1709
066381803,779,778,1557
066381804,672,664,1336
066381805,221,268,489
066381806,644,604,1248
066381807,657,641,1298
066381808,655,662,1317
066381809,466,496,962
066381810,363,321,684
066381901,529,510,1039
066381902,807,768,1575
066381903,551,572,1123
066381904,371,339,710
066381905,814,715,1529
066381906,239,223,462
066382001,41,25,66
066382002,527,488,1015
066382003,526,473,999
066382004,46,54,100
066382005,411,409,820
066382006,333,338,671
066382007,410,419,829
066382008,255,250,505
066382009,400,432,832
066382101,252,168,420
066382102,110,103,213
066382103,111,108,219
066382104,464,448,912
066382105,112,107,219
066382106,29,22,51
066382107,510,546,1056
066382108,6,5,11
066382201,1066,1054,2120
066382202,485,480,965
066382203,450,506,956
066382204,800,773,1573
066382205,620,589,1209
066382206,1110,1172,2282
066382207,336,396,732
066382208,632,642,1274
066382209,473,446,919
066382210,273,290,563
066382211,398,305,703
066382212,282,287,569
066382213,459,475,934
066382214,788,812,1600
066382301,483,420,903
066382302,522,477,999
066382303,130,117,247
066382304,399,370,769
066382305,10,6,16
066382306,53,41,94
066382307,98,79,177
066440101,84,102,186
066440102,66,93,159
066440103,149,152,301
066440104,46,51,97
066440105,39,44,83
066440106,72,73,145
066440107,78,75,153
066440108,23,18,41
066440109,20,15,35
066440110,33,39,72
066440111,48,53,101
066440201,274,295,569
066440202,136,144,280
066440203,57,56,113
066440204,39,37,76
066440205,44,48,92
066440206,98,117,215
066440207,133,137,270
066440208,93,104,197
066440301,392,360,752
066440302,267,277,544
066440303,4,7,11
066440304,271,262,533
066440305,142,137,279
066440306,62,76,138
066440307,118,136,254
066440308,60,63,123
066440309,57,46,103
066440310,40,43,83
066440311,89,67,156
066440312,36,28,64
066440313,115,134,249
066440314,49,58,107
066440315,160,156,316
066440316,89,82,171
066440401,101,87,188
066440402,101,106,207
066440403,69,73,142
066440404,55,63,118
066440405,79,70,149
066440406,35,36,71
066440407,56,64,120
066440408,39,39,78
066440501,59,53,112
066440502,240,229,469
066440503,381,339,720
066440504,267,272,539
066440505,664,677,1341
066440506,572,605,1177
066440507,287,285,572
066440508,120,116,236
066440509,114,141,255
066440510,65,79,144
066440511,53,67,120
066440512,84,83,167
066440513,23,33,56
066440601,406,442,848
066440602,283,284,567
066440603,230,230,460
066440604,158,190,348
066440605,124,138,262
066440606,214,195,409
066440607,317,296,613
066440608,448,475,923
066440609,451,410,861
066440610,356,364,720
066440611,161,127,288
066440612,547,517,1064
066440613,466,439,905
066440614,290,299,589
066440615,421,407,828
066440616,154,165,319
066440617,86,84,170
066440618,92,89,181
066440619,127,130,257
066440620,149,157,306
066440621,142,132,274
066440622,251,236,487
066480101,678,676,1354
066480102,599,594,1193
066480103,706,784,1490
066480104,502,600,1102
066480105,548,649,1197
066480106,541,589,1130
066480107,425,487,912
066480108,505,546,1051
066480109,436,480,916
066480110,883,873,1756
066480111,665,689,1354
066480112,754,757,1511
066480113,610,646,1256
066480114,865,928,1793
066480115,526,526,1052
066480116,527,479,1006
066480117,492,501,993
066480118,611,570,1181
066480119,591,598,1189
066480201,822,817,1639
066480202,482,450,932
066480203,255,246,501
066480204,605,608,1213
066480205,603,597,1200
066480206,552,541,1093
066480207,794,774,1568
066480208,713,722,1435
066480209,618,614,1232
066480210,800,762,1562
066480211,433,409,842
066480212,651,648,1299
066480213,645,684,1329
066480301,508,572,1080
066480302,662,681,1343
066480303,139,133,272
066480304,648,648,1296
066480305,458,508,966
066480306,550,542,1092
066480307,481,500,981
066480308,936,925,1861
066480309,790,761,1551
066480310,777,803,1580
066480311,508,510,1018
066480312,627,621,1248
066480313,294,294,588
066480314,195,193,388
066480315,691,650,1341
066480316,250,222,472
066480401,582,588,1170
066480402,497,489,986
066480403,690,645,1335
066480404,690,661,1351
066480405,23,19,42
066480406,481,465,946
066480407,73,59,132
066480408,9,7,16
066480409,54,40,94
066480410,63,55,118
066480411,82,81,163
066480501,474,454,928
066480502,810,822,1632
066480503,525,499,1024
066480504,600,623,1223
066480505,563,534,1097
066480506,965,1015,1980
066480507,944,944,1888
066480508,455,525,980
066480509,725,766,1491
066480510,469,513,982
066480511,718,740,1458
066480512,521,534,1055
066480513,822,892,1714
066480514,464,514,978
066510101,11,9,20
066510102,11,7,18
066510103,41,24,65
066510104,307,352,659
066510105,342,338,680
066510106,232,240,472
066510107,230,273,503
066510108,407,453,860
066510109,268,294,562
066510110,285,341,626
066510111,197,219,416
066510112,13,6,19
066510201,16,19,35
066510301,14,14,28
066510302,14,9,23
066510303,9,6,15
066510304,13,7,20
066510401,18,13,31
066510402,11,5,16
066510403,23,15,38
066510404,15,8,23
066510405,6,7,13
066510406,4,4,8
066510407,19,13,32
066510501,5,2,7
066510502,5,4,9
066510503,12,8,20
066510504,275,309,584
066510505,271,261,532
066510506,388,370,758
066510507,253,285,538
066510508,379,447,826
066510509,362,385,747
066510510,309,363,672
066510511,426,464,890
066510601,10,3,13
066510602,9,7,16
066510603,10,6,16
066510604,15,7,22
066510605,5,3,8
066510606,19,16,35
066510607,18,16,34
066510608,4,1,5
066510609,12,9,21
066510610,12,9,21
066510701,172,187,359
066510702,18,11,29
066510703,11,8,19
066510704,8,9,17
066510705,3,5,8
066510706,10,6,16
066510707,15,9,24
066510708,6,7,13
066510709,4,2,6
066510710,10,3,13
066510711,7,4,11
066510712,10,5,15
066510713,22,10,32
066510714,278,312,590
066510715,320,332,652
066510716,133,124,257
066510801,113,105,218
066510802,152,167,319
066510803,1,1,2
066510804,8,5,13
066510805,4,3,7
066510806,4,2,6
066510807,3,4,7
066510808,16,14,30
066510809,11,7,18
066510810,14,16,30
066510811,4,4,8
066510812,4,2,6
066510813,9,4,13
066510814,6,7,13
066510815,6,6,12
066510816,3,1,4
066510817,15,12,27
066510818,190,218,408
066510901,14,11,25
066510902,24,15,39
066511001,85,67,152
066511002,6,0,6
066511003,14,7,21
066511004,6,5,11
066511005,5,3,8
066511101,13,11,24
066511102,7,2,9
066511103,11,7,18
066511104,11,10,21
066511201,7,5,12
066511202,16,13,29
066511203,18,10,28
066511301,3,5,8
066511302,48,47,95
066511303,19,16,35
066511304,21,18,39
066511305,13,10,23
066511306,22,18,40
066511307,19,15,34
066511308,161,145,306
066511309,165,180,345
066511310,91,110,201
066511311,17,17,34
066511312,13,9,22
066550101,34,25,59
066550102,24,23,47
066550103,56,51,107
066550104,53,35,88
066550105,81,59,140
066550106,26,24,50
066550201,61,41,102
066550202,340,371,711
066550203,281,302,583
066550204,387,428,815
066550205,370,387,757
066550206,275,258,533
066550207,40,33,73
066550208,38,27,65
066550209,111,107,218
066550210,186,206,392
066550211,243,254,497
066550301,51,48,99
066550302,41,38,79
066550303,74,51,125
066550304,55,51,106
066550305,79,81,160
066550306,95,76,171
066550307,141,64,205
066550308,209,188,397
066550309,416,432,848
066550310,395,426,821
066550311,551,621,1172
066550312,224,244,468
066650101,387,399,786
066650102,370,355,725
066650103,19,9,28
066650104,22,15,37
066650105,114,82,196
066650201,29,38,67
066650202,381,439,820
066650203,518,614,1132
066650204,399,472,871
066650205,647,733,1380
066650206,400,415,815
066650207,440,505,945
066650208,475,483,958
066650209,46,36,82
066650301,27,20,47
066650302,504,550,1054
066650303,452,409,861
066650304,30,36,66
066650305,232,242,474
066650306,305,294,599
066650307,233,229,462
066650308,184,179,363
066650309,545,532,1077
066650310,627,655,1282
066650311,63,57,120
066650401,186,216,402
066650402,80,85,165
066650403,35,26,61
066650404,28,18,46
066650501,18,13,31
066650502,40,40,80
066650503,46,41,87
066650601,24,19,43
066650701,52,48,100
066650801,24,15,39
066650901,49,39,88
066651001,467,520,987
066651002,583,577,1160
066651003,22,15,37
066651004,33,21,54
066651005,13,9,22
066651006,14,14,28
066651007,534,520,1054
066651008,684,685,1369
066651101,42,29,71
066651201,0,0,0
066651202,2,0,2
066651301,17,6,23
066651302,0,0,0
066651303,536,559,1095
066651304,493,482,975
066651305,655,668,1323
066651306,711,702,1413
066651307,403,413,816
066651308,471,460,931
066651309,733,734,1467
066651310,453,488,941
066651311,614,626,1240
066651312,809,836,1645
066720101,17,12,29
066720102,33,26,59
066720103,10,9,19
066720104,27,19,46
066720201,22,18,40
066720202,23,23,46
066720301,7,3,10
066720302,27,30,57
066720303,16,10,26
066720401,23,11,34
066720402,24,17,41
066720403,64,54,118
066720404,25,18,43
066720501,18,8,26
066720502,8,6,14
066720503,14,6,20
066720504,13,7,20
066720601,11,9,20
066720602,16,11,27
066720603,6,4,10
066720604,8,6,14
066720701,50,49,99
066720702,39,22,61
066720801,16,19,35
066720802,20,13,33
066720901,30,17,47
066720902,22,8,30
066720903,19,15,34
066721001,27,19,46
066721002,29,19,48
066721101,11,8,19
066721102,18,10,28
066721103,29,18,47
066721104,22,18,40
066721201,747,726,1473
066721202,323,392,715
066721203,456,476,932
066721204,462,539,1001
066721205,416,484,900
066721206,385,459,844
066721207,455,512,967
066721208,487,532,1019
066721209,353,417,770
066721210,1135,1146,2281
066721211,28,31,59
066721212,68,48,116
066721213,22,18,40
066721214,276,303,579
066721215,390,412,802
066721216,449,488,937
066721301,19,17,36
066721302,15,14,29
066721303,26,27,53
066721401,14,6,20
066721402,76,57,133
066721403,104,80,184
066790101,132,117,249
066790102,34,26,60
066790103,26,24,50
066790104,17,11,28
066790105,138,135,273
066790201,25,16,41
066790202,19,12,31
066790301,42,22,64
066790302,248,239,487
066790303,235,230,465
066790304,171,164,335
066790305,171,152,323
066790306,22,18,40
066790401,12,6,18
066790402,29,13,42
066790403,19,14,33
066790404,15,10,25
066790405,6,13,19
066790501,5,5,10
066790502,45,40,85
066790503,18,13,31
066790601,643,618,1261
066790602,465,426,891
066790603,369,380,749
066790604,380,426,806
066790605,597,664,1261
066790606,463,451,914
066790607,468,416,884
066790608,349,304,653
066790609,362,354,716
066790610,409,412,821
066790611,357,357,714
066790612,297,319,616
066790613,318,312,630
066790701,18,13,31
066790702,22,12,34
066790801,30,21,51
066790802,49,39,88
066790901,252,255,507
066790902,52,37,89
066790903,25,24,49
066790904,144,122,266
066790905,243,223,466
066791001,578,556,1134
066791002,15,12,27
066791003,43,28,71
066791101,32,30,62
066791102,68,52,120
066791103,24,22,46
066791201,132,107,239
066791202,23,17,40
066791203,26,20,46
066791204,42,22,64
066791205,7,5,12
066791206,48,28,76
066860101,299,332,631
066860102,678,757,1435
066860103,454,505,959
066860104,438,491,929
066860105,301,370,671
066860106,324,346,670
066860107,288,363,651
066860108,274,332,606
066860109,263,328,591
066860110,483,521,1004
066860201,348,370,718
066860202,191,198,389
066860203,46,44,90
066860204,3,2,5
066860205,4,1,5
066860206,7,3,10
066860207,2,3,5
066860208,5,4,9
066860209,19,13,32
066860210,1,1,2
066860301,26,19,45
066860302,42,20,62
066860303,21,22,43
066860304,33,35,68
066860401,4,3,7
066860402,17,15,32
066860403,6,4,10
066860501,18,18,36
066860502,14,18,32
066860601,293,303,596
066860602,87,77,164
066860603,45,40,85
066860604,37,31,68
066860605,26,17,43
066860606,19,18,37
066860607,12,9,21
066860608,254,264,518
066860609,330,294,624
066860701,33,25,58
066860702,57,11,68
066860703,20,16,36
066860704,2,3,5
066860705,11,12,23
066860706,19,10,29
066860707,26,23,49
066860801,15,11,26
066860802,10,6,16
066860803,14,14,28
066860804,11,9,20
066860805,50,45,95
066860901,10,9,19
066860902,9,6,15
066860903,17,18,35
066861001,7,6,13
066861002,65,53,118
066861003,21,26,47
066861101,440,461,901
066861102,14,8,22
066861103,16,14,30
066861201,14,6,20
066861202,6,3,9
066861203,38,14,52
066861204,11,8,19
066861301,228,234,462
066861302,394,337,731
066861303,282,291,573
066861304,463,492,955
066861305,534,501,1035
066861306,288,309,597
066861307,349,364,713
066861308,251,246,497
066861309,383,450,833
066861310,361,412,773
066861311,297,358,655
066861312,305,364,669
066861313,320,393,713
066861314,279,291,570
066930101,79,63,142
066930102,30,28,58
066930201,49,36,85
066930202,58,52,110
066930203,23,24,47
066930301,90,69,159
066930302,53,42,95
066930303,90,81,171
066930304,86,61,147
066930305,234,209,443
066930306,267,231,498
066930307,555,574,1129
066930308,254,335,589
066930309,216,238,454
066930310,226,258,484
066930311,628,642,1270
066930312,280,331,611
066930313,330,380,710
066930314,302,312,614
066930315,6,4,10
066930316,566,560,1126
066930317,308,311,619
066930318,363,358,721
066930319,537,553,1090
066930401,97,87,184
066930402,70,47,117
066930501,24,18,42
066930502,36,39,75
066930601,22,23,45
066930602,28,29,57
066930603,23,26,49
066930604,29,30,59
066930701,31,21,52
066930702,27,25,52
066930703,126,125,251
066930704,77,71,148
067000101,149,143,292
067000102,257,242,499
067000103,11,7,18
067000104,9,9,18
067000105,13,7,20
067000106,11,7,18
067000107,16,16,32
067000108,9,2,11
067000109,3,1,4
067000110,237,256,493
067000201,18,10,28
067000202,19,12,31
067000203,7,5,12
067000204,225,149,374
067000205,286,272,558
067000206,330,315,645
067000207,186,193,379
067000208,199,257,456
067000209,416,512,928
067000210,237,263,500
067000211,334,366,700
067000212,320,352,672
067000213,344,400,744
067000214,409,416,825
067000215,485,519,1004
067000216,471,473,944
067000301,7,3,10
067000302,11,8,19
067000303,6,4,10
067000401,32,10,42
067000402,21,10,31
067000501,86,96,182
067000502,10,8,18
067000503,13,8,21
067000504,8,11,19
067000505,25,19,44
067000601,5,2,7
067000602,701,17,718
067000603,195,206,401
067000604,312,337,649
067000605,338,331,669
067000606,246,311,557
067000701,253,263,516
067000702,11,9,20
067000703,17,11,28
067000704,13,6,19
067000705,22,22,44
067000706,12,8,20
067000707,19,12,31
067000801,12,4,16
067000802,7,7,14
067000803,5,3,8
067000804,11,8,19
067000805,7,0,7
067000806,4,3,7
067000807,11,4,15
067000808,0,0,0
067000809,7,4,11
067000901,8,6,14
067000902,7,2,9
067000903,5,4,9
067000904,12,7,19
067001001,6,3,9
067001002,16,10,26
067001003,67,53,120
067001004,4,5,9
067001101,20,18,38
067001102,9,4,13
067001201,13,4,17
067001202,18,19,37
067001203,12,10,22
067001204,315,340,655
067001205,291,286,577
067001206,188,184,372
067001207,354,416,770
067001208,2,0,2
067001209,241,266,507
067001210,308,371,679
067001211,490,521,1011
067001212,442,488,930
067001213,258,269,527
067070101,569,555,1124
067070102,719,842,1561
067070103,321,343,664
067070104,366,360,726
067070105,471,545,1016
067070106,525,576,1101
067070107,319,397,716
067070108,264,328,592
067070109,349,408,757
067070110,287,341,628
067070111,213,213,426
067070112,408,355,763
067070113,454,441,895
067070114,200,228,428
067070115,359,370,729
067070116,306,322,628
067070117,469,479,948
067070201,30,15,45
067070202,61,36,97
067070301,136,104,240
067070401,261,234,495
067070402,176,137,313
067070403,425,436,861
067070404,89,62,151
067070405,511,502,1013
067070501,107,102,209
067070502,54,41,95
067070503,45,50,95
067070504,71,61,132
067070601,14,8,22
067070602,62,49,111
067070603,196,197,393
067070604,192,223,415
067070605,231,231,462
067070606,82,79,161
067070607,193,199,392
067070608,47,43,90
067070701,3,4,7
067070702,83,60,143
067070801,104,109,213
067070802,84,66,150
067070803,69,47,116
067070901,90,79,169
067070902,104,90,194
067070903,47,34,81
067071001,39,31,70
067071002,64,31,95
067071101,531,593,1124
067071102,562,549,1111
067071103,383,393,776
067071104,580,626,1206
067071105,377,417,794
067071106,334,420,754
067071107,320,420,740
067071108,368,464,832
067071109,260,300,560
067071110,510,548,1058
067071111,321,348,669
067071112,331,329,660
067071113,537,550,1087
067140101,581,637,1218
067140102,465,549,1014
067140103,410,441,851
067140104,362,440,802
067140105,442,532,974
067140106,398,408,806
067140107,471,518,989
067140108,378,458,836
067140109,302,391,693
067140110,536,595,1131
067140111,294,328,622
067140112,370,452,822
067140113,306,331,637
067140114,548,558,1106
067140115,291,319,610
067140201,12,14,26
067140202,23,20,43
067140203,19,18,37
067140204,10,10,20
067140205,12,9,21
067140206,13,10,23
067140207,25,11,36
067140301,848,870,1718
067140302,13,12,25
067140303,4,3,7
067140304,13,7,20
067140305,12,9,21
067140306,3,5,8
067140401,21,16,37
067140402,23,23,46
067140403,28,25,53
067140404,15,6,21
067140501,339,309,648
067140502,21,17,38
067140503,34,27,61
067140504,127,111,238
067140505,42,29,71
067140601,594,648,1242
067140602,560,587,1147
067140603,193,199,392
067140604,531,479,1010
067140605,495,473,968
067140606,306,352,658
067140607,380,398,778
067140608,467,463,930
067140609,463,463,926
067140610,270,299,569
067140611,434,473,907
067140612,444,467,911
067140613,786,789,1575
067140614,18,11,29
067140615,231,229,460
067140616,394,393,787
067140617,542,524,1066
067140701,12,5,17
067140702,119,81,200
067140703,19,12,31
067140801,186,192,378
067140802,6,5,11
067140803,12,6,18
067140804,66,52,118
067140805,33,16,49
067140806,114,81,195
067140807,18,14,32
067140808,19,9,28
067140809,261,272,533
067140901,93,98,191
067140902,20,20,40
067140903,17,8,25
067140904,30,26,56
067140905,6,6,12
067140906,19,16,35
067210101,317,336,653
067210102,37,25,62
067210103,22,19,41
067210104,49,37,86
067210201,299,304,603
067210202,109,130,239
067210203,221,275,496
067210204,514,539,1053
067210205,500,522,1022
067210206,347,402,749
067210207,397,432,829
067210208,10,9,19
067210209,27,22,49
067210210,8,3,11
067210211,18,21,39
067210212,19,12,31
067210213,22,14,36
067210214,372,394,766
067210215,357,343,700
067210216,263,273,536
067210217,309,315,624
067280101,493,508,1001
067280102,96,78,174
067280201,156,156,312
067280202,119,107,226
067280203,41,32,73
067280204,26,14,40
067280301,20,22,42
067280302,19,17,36
067280303,47,34,81
067280304,17,10,27
067280401,25,33,58
067280402,7,8,15
067280403,5,2,7
067280501,30,22,52
067280502,14,10,24
067280503,17,17,34
067280601,10,12,22
067280602,27,26,53
067280603,4,4,8
067280701,21,19,40
067280702,30,24,54
067280703,55,57,112
067280801,62,52,114
067280802,37,31,68
067280803,27,21,48
067280901,202,148,350
067280902,164,131,295
067280903,209,185,394
067280904,446,437,883
067281001,395,407,802
067281002,237,254,491
067281003,416,441,857
067281004,238,242,480
067281005,202,229,431
067281006,192,212,404
067281007,228,256,484
067281008,261,278,539
067281009,268,277,545
067281010,406,459,865
067281011,343,384,727
067281012,205,213,418
067281013,312,326,638
067281014,215,264,479
067281015,243,260,503
067281016,248,312,560
067281017,246,265,511
067281018,377,438,815
067281019,466,491,957
067281020,421,452,873
067281021,411,452,863
067281022,534,490,1024
067281023,118,95,213
067281024,505,476,981
067281025,96,86,182
067281026,19,18,37
067281101,8,6,14
067281102,76,43,119
067281103,47,25,72
067281201,37,23,60
067281202,34,22,56
067281301,232,245,477
067281302,45,38,83
067281303,32,25,57
067281401,83,74,157
067281402,297,272,569
067281403,78,46,124
067281404,52,35,87
067281405,61,76,137
067281406,95,76,171
067281407,35,26,61
067281408,47,44,91
067281501,101,64,165
067281502,34,28,62
067281503,36,21,57
067281601,16,7,23
067281602,11,10,21
067281603,24,18,42
067350101,268,231,499
067350102,253,251,504
067350103,405,409,814
067350104,286,362,648
067350105,493,606,1099
067350106,537,543,1080
067350107,403,532,935
067350108,268,361,629
067350109,600,661,1261
067350110,552,632,1184
067350201,288,285,573
067350202,37,33,70
067350203,7,7,14
067350204,82,56,138
067350205,78,44,122
067350206,50,41,91
067350207,29,34,63
067350208,23,12,35
067350301,276,253,529
067350302,44,41,85
067350303,26,18,44
067350304,24,23,47
067350305,50,37,87
067350306,85,57,142
067350307,48,35,83
067350308,325,328,653
067350401,20,29,49
067350402,98,76,174
067350403,66,55,121
067350404,219,200,419
067350501,20,14,34
067350502,7,4,11
067350503,24,16,40
067350504,3,1,4
067350601,20,14,34
067350602,14,4,18
067350603,3,1,4
067350701,368,369,737
067350702,668,638,1306
067350703,691,735,1426
067350704,235,252,487
067350705,563,588,1151
067350706,755,729,1484
067350707,586,580,1166
067350708,469,553,1022
067350709,474,522,996
067350710,513,513,1026
067420101,28,26,54
067420201,83,52,135
067420301,40,37,77
067420401,446,450,896
067420402,411,451,862
067420403,304,326,630
067420404,317,361,678
067420405,298,349,647
067420406,252,273,525
067420407,432,444,876
067420408,251,287,538
067420409,61,53,114
067420410,163,145,308
067420411,2,0,2
067420412,4,4,8
067420413,380,377,757
067420414,296,296,592
067420501,38,40,78
067420601,14,6,20
067420701,24,27,51
067420702,80,53,133
067420801,48,40,88
067420901,71,37,108
067421001,27,19,46
067421002,99,77,176
067630101,494,567,1061
067630102,408,459,867
067630103,579,596,1175
067630104,492,543,1035
067630105,473,492,965
067630106,291,325,616
067630107,221,283,504
067630108,380,485,865
067630109,504,540,1044
067630110,386,483,869
067630111,462,513,975
067630112,280,333,613
067630113,409,444,853
067630114,368,417,785
067630115,559,624,1183
067630201,131,166,297
067630202,121,117,238
067630203,313,365,678
067630204,474,515,989
067630205,628,701,1329
067630206,444,514,958
067630207,366,419,785
067630208,243,285,528
067630209,396,468,864
067630210,394,493,887
067630211,412,498,910
067630212,142,196,338
067630213,96,117,213
067630301,378,475,853
067630302,463,500,963
067630303,227,299,526
067630304,316,424,740
067630305,283,386,669
067630306,333,422,755
067630307,481,541,1022
067630308,433,472,905
067630309,539,626,1165
067630310,321,363,684
067630311,346,413,759
067630401,502,497,999
067630402,509,581,1090
067630403,456,490,946
067630404,325,343,668
067630405,451,507,958
067630406,407,463,870
067630407,319,326,645
067630408,487,553,1040
067630409,424,492,916
067630410,302,328,630
067630501,361,367,728
067630502,564,544,1108
067630503,377,393,770
067630504,683,265,948
067630505,383,381,764
067630506,607,632,1239
067630507,531,539,1070
067630508,405,404,809
067630509,471,480,951
067630510,433,443,876
067630511,703,694,1397
067630512,221,228,449
067630513,600,616,1216
067630514,725,719,1444
067630515,397,416,813
067630516,299,366,665
067630517,488,472,960
067630518,538,590,1128
067630601,849,823,1672
067630602,471,496,967
067630603,706,694,1400
067630604,646,679,1325
067630605,536,523,1059
067630606,688,685,1373
067630607,760,710,1470
067630608,830,771,1601
067630609,591,593,1184
067630610,542,541,1083
067630611,529,503,1032
067630612,483,468,951
067630613,520,572,1092
067630614,628,644,1272
067630615,768,756,1524
067630701,44,32,76
067630702,522,491,1013
067630703,709,754,1463
067630704,508,550,1058
067630705,479,523,1002
067630706,773,789,1562
067630707,535,568,1103
067630708,421,441,862
067630709,373,376,749
067630710,812,922,1734
067630711,1035,1025,2060
067630712,291,311,602
067630801,415,374,789
067630802,570,542,1112
067630803,356,407,763
067630804,717,752,1469
067630805,556,558,1114
067630806,518,568,1086
067630807,485,489,974
067630808,666,645,1311
067630809,715,706,1421
067630810,457,483,940
067630811,454,462,916
067630812,290,277,567
067630813,527,534,1061
067630901,348,400,748
067630902,396,336,732
067630903,199,187,386
067630904,163,135,298
067631001,26,22,48
067631002,6,5,11
067631101,598,605,1203
067631102,622,639,1261
067631103,21,26,47
067631201,214,220,434
067631202,27,23,50
067631203,33,24,57
067631301,7,5,12
067631302,27,23,50
067631401,404,457,861
067631402,17,11,28
067631403,29,21,50
067631501,36,18,54
067631601,252,285,537
067631602,319,349,668
067631603,32,22,54
067631701,555,608,1163
067631702,350,415,765
067631703,428,452,880
067631704,550,585,1135
067631705,416,490,906
067631706,479,514,993
067631707,758,798,1556
067631708,387,399,786
067631709,427,455,882
067631801,561,634,1195
067631802,499,501,1000
067631803,618,618,1236
067631804,403,389,792
067631805,377,358,735
067631806,345,332,677
067631807,326,324,650
067631808,312,328,640
067631809,300,303,603
067631810,500,547,1047
067631811,426,435,861
067631812,278,251,529
067631813,17,17,34
067631814,522,510,1032
067631815,326,309,635
067631816,395,387,782
067631901,26,16,42
067631902,15,12,27
067631903,136,110,246
067631904,35,39,74
067631905,545,608,1153
067631906,242,291,533
067631907,32,27,59
067631908,94,82,176
067631909,411,435,846
067631910,341,419,760
067631911,267,286,553
067632001,169,197,366
067632002,153,140,293
067632003,410,403,813
067632004,75,64,139
067632005,128,147,275
067632006,577,611,1188
067632007,226,257,483
067632008,639,664,1303
067632009,438,484,922
067632010,355,383,738
067632011,317,323,640
067632012,396,400,796
067632013,470,469,939
067632101,14,2,16
067700101,209,193,402
067700102,370,359,729
067700103,850,887,1737
067700104,687,693,1380
067700105,715,707,1422
067700106,538,600,1138
067700107,498,599,1097
067700108,362,436,798
067700109,328,382,710
067700110,354,405,759
067700111,542,542,1084
067700201,15,10,25
067700202,88,75,163
067700203,56,53,109
067700204,31,29,60
067700205,583,566,1149
067700206,266,271,537
067700207,487,434,921
067700208,35,23,58
067700301,28,33,61
067700302,6,7,13
067700303,14,5,19
067700304,11,8,19
067700305,6,3,9
067700401,17,12,29
067700402,10,15,25
067700403,12,8,20
067700404,9,4,13
067700501,2,2,4
067700502,1,0,1
067700503,3,3,6
067700504,7,4,11
067700601,5,3,8
067700602,17,13,30
067700701,11,17,28
067700702,3,1,4
067700703,1,1,2
067700704,10,4,14
067700705,16,8,24
067700801,48,37,85
067700802,6,4,10
067700803,15,17,32
067700804,10,8,18
067700805,4,3,7
067700901,317,327,644
067700902,39,30,69
067700903,51,45,96
067700904,2,2,4
067700905,7,4,11
067700906,81,69,150
067700907,24,15,39
067700908,77,48,125
067701001,474,448,922
067701002,486,451,937
067701003,441,474,915
067701004,382,377,759
067701005,532,574,1106
067701006,581,598,1179
067701007,637,617,1254
067701008,574,626,1200
067701009,508,540,1048
067701010,441,449,890
067701011,245,265,510
067701012,172,168,340
067701013,990,901,1891
067701014,68,51,119
067701101,62,46,108
067701102,21,24,45
067701103,81,69,150
067701104,20,20,40
067701105,55,44,99
067701201,791,795,1586
067701202,69,62,131
067701203,249,244,493
067701204,18,14,32
067701205,27,19,46
067701206,16,12,28
067701301,23,13,36
067701302,27,18,45
067701303,29,27,56
067701304,43,31,74
067701305,15,19,34
067701306,16,16,32
067701307,19,13,32
067701401,12,6,18
067701402,22,20,42
067701403,8,5,13
067701501,6,7,13
067701502,8,6,14
067701503,10,8,18
067701504,11,6,17
067701505,13,19,32
067701601,495,508,1003
067701602,323,339,662
067701603,339,356,695
067701604,14,6,20
067701605,56,37,93
067701606,13,7,20
067701607,18,14,32
067701701,10,8,18
067701702,9,13,22
067701703,9,6,15
067701704,11,8,19
067701705,26,16,42
067701801,271,257,528
067701802,10,11,21
067701803,14,12,26
067701804,13,21,34
067701805,29,32,61
067701806,15,11,26
067701901,4,1,5
067701902,5,2,7
067701903,14,9,23
067701904,7,4,11
067702001,21,10,31
067702002,5,2,7
067702101,313,382,695
067702102,374,455,829
067702103,308,341,649
067702104,280,402,682
067702105,374,433,807
067702106,337,417,754
067702107,536,592,1128
067702108,325,336,661
067702109,287,366,653
067702110,303,389,692
067702201,567,525,1092
067702202,658,645,1303
067702203,770,805,1575
067702204,1114,1126,2240
067702205,604,636,1240
067702206,647,681,1328
067702207,450,432,882
067702208,375,387,762
067702209,328,354,682
067702210,402,453,855
067702211,390,454,844
067702212,552,630,1182
067702213,273,273,546
067702214,634,611,1245
067702301,48,29,77
067780101,432,485,917
067780102,313,361,674
067780103,360,387,747
067780104,403,425,828
067780105,572,649,1221
067780106,625,625,1250
067780107,390,410,800
067780108,452,462,914
067780109,389,345,734
067780110,66,47,113
067780111,88,77,165
067780201,395,365,760
067780202,294,292,586
067780203,304,285,589
067780204,548,506,1054
067780205,672,705,1377
067780206,402,426,828
067780207,768,742,1510
067780208,318,349,667
067780209,576,664,1240
067780210,386,469,855
067780211,316,363,679
067780212,361,372,733
067780213,327,332,659
067780214,458,472,930
067780215,588,625,1213
067780216,334,314,648
067780217,308,303,611
067780218,404,422,826
067780301,100,65,165
067780401,26,21,47
067780402,54,63,117
067780403,91,99,190
067780404,254,275,529
067780405,299,298,597
067780406,170,172,342
067780407,469,531,1000
067780501,342,390,732
067780502,125,110,235
067780503,24,21,45
067780504,47,32,79
067780505,39,26,65
067780506,621,609,1230
067780507,473,476,949
067780601,12,3,15
067780602,303,330,633
067780603,251,228,479
067780604,632,672,1304
067780701,23,16,39
067780702,32,24,56
067780703,20,14,34
067780704,18,20,38
067780801,25,30,55
067780802,3,4,7
067780803,22,27,49
067780901,17,15,32
067780902,216,211,427
067780903,480,496,976
067780904,240,231,471
067780905,719,710,1429
067780906,618,618,1236
067780907,288,292,580
067780908,215,202,417
067780909,390,427,817
067780910,354,379,733
067780911,463,533,996
067780912,409,465,874
067780913,442,455,897
067781001,741,741,1482
067781002,475,504,979
067781003,548,493,1041
067781004,540,574,1114
067781005,527,538,1065
067781006,297,306,603
067781007,589,591,1180
067781008,727,743,1470
067781009,713,764,1477
067781010,282,300,582
067781011,383,442,825
067781012,469,511,980
067781013,794,783,1577
067781014,589,575,1164
067781015,439,456,895
067840101,8,11,19
067840102,15,13,28
067840201,10,7,17
067840202,257,264,521
067840203,28,21,49
067840204,9,6,15
067840301,8,8,16
067840302,23,19,42
067840303,11,13,24
067840401,8,6,14
067840402,23,15,38
067840403,11,5,16
067840404,11,8,19
067840501,20,13,33
067840502,17,11,28
067840503,15,14,29
067840601,14,13,27
067840701,17,19,36
067840702,18,12,30
067840703,15,14,29
067840704,19,24,43
067840801,31,33,64
067840802,145,150,295
067840803,462,454,916
067840804,590,607,1197
067840805,397,406,803
067840806,332,377,709
067840807,368,437,805
067840808,531,560,1091
067840809,410,422,832
067840810,306,352,658
067840811,548,549,1097
067840812,28,21,49
067840813,47,38,85
067840901,12,6,18
067840902,6,9,15
067841001,20,15,35
067841002,5,3,8
067841003,16,15,31
067841004,11,7,18
067841101,15,10,25
067841102,12,8,20
067841103,20,19,39
067841104,5,6,11
067841201,18,16,34
067841202,16,12,28
067841203,49,43,92
067841204,18,15,33
067910101,506,589,1095
067910102,209,251,460
067910103,261,315,576
067910104,173,227,400
067910105,189,235,424
067910106,300,397,697
067910107,389,469,858
067910108,196,262,458
067910109,216,253,469
067910110,309,380,689
067910111,227,272,499
067910201,214,241,455
067910202,400,417,817
067910203,356,417,773
067910204,366,364,730
067910205,317,346,663
067910206,401,439,840
067910207,350,396,746
067910208,360,441,801
067910209,279,331,610
067910210,405,566,971
067910211,434,490,924
067910212,317,417,734
067910213,358,453,811
067910214,389,439,828
067910215,359,402,761
067910216,272,335,607
067910217,334,355,689
067910218,563,621,1184
067910301,409,478,887
067910302,275,290,565
067910303,344,369,713
067910304,512,587,1099
067910305,172,188,360
067910306,222,271,493
067910307,491,568,1059
067910308,304,380,684
067910309,513,524,1037
067910310,575,604,1179
067910401,274,315,589
067910402,252,299,551
067910403,216,283,499
067910404,267,294,561
067910405,159,180,339
067910406,221,282,503
067910407,200,249,449
067910408,223,302,525
067910409,238,287,525
067910410,202,279,481
067910411,260,269,529
067910412,211,216,427
067910501,63,37,100
067910502,45,27,72
067910503,10,1,11
067910601,114,86,200
067910602,69,36,105
067910603,37,22,59
067910701,102,63,165
067910702,67,41,108
067910801,22,13,35
067910802,64,54,118
067910803,46,22,68
067910901,63,44,107
067910902,79,47,126
067910903,61,60,121
067910904,59,38,97
067910905,55,42,97
067910906,75,67,142
067911001,53,49,102
067911002,137,113,250
067911003,139,143,282
067911004,57,45,102
067911005,62,56,118
067911006,459,460,919
067911007,213,234,447
067911008,224,240,464
067911009,55,36,91
067911101,35,30,65
067911102,51,39,90
067911103,34,31,65
067911104,96,86,182
067911105,60,46,106
067911201,455,427,882
067911202,613,592,1205
067911203,742,729,1471
067911204,430,446,876
067911205,330,369,699
067911206,580,650,1230
067911207,489,557,1046
067911208,560,604,1164
067911209,459,538,997
067911210,400,501,901
067911211,302,329,631
067911212,298,340,638
067911213,549,604,1153
067911301,887,858,1745
067911302,491,484,975
067911303,395,438,833
067911304,510,527,1037
067911305,811,807,1618
067911306,806,820,1626
067911307,400,431,831
067911308,389,450,839
067911309,382,375,757
067911310,462,478,940
067911311,470,499,969
067911312,415,439,854
067911313,467,471,938
067911314,411,463,874
067911401,41,37,78
067911402,70,36,106
067911403,105,81,186
067911404,78,48,126
067911405,101,64,165
067911406,57,61,118
067911501,143,132,275
067911502,195,121,316
067911503,66,40,106
067911504,79,57,136
067911505,30,27,57
067911506,20,22,42
067911601,45,34,79
067911602,56,39,95
067911701,90,34,124
067911702,52,37,89
067911801,246,276,522
067911802,252,291,543
067911803,217,224,441
067911804,308,345,653
067911805,246,298,544
067911806,278,286,564
067911807,369,412,781
067911808,359,410,769
067911809,358,408,766
067911811,333,363,696
067911812,353,352,705
067911813,432,462,894
067911814,456,518,974
067911901,246,299,545
067911902,277,326,603
067911903,300,403,703
067911904,333,390,723
067911905,471,534,1005
067911906,301,340,641
067911907,231,256,487
067911908,185,284,469
067911909,144,185,329
067911910,220,240,460
067911911,264,345,609
067912001,421,481,902
067912002,454,534,988
067912003,845,818,1663
067912004,569,598,1167
067912005,424,513,937
067912006,470,486,956
067912007,449,469,918
067912008,279,274,553
067912009,478,505,983
067912101,379,368,747
067912102,646,570,1216
067912103,506,472,978
067912104,405,428,833
067912105,693,674,1367
067912106,582,633,1215
067912107,334,382,716
067912108,320,295,615
067912109,670,720,1390
067912110,769,800,1569
067912111,537,522,1059
067912112,581,573,1154
067912113,275,285,560
067912114,206,180,386
067912115,205,196,401
067912116,345,355,700
067912201,220,196,416
067912202,282,224,506
067912203,391,406,797
067912204,309,316,625
067912205,461,454,915
067912206,603,615,1218
067912207,746,759,1505
067912208,608,609,1217
067912209,390,434,824
067912210,470,524,994
067912211,365,359,724
067912212,358,391,749
067912213,352,369,721
067912214,320,351,671
067912215,352,385,737
067912216,561,547,1108
067912217,295,309,604
067912218,374,303,677
067980101,27,22,49
067980102,38,21,59
067980103,25,18,43
067980201,47,27,74
067980202,13,3,16
067980203,43,37,80
067980301,28,12,40
067980302,33,16,49
067980401,13,11,24
067980402,25,19,44
067980501,75,83,158
067980502,47,42,89
067980503,9,7,16
067980504,14,12,26
067980505,17,18,35
067980506,19,16,35
067980507,24,12,36
067980601,106,72,178
067980701,289,319,608
067980702,530,581,1111
067980703,380,433,813
067980704,299,304,603
067980705,256,311,567
067980706,53,47,100
067980707,294,318,612
067980708,693,735,1428
067980709,257,254,511
067980710,262,291,553
067980711,333,383,716
067980801,20,10,30
067980901,38,19,57
067980902,17,11,28
067980903,19,13,32
067980904,23,17,40
067980905,15,10,25
067981001,30,27,57
067981002,37,33,70
067981003,21,25,46
067981004,30,24,54
067981005,25,21,46
067981006,12,8,20
068120101,38,35,73
068120102,35,33,68
068120201,15,10,25
068120202,19,12,31
068120301,30,26,56
068120302,11,8,19
068120303,3,3,6
068120401,58,51,109
068120402,21,16,37
068120403,12,8,20
068120501,17,16,33
068120502,297,283,580
068120503,353,327,680
068120504,5,4,9
068120601,7,2,9
068120602,7,2,9
068190101,101,104,205
068190102,46,32,78
068190103,42,28,70
068190104,97,67,164
068190201,95,75,170
068190202,47,38,85
068190301,27,13,40
068190302,50,28,78
068190401,438,468,906
068190402,629,663,1292
068190403,305,396,701
068190404,416,502,918
068190405,429,437,866
068190406,460,483,943
068190407,435,412,847
068190408,100,77,177
068190409,102,84,186
068190501,27,25,52
068190502,56,51,107
068190503,32,32,64
068190504,138,126,264
068190505,174,171,345
068190601,42,40,82
068190602,64,47,111
068190603,38,25,63
068190701,31,19,50
068190801,37,28,65
068190802,60,36,96
068190901,82,86,168
068190902,107,89,196
068190903,227,233,460
068190904,205,217,422
068190905,212,209,421
068190906,139,143,282
068190907,102,114,216
068190908,32,18,50
068190909,73,59,132
068190910,201,234,435
068190911,215,217,432
068190912,241,243,484
068260101,1052,1120,2172
068260102,459,492,951
068260103,559,569,1128
068260104,243,257,500
068260105,258,260,518
068260106,281,338,619
068260107,386,490,876
068260108,484,501,985
068260109,179,222,401
068260110,116,159,275
068260111,246,255,501
068260112,264,280,544
068260113,370,359,729
068260114,249,271,520
068260115,269,339,608
068260116,219,241,460
068260117,236,264,500
068260118,430,400,830
068260119,325,312,637
068260120,352,406,758
068260201,351,386,737
068260202,647,644,1291
068260203,450,467,917
068260204,312,314,626
068260205,194,212,406
068260206,179,212,391
068260207,166,199,365
068260208,163,180,343
068260209,336,429,765
068260210,199,223,422
068260211,215,219,434
068260212,273,369,642
068260213,101,118,219
068260214,131,144,275
068260301,23,11,34
068260302,7,2,9
068260303,25,16,41
068260401,33,14,47
068260402,46,55,101
068260403,346,428,774
068260501,141,133,274
068260502,20,14,34
068260503,12,9,21
068260601,52,28,80
068260602,37,21,58
068260701,645,686,1331
068260702,265,286,551
068260703,85,76,161
068260704,282,318,600
068260705,38,34,72
068260706,602,613,1215
068260707,31,24,55
068260708,72,82,154
068260709,99,77,176
068260801,109,83,192
068260802,19,30,49
068260901,32,36,68
068260902,51,33,84
068261001,83,76,159
068261002,47,31,78
068261101,143,44,187
068261102,41,28,69
068261201,39,27,66
068261301,57,22,79
068261302,45,42,87
068261303,84,71,155
068261401,36,24,60
068261402,22,7,29
068261501,79,53,132
068261502,36,33,69
068261601,95,55,150
068261602,78,57,135
068261603,57,39,96
068261604,134,153,287
068261605,229,216,445
068261606,389,391,780
068261607,241,265,506
068261608,605,613,1218
068261609,192,220,412
068261610,270,290,560
068261611,290,279,569
068261701,39,23,62
068261702,34,14,48
068261703,26,23,49
068261704,9,7,16
068261801,89,72,161
068261802,41,26,67
068261803,54,33,87
068261804,80,67,147
068261805,33,35,68
068261901,310,383,693
068261902,366,428,794
068261903,255,284,539
068261904,273,289,562
068261905,228,253,481
068261906,367,401,768
068261907,317,321,638
068261908,373,367,740
068261909,502,535,1037
068261910,341,343,684
068261911,259,267,526
068330101,251,297,548
068330102,392,426,818
068330103,266,363,629
068330104,452,496,948
068330105,282,310,592
068330106,402,488,890
068330107,394,491,885
068330108,398,514,912
068330109,371,442,813
068330110,455,490,945
068330111,348,438,786
068330112,553,607,1160
068330113,611,631,1242
068330114,444,533,977
068330115,107,110,217
068330116,248,268,516
068330201,339,382,721
068330202,478,547,1025
068330203,386,436,822
068330204,323,422,745
068330205,255,341,596
068330206,201,272,473
068330207,337,416,753
068330208,316,392,708
068330209,297,407,704
068330210,327,442,769
068330211,367,456,823
068330212,474,518,992
068330213,452,500,952
068330301,1,1,2
068330302,9,6,15
068330303,6,4,10
068330304,7,6,13
068330305,10,7,17
068330401,35,33,68
068330402,26,21,47
068330403,26,23,49
068330501,10,11,21
068330502,12,11,23
068330503,9,7,16
068330601,14,4,18
068330602,3,3,6
068330603,15,8,23
068330604,10,10,20
068330701,9,8,17
068330702,12,11,23
068330703,36,29,65
068330704,24,24,48
068330705,38,25,63
068330706,35,19,54
068330801,31,32,63
068330802,44,32,76
068330803,13,8,21
068330901,20,14,34
068330902,22,10,32
068330903,37,30,67
068331001,131,120,251
068331002,416,412,828
068331003,16,14,30
068331004,568,617,1185
068331005,612,603,1215
068331006,535,602,1137
068331007,582,587,1169
068331008,958,904,1862
068331009,545,566,1111
068331010,308,337,645
068331011,511,493,1004
068331012,866,883,1749
068331013,81,58,139
068331101,291,276,567
068331102,3,4,7
068331103,9,7,16
068331104,7,7,14
068331105,4,0,4
068331201,15,13,28
068331202,16,18,34
068331203,7,7,14
068331301,10,5,15
068331302,147,133,280
068331303,57,41,98
068331304,80,76,156
068331401,298,299,597
068331402,56,48,104
068331403,5,3,8
068331404,8,6,14
068331405,48,55,103
068331406,0,0,0
068331407,9,5,14
068331408,178,179,357
068331501,103,95,198
068331502,29,18,47
068331503,21,10,31
068331504,20,17,37
068331505,14,12,26
068331506,168,157,325
068331601,23,15,38
068331602,11,8,19
068331603,9,5,14
068331604,2,1,3
068331605,45,19,64
068331701,212,238,450
068331702,315,309,624
068331703,246,245,491
068331704,39,38,77
068331705,125,99,224
068331706,15,7,22
068331707,18,22,40
068331708,20,17,37
068331709,257,241,498
068331801,126,109,235
068331802,231,225,456
068331803,133,133,266
068331804,72,79,151
068331805,118,95,213
068331806,52,60,112
068331807,99,92,191
068331808,36,33,69
068331809,207,189,396
068331810,16,7,23
068331811,67,77,144
068331901,482,474,956
068331902,126,120,246
068331903,555,583,1138
068331904,371,401,772
068331905,665,679,1344
068331906,580,530,1110
068331907,545,465,1010
068331908,451,474,925
068331909,511,499,1010
068331910,415,414,829
068331911,498,533,1031
068331912,361,357,718
068331913,589,642,1231
068331914,220,248,468
068331915,85,89,174
068470101,215,222,437
068470102,483,511,994
068470103,503,516,1019
068470104,538,645,1183
068470105,322,353,675
068470106,21,18,39
068470107,82,44,126
068470108,5,3,8
068470109,18,11,29
068470110,39,25,64
068470111,512,523,1035
068470112,309,282,591
068470113,293,313,606
068470114,460,494,954
068470115,291,276,567
068470201,77,73,150
068470202,8,11,19
068470203,50,42,92
068470204,51,38,89
068470205,14,9,23
068540101,274,266,540
068540102,310,401,711
068540103,375,462,837
068540104,308,376,684
068540105,385,461,846
068540106,298,398,696
068540107,278,365,643
068540108,334,411,745
068540109,571,590,1161
068540110,485,539,1024
068540111,1031,1069,2100
068540112,363,441,804
068540113,631,663,1294
068540114,333,364,697
068540115,253,267,520
068540201,691,682,1373
068540202,763,816,1579
068540203,438,477,915
068540204,296,397,693
068540205,268,369,637
068540206,321,416,737
068540207,467,513,980
068540208,300,402,702
068540209,656,667,1323
068540210,311,303,614
068540211,367,376,743
068540301,129,136,265
068540302,40,26,66
068540303,37,39,76
068540401,267,268,535
068540402,146,128,274
068540403,121,103,224
068540501,55,44,99
068540502,91,58,149
068540503,31,23,54
068540601,87,91,178
068540602,208,185,393
068540701,48,40,88
068540702,53,46,99
068540801,166,159,325
068540802,112,110,222
068540803,46,25,71
068540901,73,71,144
068541001,267,267,534
068541002,314,325,639
068541003,327,423,750
068541004,445,456,901
068541005,320,351,671
068541006,503,526,1029
068541007,148,146,294
068541008,146,153,299
068541009,73,72,145
068541010,83,68,151
068541011,72,57,129
068541012,66,53,119
068541013,129,98,227
068541014,250,244,494
068541015,165,180,345
068541101,56,39,95
068541102,41,29,70
068541103,39,33,72
068541201,95,72,167
068541202,35,28,63
068541203,49,33,82
068541301,88,61,149
068541302,55,37,92
068541401,199,206,405
068541402,145,134,279
068541403,92,66,158
068541404,19,26,45
068541405,51,33,84
068541406,251,243,494
068680101,912,872,1784
068680102,428,418,846
068680103,361,371,732
068680104,264,276,540
068680105,130,140,270
068680106,88,103,191
068680107,84,83,167
068680108,331,369,700
068680109,469,466,935
068680110,438,452,890
068680201,260,260,520
068680202,75,92,167
068680203,109,102,211
068680204,256,270,526
068680205,478,503,981
068680206,298,315,613
068680207,88,93,181
068680208,16,20,36
068680209,50,40,90
068680210,81,75,156
068680211,45,47,92
068680212,129,119,248
068680213,778,784,1562
068680301,770,784,1554
068680302,490,487,977
068680303,280,282,562
068680304,274,282,556
068680305,152,174,326
068680306,262,299,561
068680307,227,243,470
068680308,72,80,152
068680309,41,35,76
068680310,62,66,128
068680311,40,43,83
068680312,39,42,81
068680313,44,35,79
068680401,37,38,75
068680402,32,25,57
068680403,20,29,49
068680404,8,7,15
068680405,53,46,99
068680406,12,10,22
068680407,80,80,160
068680408,127,114,241
068680409,37,48,85
068680410,42,33,75
068680501,15,9,24
068680502,684,630,1314
068680503,780,701,1481
068680504,301,267,568
068680505,93,88,181
068680506,93,71,164
068680507,113,92,205
068680508,250,204,454
068680509,191,148,339
068680510,104,74,178
068680511,3,0,3
068680601,39,37,76
068680602,44,41,85
068680603,86,82,168
068680604,92,97,189
068680605,34,45,79
068680606,22,18,40
068680607,36,49,85
068680608,31,32,63
068680609,87,88,175
068680610,24,25,49
068680701,450,455,905
068680702,340,381,721
068680703,157,176,333
068680704,126,131,257
068680705,90,82,172
068680706,143,159,302
068680707,39,43,82
068680708,49,48,97
068680709,34,27,61
068680710,22,24,46
068680711,60,60,120
068680712,78,75,153
068680801,501,484,985
068680802,409,407,816
068680803,205,193,398
068680804,233,235,468
068680805,32,20,52
068680806,69,80,149
068680807,42,33,75
068680808,25,21,46
068680809,276,259,535
068680810,49,67,116
068750101,14,11,25
068750201,90,64,154
068750301,84,61,145
068750401,84,64,148
068750402,55,53,108
068750403,60,64,124
068750501,12,19,31
068750502,71,46,117
068750601,370,404,774
068750602,262,320,582
068750603,149,174,323
068750604,563,614,1177
068750605,479,482,961
068750606,183,157,340
068750607,34,37,71
068750608,489,507,996
068750609,197,235,432
068750701,53,40,93
068750801,84,71,155
068750802,223,222,445
068750803,166,204,370
068750804,231,277,508
068750805,211,209,420
068750901,100,104,204
068750902,66,34,100
068751001,44,17,61
068751101,24,6,30
068751201,196,148,344
068751301,22,7,29
068751302,96,71,167
068751401,73,72,145
068751402,68,41,109
068751501,316,325,641
068751502,167,165,332
068751503,178,189,367
068751504,360,313,673
068751505,52,38,90
068751506,737,619,1356
068751507,500,549,1049
068751508,415,447,862
068751509,295,297,592
068751601,243,203,446
068751602,655,666,1321
068751603,950,978,1928
068751604,532,447,979
068751605,577,542,1119
068751606,504,529,1033
068751607,344,349,693
068751608,345,364,709
068751609,267,269,536
068751610,675,643,1318
068751611,250,287,537
068751612,366,346,712
068751613,519,473,992
068751614,513,483,996
068751615,763,791,1554
068751701,255,173,428
068751801,46,17,63
068820101,507,557,1064
068820102,574,638,1212
068820103,612,590,1202
068820104,650,700,1350
068820105,878,880,1758
068820106,529,537,1066
068820107,499,517,1016
068820108,450,503,953
068820109,370,407,777
068820110,459,542,1001
068820201,551,588,1139
068820202,408,423,831
068820203,249,276,525
068820204,275,336,611
068820205,363,430,793
068820206,319,340,659
068820207,398,464,862
068820208,441,498,939
068820209,419,495,914
068820210,420,450,870
068820211,547,613,1160
068820212,540,506,1046
068820213,455,494,949
068820214,398,396,794
068820301,104,100,204
068820302,448,506,954
068820303,589,614,1203
068820304,555,602,1157
068820305,380,431,811
068820306,488,520,1008
068820307,423,443,866
068820308,507,622,1129
068820401,644,589,1233
068820402,44,45,89
068820403,215,95,310
068820501,197,201,398
068820502,840,770,1610
068820503,815,745,1560
068820504,895,841,1736
068820505,77,69,146
068820506,92,86,178
068820507,264,274,538
068820508,666,672,1338
068820509,761,721,1482
068820601,77,67,144
068820701,111,92,203
068820702,257,226,483
068820703,406,415,821
068820801,830,796,1626
068820802,716,725,1441
068820803,624,632,1256
068820804,580,678,1258
068820805,476,529,1005
068820806,460,494,954
068820807,382,446,828
068820808,398,455,853
068820809,331,390,721
068820810,360,425,785
068820811,275,325,600
068820812,315,394,709
068820813,1644,991,2635
068820901,897,901,1798
068820902,654,636,1290
068820903,627,671,1298
068820904,761,748,1509
068820905,456,439,895
068820906,997,884,1881
068820907,875,906,1781
068820908,531,541,1072
068820909,446,457,903
068820910,654,668,1322
068820911,453,437,890
068820912,784,765,1549
068820913,628,609,1237
068820914,569,558,1127
068821001,431,475,906
068821002,325,352,677
068821003,482,511,993
068821004,377,424,801
068821005,356,399,755
068821006,678,670,1348
068821007,348,375,723
068821008,458,481,939
068821009,719,754,1473
068821010,1110,1097,2207
068821011,931,868,1799
068821101,384,318,702
068821201,235,201,436
068821301,302,219,521
068821401,365,252,617
068821501,64,43,107
068821601,490,549,1039
068821602,584,641,1225
068821603,602,655,1257
068821604,621,654,1275
068821605,941,914,1855
068821606,448,428,876
068821607,593,578,1171
068821608,756,747,1503
068821701,644,635,1279
068821702,567,578,1145
068821703,746,738,1484
068821704,997,1006,2003
068821705,1074,1057,2131
068821706,275,235,510
068821707,268,264,532
068821708,313,262,575
068821709,150,156,306
068821710,698,679,1377
068821711,580,557,1137
068821801,88,64,152
068821802,34,13,47
068821803,47,24,71
100070101,22,20,42
100070102,91,97,188
100070103,40,43,83
100070104,160,135,295
100070105,204,207,411
100070201,299,314,613
100070202,160,148,308
100070203,61,50,111
100070204,143,146,289
100070301,248,212,460
100070302,65,62,127
100070401,44,33,77
100070402,56,39,95
100070403,7,6,13
100070404,164,140,304
100070405,29,11,40
100070406,159,140,299
100070407,151,146,297
100070408,118,131,249
100070409,100,62,162
100140101,182,207,389
100140102,46,33,79
100140103,51,38,89
100140104,40,38,78
100140201,193,178,371
100140202,60,54,114
100140301,78,59,137
100140302,20,10,30
100140303,19,17,36
100140401,48,39,87
100140402,46,36,82
100140501,39,41,80
100140502,73,55,128
100140503,80,62,142
100140601,69,62,131
100140602,58,50,108
100140701,133,110,243
100140702,32,25,57
100140801,55,47,102
100140802,67,44,111
100140803,51,52,103
100140901,51,41,92
100140902,72,56,128
100210101,193,185,378
100210102,9,7,16
100210103,857,907,1764
100210104,592,623,1215
100210105,502,514,1016
100210106,427,474,901
100210107,651,685,1336
100210108,410,429,839
100210109,434,438,872
100210110,514,542,1056
100210111,654,662,1316
100210112,420,481,901
100210113,512,479,991
100210114,195,198,393
100210201,11,9,20
100210202,544,552,1096
100210301,136,103,239
100210401,223,184,407
100210501,65,26,91
100210601,54,22,76
100210701,90,74,164
100210801,156,114,270
100210901,97,43,140
100210902,89,87,176
100211001,345,337,682
100211002,158,144,302
100211003,201,165,366
100211004,210,165,375
100211005,216,216,432
100211006,148,154,302
100280101,153,131,284
100280201,228,79,307
100280202,380,350,730
100280301,27,23,50
100280302,35,30,65
100350101,595,581,1176
100350102,43,49,92
100350103,507,543,1050
100350104,353,382,735
100350105,613,656,1269
100350106,458,545,1003
100350107,296,360,656
100350108,472,491,963
100350109,369,402,771
100350110,391,433,824
100350111,353,384,737
100350112,656,695,1351
100350113,476,542,1018
100350114,419,470,889
100350115,449,541,990
100350201,157,174,331
100350202,50,50,100
100350203,69,53,122
100350204,577,587,1164
100350205,326,323,649
100350206,322,321,643
100350301,125,152,277
100350302,69,83,152
100350303,140,135,275
100350304,104,98,202
100350305,143,119,262
100350306,380,347,727
100350307,157,130,287
100350401,217,204,421
100350402,100,93,193
100350501,231,236,467
100350502,288,287,575
100350503,403,382,785
100350504,24,27,51
100350505,94,94,188
100350506,128,143,271
100350507,44,39,83
100350508,576,628,1204
100350601,1390,178,1568
100350602,91,89,180
100350603,110,112,222
100350604,118,123,241
100350605,220,236,456
100350606,293,252,545
100350607,340,351,691
100350608,506,481,987
100420101,46,34,80
100420102,138,104,242
100420103,386,381,767
100420104,395,428,823
100420105,475,496,971
100420106,535,535,1070
100420107,420,480,900
100420201,72,67,139
100420202,318,319,637
100420203,29,20,49
100420204,162,60,222
100420205,178,174,352
100420206,473,473,946
100420207,728,742,1470
100420301,342,311,653
100420302,439,401,840
100420303,1059,591,1650
100420304,104,82,186
100420305,478,463,941
100420306,516,494,1010
100420307,31,46,77
100420401,214,158,372
100420402,213,190,403
100420501,52,39,91
100420502,158,138,296
100420601,23,16,39
100420602,219,227,446
100420603,74,73,147
100420604,137,129,266
100490101,108,108,216
100490102,937,1004,1941
100490103,590,678,1268
100490104,316,362,678
100490105,605,649,1254
100490106,551,592,1143
100490107,461,470,931
100490108,561,613,1174
100490109,394,446,840
100490110,749,829,1578
100490111,846,858,1704
100490112,696,851,1547
100490113,957,1045,2002
100490114,866,912,1778
100490115,531,590,1121
100490201,564,557,1121
100490202,485,538,1023
100490203,576,613,1189
100490204,435,488,923
100490205,450,500,950
100490206,313,327,640
100490207,553,634,1187
100490208,644,684,1328
100490209,423,486,909
100490210,347,405,752
100490211,322,352,674
100490212,405,475,880
100490213,310,368,678
100490214,344,430,774
100490215,301,359,660
100490216,520,638,1158
100490217,376,470,846
100490218,373,396,769
100490219,509,481,990
100490220,254,268,522
100490221,288,324,612
100490301,671,748,1419
100490302,537,590,1127
100490303,597,634,1231
100490304,525,533,1058
100490305,585,578,1163
100490306,541,510,1051
100490307,544,523,1067
100490308,717,707,1424
100490309,864,880,1744
100490310,364,382,746
100490311,558,623,1181
100490312,363,397,760
100490313,316,340,656
100490314,477,480,957
100490315,462,536,998
100490316,248,330,578
100490317,501,589,1090
100490318,278,326,604
100490319,395,486,881
100490320,445,531,976
100490321,220,282,502
100490322,135,180,315
100490323,181,243,424
100490324,364,435,799
100490401,378,405,783
100490402,356,379,735
100490403,393,425,818
100490404,817,836,1653
100490405,684,691,1375
100490406,704,715,1419
100490407,859,855,1714
100490408,445,484,929
100490409,666,721,1387
100490410,473,520,993
100490411,514,534,1048
100490412,430,503,933
100490413,406,477,883
100490414,450,497,947
100490415,585,579,1164
100490416,633,698,1331
100490417,407,490,897
100490418,529,532,1061
100490419,570,594,1164
100490501,358,415,773
100490502,256,306,562
100490503,379,376,755
100490504,332,376,708
100490505,514,547,1061
100490506,412,408,820
100490507,340,422,762
100490508,374,494,868
100490509,303,400,703
100490510,653,709,1362
100490511,375,413,788
100490512,822,853,1675
100490513,890,942,1832
100490514,282,298,580
100490515,922,885,1807
100490516,828,813,1641
100490517,358,370,728
100490601,413,439,852
100490602,270,324,594
100490603,236,340,576
100490604,202,273,475
100490605,285,376,661
100490606,362,419,781
100490607,536,602,1138
100490608,230,264,494
100490609,467,497,964
100490610,384,406,790
100490611,578,590,1168
100490612,466,457,923
100490613,621,700,1321
100490614,383,397,780
100490615,735,731,1466
100490616,619,629,1248
100490617,401,436,837
100490618,573,591,1164
100490619,402,453,855
100490701,527,536,1063
100490702,347,404,751
100490703,419,453,872
100490704,411,461,872
100490705,319,338,657
100490706,723,770,1493
100490707,795,864,1659
100490708,529,563,1092
100490709,549,582,1131
100490710,598,583,1181
100490711,601,621,1222
100490712,720,782,1502
100490801,342,397,739
100490802,536,568,1104
100490803,688,762,1450
100490804,454,508,962
100490805,577,580,1157
100490806,434,436,870
100490807,525,596,1121
100490808,917,958,1875
100490809,507,511,1018
100490810,742,702,1444
100490811,598,597,1195
100490812,458,435,893
100490813,832,967,1799
100490901,138,140,278
100490902,229,213,442
100490903,440,439,879
100490904,537,617,1154
100490905,306,330,636
100490906,857,957,1814
100490907,602,581,1183
100490908,500,581,1081
100490909,711,720,1431
100490910,487,479,966
100490911,427,453,880
100490912,599,665,1264
100490913,551,583,1134
100490914,561,621,1182
100560101,17,12,29
100560102,191,185,376
100560103,67,40,107
100560104,21,14,35
100560201,39,26,65
100560202,27,30,57
100560203,42,37,79
100560204,19,18,37
100560205,393,361,754
100560301,31,18,49
100560302,89,89,178
100560303,74,54,128
100560304,48,42,90
100560401,56,64,120
100560402,35,22,57
100560403,87,66,153
100560501,30,34,64
100560502,178,163,341
100560503,144,151,295
100560504,127,93,220
100560601,59,59,118
100560602,9,2,11
100560603,37,33,70
100560701,80,57,137
100630101,387,372,759
100630102,129,118,247
100630103,134,120,254
100630201,182,193,375
100630202,444,433,877
100630203,287,311,598
100630204,445,434,879
100630205,542,604,1146
100630206,403,428,831
100630207,386,398,784
100630208,332,365,697
100630209,390,387,777
100630210,385,384,769
100630211,401,385,786
100630212,423,425,848
100630213,652,598,1250
100630214,11,8,19
100630215,0,0,0
100630216,0,0,0
100630217,0,0,0
100630218,0,0,0
100700101,73,33,106
100700102,91,57,148
100700103,735,744,1479
100700104,537,495,1032
100700105,441,508,949
100700106,453,430,883
100700107,611,672,1283
100700108,608,629,1237
100700109,372,397,769
100700110,669,667,1336
100700111,534,543,1077
100700112,510,548,1058
100700113,366,378,744
100700201,271,233,504
100700202,184,139,323
100700203,527,492,1019
100700204,422,361,783
100700205,250,243,493
100700301,496,422,918
100700302,141,120,261
100700303,192,180,372
100700304,63,36,99
100700305,507,501,1008
100700306,455,420,875
100700307,544,522,1066
100700308,380,389,769
100700309,109,76,185
100700401,105,92,197
100700402,102,70,172
100700403,186,151,337
100700404,565,591,1156
100770101,25,12,37
100770102,151,171,322
100770103,103,87,190
100770104,367,359,726
100770105,392,387,779
100770201,103,80,183
100770202,158,128,286
100770203,52,45,97
100770301,127,97,224
100770401,137,99,236
100770402,58,55,113
100770501,33,34,67
100770502,153,113,266
100770601,160,147,307
100770602,87,55,142
100770603,118,92,210
100840101,371,290,661
100840102,26,11,37
100840103,392,379,771
100840104,334,338,672
100840105,361,320,681
100840106,364,368,732
100840107,12,2,14
100840201,53,30,83
100840202,246,232,478
100840203,295,288,583
100840204,247,245,492
100840301,21,19,40
100840302,76,61,137
100840303,259,264,523
100840304,617,552,1169
100840305,252,292,544
100840306,413,396,809
100840307,527,488,1015
100840401,467,387,854
100840402,32,21,53
100840403,210,218,428
100910101,6,4,10
100910102,160,172,332
100910103,435,447,882
100910104,443,460,903
100910105,433,456,889
100910106,268,348,616
100910107,494,533,1027
100910108,782,834,1616
100910109,506,619,1125
100910110,461,494,955
100910111,572,601,1173
100910112,382,424,806
100910113,400,415,815
100910114,491,468,959
100910115,254,304,558
100910201,234,241,475
100910202,114,118,232
100910301,1,2,3
100910302,425,424,849
100910303,456,431,887
100910401,19,11,30
100910402,0,0,0
100910403,757,790,1547
100910404,210,202,412
100910405,15,12,27
100910501,298,291,589
100910502,349,374,723
100910503,280,326,606
100910504,301,338,639
100910505,454,479,933
100910506,67,62,129
100910507,208,201,409
100910508,134,118,252
100910509,121,113,234
100910510,35,33,68
100910511,1,1,2
100910601,105,82,187
100910602,38,43,81
100910603,70,63,133
100910604,49,42,91
100910701,30,24,54
100910702,110,110,220
100910703,38,32,70
100980101,180,165,345
100980102,404,388,792
100980103,10,10,20
100980104,136,103,239
100980201,76,52,128
100980202,56,34,90
100980203,440,390,830
100980204,102,74,176
100980205,285,276,561
100980206,278,257,535
100980207,171,112,283
100980208,82,75,157
100980301,113,98,211
100980302,47,54,101
100980303,316,226,542
100980401,178,134,312
100980402,419,420,839
100980403,440,413,853
100980404,780,763,1543
100980405,653,602,1255
100980406,32,24,56
100980407,374,348,722
100980408,428,365,793
100980409,297,306,603
100980410,26,22,48
101050101,56,47,103
101050102,375,363,738
101050103,285,296,581
101050104,482,510,992
101050105,472,513,985
101050106,363,347,710
101050107,424,449,873
101050108,302,323,625
101050109,384,457,841
101050110,240,255,495
101050111,432,407,839
101050112,506,560,1066
101050113,302,290,592
101050114,485,524,1009
101050115,519,620,1139
101050201,139,131,270
101050202,352,343,695
101050301,28,15,43
101050302,430,457,887
101050303,454,452,906
101050304,506,523,1029
101050305,320,297,617
101050306,347,363,710
101050307,276,268,544
101050401,235,197,432
101050402,133,113,246
101050501,132,106,238
101050502,27,24,51
101050601,3,4,7
101050602,392,298,690
101050701,216,184,400
101050702,551,448,999
101050703,103,80,183
101050704,50,39,89
101050705,64,52,116
101050706,69,64,133
101050707,163,183,346
101050708,238,222,460
101050709,266,266,532
101050801,72,53,125
101050802,14,10,24
101120101,209,214,423
101120201,72,65,137
101120202,94,83,177
101120301,62,44,106
101120302,201,186,387
101120303,94,81,175
101120401,47,55,102
101120402,344,377,721
101120403,766,863,1629
101120404,586,637,1223
101120405,673,705,1378
101120406,743,727,1470
101120407,443,473,916
101120408,688,743,1431
101120409,594,686,1280
101120410,393,448,841
101120411,325,352,677
101120501,32,29,61
101120502,392,394,786
101120503,529,530,1059
101120504,480,492,972
101120505,486,498,984
101120506,617,605,1222
101120507,528,495,1023
101120508,420,414,834
101120509,600,634,1234
101120510,587,580,1167
101120511,480,567,1047
101120512,426,439,865
101120513,654,595,1249
101120514,393,425,818
101120515,407,441,848
140070101,40,28,68
140070102,261,233,494
140070103,123,96,219
140070104,45,32,77
140070105,137,131,268
140070106,51,32,83
140070107,76,59,135
140070108,202,155,357
140070110,238,209,447
140070111,346,302,648
140070112,264,242,506
140070113,275,274,549
140070201,158,147,305
140070202,60,49,109
140070203,117,122,239
140070204,257,227,484
140070205,246,237,483
140070206,492,539,1031
140070207,382,425,807
140070208,474,506,980
140070209,318,358,676
140070210,179,232,411
140070211,465,449,914
140070212,230,261,491
140070213,225,236,461
140070214,330,325,655
140070215,282,301,583
140070216,160,143,303
140070301,31,20,51
140070302,27,29,56
140070303,13,7,20
140070304,29,34,63
140070305,164,137,301
140070306,48,46,94
140070307,58,32,90
140070308,132,128,260
140070309,461,465,926
140070310,301,334,635
140070311,428,455,883
140070312,418,455,873
140070401,26,28,54
140070402,44,21,65
140070403,56,37,93
140070404,5,2,7
140070405,82,75,157
140070406,106,113,219
140070407,128,113,241
140070408,39,31,70
140070409,16,8,24
140070410,20,8,28
140070411,33,24,57
140070412,59,47,106
140070413,89,68,157
140070414,576,521,1097
140070415,97,86,183
140070416,202,224,426
140070501,331,334,665
140070502,178,178,356
140070503,244,253,497
140070504,267,255,522
140070505,241,256,497
140070506,434,451,885
140070507,334,324,658
140070508,307,285,592
140070509,335,367,702
140070510,454,479,933
140070511,379,459,838
140070512,402,428,830
140070513,365,395,760
140070514,283,304,587
140070515,328,330,658
140070516,200,193,393
140070517,525,516,1041
140070518,518,463,981
140070601,17,15,32
140070602,121,128,249
140070603,74,63,137
140070604,28,31,59
140070605,87,85,172
140070606,80,94,174
140070607,378,391,769
140070608,339,348,687
140070609,235,261,496
140070610,234,225,459
140070611,325,376,701
140070612,250,241,491
140070613,191,211,402
140070614,411,393,804
140070615,224,193,417
140070616,158,169,327
140070701,49,33,82
140070702,37,31,68
140070703,20,12,32
140070704,9,8,17
140070705,42,42,84
140070706,430,443,873
140070707,32,18,50
140070708,27,18,45
140070709,16,10,26
140070710,23,10,33
140070711,25,14,39
140070712,25,21,46
140070713,57,36,93
140070714,12,4,16
140070715,126,102,228
140070716,17,17,34
140070717,15,10,25
140070718,37,24,61
140070719,223,267,490
140070720,26,28,54
140070801,17,14,31
140070802,97,89,186
140070803,411,453,864
140070804,94,106,200
140070805,543,579,1122
140070806,281,290,571
140070807,413,453,866
140070808,368,423,791
140070809,977,1002,1979
140070810,61,42,103
140070811,23,18,41
140070812,18,18,36
140070813,24,20,44
140070814,541,521,1062
140070815,467,524,991
140070816,369,390,759
140070817,499,512,1011
140070818,398,428,826
140070819,59,59,118
140070820,316,314,630
140070901,44,7,51
140070902,38,30,68
140070903,28,19,47
140070904,347,352,699
140070905,26,12,38
140070906,39,31,70
140070907,26,12,38
140070908,160,142,302
140140101,306,276,582
140140102,639,599,1238
140140103,641,642,1283
140140104,403,408,811
140140105,458,487,945
140140106,565,614,1179
140140107,362,397,759
140140108,379,393,772
140140109,725,744,1469
140140110,421,454,875
140140111,302,377,679
140140112,434,516,950
140140113,592,606,1198
140140201,499,475,974
140140202,670,684,1354
140140203,527,571,1098
140140204,459,503,962
140140205,321,402,723
140140206,287,277,564
140140207,504,577,1081
140140208,394,440,834
140140209,364,418,782
140140210,378,433,811
140140211,321,337,658
140140212,413,416,829
140140213,527,598,1125
140140214,552,624,1176
140140215,568,654,1222
140140301,227,253,480
140140302,1038,1094,2132
140140303,749,771,1520
140140304,732,718,1450
140140305,560,569,1129
140140306,440,440,880
140140307,362,389,751
140140308,603,647,1250
140140309,719,782,1501
140140310,423,483,906
140140311,374,425,799
140140312,558,655,1213
140140313,704,713,1417
140140401,807,795,1602
140140402,665,637,1302
140140403,190,186,376
140140404,516,513,1029
140140405,951,993,1944
140140406,865,871,1736
140140407,483,499,982
140140408,749,805,1554
140140409,516,556,1072
140140410,723,774,1497
140140411,793,774,1567
140140501,449,450,899
140140502,722,777,1499
140140503,522,550,1072
140140504,835,819,1654
140140505,818,893,1711
140140506,412,434,846
140140507,618,605,1223
140140508,718,711,1429
140140509,451,474,925
140140510,689,750,1439
140140511,576,606,1182
140140512,583,628,1211
140140513,670,746,1416
140140514,758,779,1537
140140515,699,725,1424
140140601,411,399,810
140140602,81,93,174
140140603,119,120,239
140140604,449,408,857
140140605,493,440,933
140140606,450,457,907
140140607,824,874,1698
140140608,321,303,624
140140609,615,615,1230
140140610,530,558,1088
140140701,651,638,1289
140140702,415,428,843
140140703,318,331,649
140140704,549,535,1084
140140705,603,614,1217
140140706,18,11,29
140140707,458,437,895
140140708,652,674,1326
140140709,782,742,1524
140140710,105,103,208
140140711,415,426,841
140140712,274,230,504
140140713,589,554,1143
140140714,678,710,1388
140140715,573,571,1144
140140801,16,26,42
140140802,459,434,893
140140803,179,208,387
140140804,615,604,1219
140140805,828,831,1659
140140806,403,481,884
140140807,484,500,984
140140808,435,441,876
140140809,938,958,1896
140140810,739,768,1507
140140811,706,733,1439
140140812,568,464,1032
140140901,24,18,42
140140902,666,682,1348
140140903,626,586,1212
140140904,484,498,982
140140905,757,797,1554
140140906,467,513,980
140140907,265,275,540
140140908,820,819,1639
140140909,693,709,1402
140140910,623,692,1315
140140911,776,783,1559
140140912,1018,1029,2047
140140913,625,646,1271
140140914,515,542,1057
140140915,32,32,64
140141001,292,265,557
140141002,784,841,1625
140141003,301,356,657
140141004,339,451,790
140141005,330,340,670
140141006,527,564,1091
140141007,220,269,489
140141008,811,810,1621
140141009,500,548,1048
140141010,559,526,1085
140141011,731,804,1535
140141012,351,381,732
140141013,521,539,1060
140141014,318,308,626
140141015,421,473,894
140141016,508,543,1051
140141017,380,389,769
140141018,326,332,658
140141101,245,208,453
140141102,481,466,947
140141103,510,492,1002
140141104,347,389,736
140141105,448,468,916
140141106,426,434,860
140141107,449,476,925
140141108,574,571,1145
140141109,807,839,1646
140141110,512,570,1082
140141111,522,532,1054
140141201,506,498,1004
140141202,575,614,1189
140141203,703,721,1424
140141204,767,769,1536
140141205,792,869,1661
140141206,466,491,957
140141207,463,532,995
140141208,512,576,1088
140141209,548,561,1109
140141301,215,230,445
140141302,686,668,1354
140141303,510,526,1036
140141304,642,684,1326
140141305,427,443,870
140141306,402,395,797
140141307,685,722,1407
140141308,645,667,1312
140141309,959,946,1905
140141310,303,337,640
140141401,733,763,1496
140141402,1134,1096,2230
140141403,670,715,1385
140141404,367,409,776
140141405,443,443,886
140141406,671,678,1349
140141407,637,709,1346
140141408,92,111,203
140141501,388,386,774
140141502,389,438,827
140141503,315,350,665
140141504,481,558,1039
140141505,491,562,1053
140141506,777,810,1587
140141507,312,358,670
140141508,463,497,960
140141509,606,718,1324
140141510,617,655,1272
140141511,704,753,1457
140141512,289,338,627
140141513,1016,1046,2062
140141514,598,646,1244
140141515,542,494,1036
140141516,330,320,650
140141517,604,609,1213
140141518,451,511,962
140141519,515,495,1010
140141520,793,751,1544
140141601,714,719,1433
140141602,922,934,1856
140141603,996,998,1994
140141604,409,369,778
140141605,487,554,1041
140141606,656,680,1336
140141607,612,671,1283
140141608,333,393,726
140141609,489,487,976
140141610,493,524,1017
140141611,713,710,1423
140141612,537,541,1078
140141613,547,513,1060
140141614,517,526,1043
140141615,435,449,884
140141616,939,887,1826
140141617,624,578,1202
140141618,902,926,1828
140141701,709,704,1413
140141702,590,568,1158
140141703,578,612,1190
140141704,678,732,1410
140141705,569,582,1151
140141706,824,805,1629
140141707,483,490,973
140141708,603,638,1241
140141709,414,466,880
140141710,590,616,1206
140141711,582,637,1219
140141712,499,519,1018
140141713,847,902,1749
140141714,459,498,957
140141715,670,740,1410
140141716,980,962,1942
140141717,851,885,1736
140141718,652,689,1341
140141719,531,527,1058
140141720,311,344,655
140141721,644,654,1298
140141801,788,807,1595
140141802,540,569,1109
140141803,518,540,1058
140141804,496,532,1028
140141805,861,846,1707
140141806,450,496,946
140141807,422,470,892
140141808,834,864,1698
140141809,624,641,1265
140141810,351,391,742
140141811,585,663,1248
140141812,558,602,1160
140141813,527,555,1082
140141814,701,705,1406
140141815,504,549,1053
140141816,928,937,1865
140141817,643,614,1257
140141818,732,688,1420
140141901,594,690,1284
140141902,389,404,793
140141903,536,535,1071
140141904,573,604,1177
140141905,571,551,1122
140141906,768,814,1582
140141907,847,888,1735
140141908,899,931,1830
140141909,692,687,1379
140141910,441,485,926
140141911,543,588,1131
140141912,541,494,1035
140141913,697,762,1459
140141914,771,794,1565
140141915,777,853,1630
140141916,686,783,1469
140141917,401,424,825
140141918,404,425,829
140141919,475,484,959
140142001,488,529,1017
140142002,370,392,762
140142003,411,467,878
140142004,551,561,1112
140142005,610,713,1323
140142006,430,448,878
140142007,391,446,837
140142008,382,399,781
140142009,333,368,701
140142010,453,461,914
140142011,355,394,749
140142012,483,505,988
140142013,476,527,1003
140142014,538,581,1119
140142015,285,326,611
140142016,644,687,1331
140142101,470,497,967
140142102,543,576,1119
140142103,493,469,962
140142104,762,810,1572
140142105,722,457,1179
140142201,353,348,701
140142202,573,646,1219
140142203,353,379,732
140142204,399,396,795
140142205,254,306,560
140142206,715,742,1457
140142207,368,400,768
140142208,602,621,1223
140142209,351,440,791
140142210,504,550,1054
140142211,534,565,1099
140142212,550,547,1097
140142213,4,3,7
140142214,404,419,823
140142215,475,559,1034
140142216,425,468,893
140142217,600,581,1181
140142218,710,815,1525
140142301,395,450,845
140142302,452,539,991
140142303,328,373,701
140142304,236,284,520
140142305,249,287,536
140142306,344,418,762
140142307,396,424,820
140142308,614,660,1274
140142309,291,310,601
140142310,431,404,835
140142311,361,379,740
140142312,414,460,874
140142313,846,931,1777
140142314,433,438,871
140142315,417,444,861
140142316,312,322,634
140142401,537,578,1115
140142402,455,516,971
140142403,397,448,845
140142404,630,657,1287
140142405,398,427,825
140142406,402,521,923
140142407,335,391,726
140142408,337,414,751
140142409,420,502,922
140142410,190,268,458
140142411,301,339,640
140142412,225,296,521
140142413,276,355,631
140142414,256,342,598
140142501,206,278,484
140142502,292,333,625
140142503,127,150,277
140142504,557,662,1219
140142505,387,441,828
140142506,483,563,1046
140142507,472,567,1039
140142508,256,300,556
140142509,352,382,734
140142510,301,360,661
140142511,357,416,773
140142512,298,397,695
140142513,321,370,691
140142514,293,328,621
140142515,468,550,1018
140142516,504,536,1040
140142517,327,415,742
140142518,439,485,924
140142601,400,429,829
140142602,307,357,664
140142603,424,474,898
140142604,228,293,521
140142605,208,269,477
140142606,347,408,755
140142607,340,401,741
140142608,518,592,1110
140142609,354,428,782
140142610,280,322,602
140142611,600,613,1213
140142612,362,443,805
140142613,329,335,664
140142614,362,433,795
140142615,405,475,880
140142616,347,439,786
140142701,406,489,895
140142702,538,569,1107
140142703,613,688,1301
140142704,450,507,957
140142705,288,350,638
140142706,394,431,825
140142707,408,501,909
140142708,445,556,1001
140142709,319,402,721
140142710,449,487,936
140142711,415,448,863
140142712,293,356,649
140142801,612,655,1267
140142802,493,504,997
140142803,547,652,1199
140142804,636,698,1334
140142805,565,628,1193
140142806,387,451,838
140142807,336,395,731
140142808,586,690,1276
140142809,478,528,1006
140142810,615,648,1263
140142811,510,560,1070
140142812,418,511,929
140142813,781,816,1597
140142814,863,872,1735
140142815,431,504,935
140142816,927,949,1876
140142901,572,582,1154
140142902,505,523,1028
140142903,587,637,1224
140142904,626,645,1271
140142905,606,681,1287
140142906,480,612,1092
140142907,319,382,701
140142908,403,473,876
140142909,600,621,1221
140142910,535,560,1095
140142911,403,435,838
140142912,526,571,1097
140142913,380,417,797
140142914,440,532,972
140142915,636,685,1321
140142916,454,558,1012
140142917,512,610,1122
140142918,458,462,920
140142919,417,461,878
140143001,404,431,835
140143002,660,759,1419
140143003,498,517,1015
140143004,701,754,1455
140143005,505,437,942
140143006,646,593,1239
140143007,353,344,697
140143008,628,675,1303
140143009,709,728,1437
140143010,550,591,1141
140143011,466,552,1018
140143012,593,628,1221
140143013,554,554,1108
140143014,559,631,1190
140143015,500,548,1048
140143101,591,604,1195
140143102,978,971,1949
140143103,800,862,1662
140143104,608,596,1204
140143105,671,745,1416
140143106,532,545,1077
140143107,724,780,1504
140143108,558,604,1162
140143109,843,886,1729
140143110,495,461,956
140143111,462,534,996
140143112,684,735,1419
140143113,465,506,971
140143114,435,497,932
140143115,411,454,865
140143116,626,652,1278
140143201,379,436,815
140143202,656,783,1439
140143203,372,407,779
140143204,396,408,804
140143205,562,631,1193
140143206,518,594,1112
140143207,581,652,1233
140143208,598,590,1188
140143209,407,434,841
140143210,611,738,1349
140143211,510,529,1039
140143212,430,469,899
140143213,487,519,1006
140143301,453,512,965
140143302,368,427,795
140143303,479,524,1003
140143304,389,421,810
140143305,339,385,724
140143306,360,378,738
140143307,564,587,1151
140143308,683,676,1359
140143309,393,442,835
140143310,376,452,828
140143311,416,480,896
140143312,442,463,905
140143313,447,513,960
140143314,402,465,867
140143315,386,464,850
140143316,335,357,692
140143317,516,570,1086
140143318,598,672,1270
140143319,493,543,1036
140143320,362,383,745
140143401,390,429,819
140143402,480,565,1045
140143403,378,424,802
140143404,205,200,405
140143405,280,302,582
140143406,281,325,606
140143407,345,365,710
140143408,368,363,731
140143409,375,403,778
140143410,315,363,678
140143411,304,320,624
140143412,375,424,799
140143413,337,413,750
140143414,339,396,735
140143415,314,374,688
140143416,382,399,781
140143417,281,322,603
140143418,530,658,1188
140143419,296,343,639
140143501,454,454,908
140143502,705,788,1493
140143503,332,359,691
140143504,632,700,1332
140143505,350,343,693
140143506,1651,1622,3273
140143507,579,669,1248
140143508,470,523,993
140143509,388,429,817
140143510,327,386,713
140143511,538,575,1113
140143512,472,570,1042
140143513,451,483,934
140143514,586,667,1253
140143601,353,399,752
140143602,347,388,735
140143603,556,622,1178
140143604,462,530,992
140143605,447,549,996
140143606,374,424,798
140143607,358,397,755
140143608,375,452,827
140143609,308,345,653
140143610,282,338,620
140143611,377,433,810
140143612,323,419,742
140143613,331,379,710
140143614,318,344,662
140143701,657,750,1407
140143702,316,332,648
140143703,392,423,815
140143704,403,491,894
140143705,440,447,887
140143706,538,574,1112
140143707,516,561,1077
140143708,500,553,1053
140143709,317,367,684
140143710,383,410,793
140143711,633,739,1372
140143712,392,473,865
140143713,309,394,703
140143714,289,344,633
140143715,306,339,645
140143716,263,302,565
140143717,299,307,606
140143718,211,257,468
140143719,283,315,598
140143720,283,307,590
140143721,242,274,516
140143801,544,654,1198
140143802,463,553,1016
140143803,442,539,981
140143804,424,474,898
140143805,323,394,717
140143806,342,381,723
140143807,330,384,714
140143808,568,632,1200
140143809,336,399,735
140143810,367,471,838
140143811,308,452,760
140143812,350,390,740
140143813,385,435,820
140143814,353,388,741
140143815,301,379,680
140143816,303,340,643
140143901,265,277,542
140143902,509,599,1108
140143903,425,531,956
140143904,280,323,603
140143905,276,307,583
140143906,298,344,642
140143907,342,370,712
140143908,300,348,648
140143909,334,414,748
140143910,248,304,552
140143911,235,313,548
140143912,384,428,812
140143913,258,293,551
140144001,307,348,655
140144002,291,343,634
140144003,331,379,710
140144004,297,320,617
140144005,230,245,475
140144006,159,238,397
140144007,1120,405,1525
140144008,471,513,984
140144009,287,309,596
140144010,392,480,872
140144011,319,369,688
140144012,338,363,701
140144101,309,366,675
140144102,253,294,547
140144103,420,506,926
140144104,260,273,533
140144105,240,320,560
140144106,314,383,697
140144107,280,359,639
140144108,208,248,456
140144109,299,320,619
140144110,357,428,785
140144111,279,353,632
140144112,401,477,878
140144113,366,454,820
140144114,404,484,888
140144115,334,385,719
140144116,271,331,602
140144117,381,457,838
140144118,272,328,600
140144119,335,346,681
140144201,290,376,666
140144202,188,232,420
140144203,179,233,412
140144204,250,297,547
140144205,264,349,613
140144206,313,373,686
140144207,387,472,859
140144208,562,614,1176
140144209,251,289,540
140144210,295,318,613
140144211,372,371,743
140144212,369,457,826
140144213,318,397,715
140144214,449,519,968
140144215,313,305,618
140144216,510,548,1058
140144217,339,394,733
140144218,533,547,1080
140144219,556,634,1190
140144220,519,554,1073
140144301,529,555,1084
140144302,797,821,1618
140144303,642,647,1289
140144304,714,742,1456
140144305,332,346,678
140144306,781,872,1653
140144307,587,615,1202
140144308,757,738,1495
140144309,701,686,1387
140144310,377,397,774
140144311,426,481,907
140144401,559,609,1168
140144402,464,456,920
140144403,483,569,1052
140144404,287,340,627
140144405,353,367,720
140144406,764,862,1626
140144407,540,591,1131
140144408,292,326,618
140144409,525,572,1097
140144410,395,431,826
140144411,715,793,1508
140144501,705,686,1391
140144502,944,947,1891
140144503,443,460,903
140144504,508,563,1071
140144505,477,497,974
140144506,361,387,748
140144507,520,588,1108
140144508,413,465,878
140144509,549,578,1127
140144510,659,689,1348
140144511,453,514,967
140144512,436,479,915
140144513,256,325,581
140144601,484,505,989
140144602,612,643,1255
140144603,458,520,978
140144604,361,374,735
140144605,403,440,843
140144606,432,499,931
140144607,383,463,846
140144608,342,431,773
140144609,524,578,1102
140144610,555,597,1152
140144611,656,665,1321
140144612,423,531,954
140144613,228,237,465
140144614,580,602,1182
140144615,466,527,993
140144616,499,527,1026
140144701,217,236,453
140144702,279,290,569
140144703,391,498,889
140144704,195,214,409
140144705,221,256,477
140144706,276,333,609
140144707,412,471,883
140144708,432,460,892
140144709,246,294,540
140144710,222,266,488
140144711,347,389,736
140144712,439,613,1052
140144801,159,214,373
140144802,255,312,567
140144803,280,313,593
140144804,228,291,519
140144805,260,330,590
140144806,281,284,565
140144807,339,404,743
140144808,245,301,546
140144809,197,229,426
140144810,399,457,856
140144811,257,317,574
140144812,253,309,562
140144813,294,331,625
140144814,311,342,653
140144815,472,464,936
140144816,325,322,647
140144901,211,227,438
140144902,208,240,448
140144903,208,243,451
140144904,253,305,558
140144905,258,329,587
140144906,204,222,426
140144907,515,539,1054
140144908,432,471,903
140144909,293,384,677
140144910,157,151,308
140144911,136,153,289
140144912,200,237,437
140144913,332,405,737
140144914,241,300,541
140144915,258,324,582
140144916,342,365,707
140144917,116,149,265
140144918,139,162,301
140144919,176,248,424
140144920,197,223,420
140144921,272,329,601
140145001,357,394,751
140145002,434,464,898
140145003,294,314,608
140145004,326,385,711
140145005,340,433,773
140145006,275,308,583
140145007,316,394,710
140145008,294,393,687
140145009,376,511,887
140145010,332,397,729
140145011,314,372,686
140145012,336,393,729
140145013,254,293,547
140145014,287,353,640
140145015,354,414,768
140145101,367,405,772
140145102,353,372,725
140145103,279,307,586
140145104,408,487,895
140145105,352,413,765
140145106,484,554,1038
140145107,501,568,1069
140145108,401,479,880
140145109,478,541,1019
140145110,367,423,790
140145111,388,414,802
140145112,518,597,1115
140145113,484,504,988
140145114,438,478,916
140145115,387,409,796
140145116,288,298,586
140145117,639,721,1360
140145118,425,471,896
140145119,637,646,1283
140145120,1023,1041,2064
140145121,461,528,989
140145201,250,327,577
140145202,448,563,1011
140145203,333,398,731
140145204,790,787,1577
140145205,210,246,456
140145206,234,293,527
140145207,291,373,664
140145208,273,359,632
140145209,267,277,544
140145210,263,296,559
140145211,259,305,564
140145212,561,595,1156
140145213,380,432,812
140145214,334,381,715
140145215,351,355,706
140145216,438,470,908
140145217,471,444,915
140145218,675,692,1367
140145219,559,582,1141
140145301,316,454,770
140145302,304,385,689
140145303,173,233,406
140145304,217,259,476
140145305,209,258,467
140145306,265,355,620
140145307,268,328,596
140145308,429,492,921
140145309,283,360,643
140145310,302,412,714
140145311,303,360,663
140145312,259,337,596
140145313,212,285,497
140145314,287,285,572
140145315,300,410,710
140145316,227,247,474
140145317,236,285,521
140145318,275,304,579
140145319,318,316,634
140145320,182,212,394
140145401,222,218,440
140145402,223,237,460
140145403,243,235,478
140145404,198,249,447
140145405,171,183,354
140145406,270,325,595
140145407,120,161,281
140145408,163,216,379
140145409,291,331,622
140145410,243,274,517
140145411,139,129,268
140145412,241,248,489
140145413,294,428,722
140145414,192,252,444
140145415,188,235,423
140145416,156,205,361
140145501,256,296,552
140145502,244,216,460
140145503,123,125,248
140145504,104,127,231
140145505,162,151,313
140145506,83,108,191
140145507,115,163,278
140145508,46,68,114
140145509,135,143,278
140145510,127,158,285
140145511,196,231,427
140145512,139,178,317
140145513,180,218,398
140145514,141,186,327
140145515,65,70,135
140145516,185,204,389
140145517,252,339,591
140145518,160,157,317
140145519,248,281,529
140145601,190,221,411
140145602,238,342,580
140145603,234,264,498
140145604,173,177,350
140145605,186,206,392
140145606,122,189,311
140145607,109,149,258
140145608,123,125,248
140145609,130,170,300
140145610,73,91,164
140145611,271,272,543
140145612,94,107,201
140145613,141,149,290
140145614,97,111,208
140145615,110,157,267
140145616,114,176,290
140145617,151,222,373
140145618,188,282,470
140145619,138,174,312
140145701,294,447,741
140145702,183,258,441
140145703,190,282,472
140145704,283,419,702
140145705,154,199,353
140145706,73,126,199
140145707,119,185,304
140145708,57,86,143
140145709,105,168,273
140145710,109,168,277
140145711,143,192,335
140145712,101,143,244
140145713,176,251,427
140145714,177,262,439
140145715,232,305,537
140145716,74,98,172
140145801,115,151,266
140145802,265,339,604
140145803,154,199,353
140145804,185,249,434
140145805,265,327,592
140145806,272,377,649
140145807,165,232,397
140145808,240,289,529
140145809,223,285,508
140145810,104,148,252
140145811,264,321,585
140145812,205,271,476
140145813,92,103,195
140145901,438,504,942
140145902,153,159,312
140145903,260,321,581
140145904,261,310,571
140145905,241,279,520
140145906,199,250,449
140145907,190,271,461
140145908,119,146,265
140145909,214,241,455
140145910,203,216,419
140145911,184,228,412
140145912,388,470,858
140146001,389,445,834
140146002,318,373,691
140146003,264,319,583
140146004,389,431,820
140146005,427,491,918
140146006,337,368,705
140146007,274,312,586
140146008,192,250,442
140146009,305,331,636
140146010,258,302,560
140146011,448,552,1000
140146012,178,228,406
140146013,249,305,554
140146014,428,532,960
140146015,418,471,889
140146016,343,422,765
140146017,485,535,1020
140146018,384,461,845
140146101,590,602,1192
140146102,528,533,1061
140146103,499,491,990
140146104,468,447,915
140146105,682,619,1301
140146106,417,447,864
140146107,571,550,1121
140146108,562,564,1126
140146109,409,446,855
140146110,407,459,866
140146111,564,541,1105
140146112,917,932,1849
140146113,801,810,1611
140146114,480,514,994
140146115,697,684,1381
140146201,422,489,911
140146202,371,431,802
140146203,400,438,838
140146204,315,382,697
140146205,328,357,685
140146206,421,448,869
140146207,431,444,875
140146208,449,454,903
140146209,475,526,1001
140146210,474,567,1041
140146211,871,842,1713
140146212,590,630,1220
140146213,434,507,941
140146301,299,337,636
140146302,288,369,657
140146303,291,305,596
140146304,330,410,740
140146305,501,587,1088
140146306,465,485,950
140146307,375,441,816
140146308,419,493,912
140146309,428,468,896
140146310,325,362,687
140146311,307,328,635
140146312,257,298,555
140146313,325,390,715
140146401,286,315,601
140146402,469,533,1002
140146403,278,363,641
140146404,314,400,714
140146405,308,322,630
140146406,222,284,506
140146407,471,506,977
140146408,394,484,878
140146409,449,522,971
140146410,519,586,1105
140146411,444,481,925
140146501,257,271,528
140146502,340,396,736
140146503,172,248,420
140146504,162,164,326
140146505,290,328,618
140146506,333,380,713
140146507,255,276,531
140146508,162,176,338
140146509,238,313,551
140146510,233,299,532
140146511,466,479,945
140146512,398,461,859
140146513,300,347,647
140146514,633,706,1339
140146515,233,282,515
140146516,467,469,936
140146601,293,372,665
140146602,356,428,784
140146603,107,149,256
140146604,181,243,424
140146605,152,191,343
140146606,173,227,400
140146607,193,255,448
140146608,63,80,143
140146609,187,230,417
140146610,111,143,254
140146611,92,137,229
140146612,193,240,433
140146613,149,164,313
140146614,310,392,702
140146701,198,278,476
140146702,81,109,190
140146703,298,401,699
140146704,116,224,340
140146705,164,233,397
140146706,223,354,577
140146707,143,175,318
140146708,203,256,459
140146709,195,274,469
140146710,185,217,402
140146711,354,486,840
140146801,129,183,312
140146802,122,157,279
140146803,211,294,505
140146804,352,440,792
140146805,102,120,222
140146806,233,299,532
140146807,135,177,312
140146808,65,90,155
140146809,220,270,490
140146810,175,209,384
140146811,119,139,258
140146812,209,229,438
140146813,150,145,295
140146814,326,373,699
140146901,163,231,394
140146902,86,126,212
140146903,158,261,419
140146904,175,237,412
140146905,280,290,570
140146906,319,314,633
140146907,277,294,571
140146908,362,388,750
140146909,202,199,401
140146910,279,281,560
140146911,478,492,970
140146912,158,189,347
140146913,76,66,142
140146914,263,314,577
140147001,209,312,521
140147002,243,270,513
140147003,312,334,646
140147004,227,331,558
140147005,264,319,583
140147006,257,357,614
140147007,188,266,454
140147008,186,314,500
140147009,179,234,413
140147010,230,313,543
140147011,155,235,390
140147101,187,217,404
140147102,280,384,664
140147103,212,326,538
140147104,273,375,648
140147105,215,253,468
140147106,255,367,622
140147107,332,414,746
140147108,197,256,453
140147109,305,456,761
140147110,297,394,691
140147111,192,293,485
140147201,513,621,1134
140147202,559,784,1343
140147203,495,607,1102
140147204,531,529,1060
140147205,198,258,456
140147206,438,554,992
140147207,451,657,1108
140147301,347,384,731
140147302,314,382,696
140147303,290,355,645
140147304,309,434,743
140147305,306,388,694
140147306,363,423,786
140147307,307,429,736
140147308,316,343,659
140147309,441,538,979
140147310,261,304,565
140147311,273,325,598
140147312,267,315,582
140147313,326,377,703
140147401,584,641,1225
140147402,504,510,1014
140147403,408,428,836
140147404,366,386,752
140147405,421,425,846
140147406,698,738,1436
140147407,483,539,1022
140147408,501,567,1068
140147409,360,446,806
140147410,357,437,794
140147411,620,643,1263
140147412,499,621,1120
140147413,343,453,796
140147414,403,460,863
140147415,481,522,1003
140147416,337,361,698
140147417,356,404,760
140147418,393,470,863
140147501,751,748,1499
140147502,498,534,1032
140147503,517,525,1042
140147504,504,507,1011
140147505,527,572,1099
140147506,620,686,1306
140147507,696,746,1442
140147508,523,512,1035
140147509,699,664,1363
140147510,586,693,1279
140147511,600,603,1203
140147512,540,588,1128
140147513,878,860,1738
140147514,877,913,1790
140147515,740,787,1527
140147516,505,520,1025
140147517,531,589,1120
140147518,709,707,1416
140147519,977,992,1969
140147601,690,737,1427
140147602,493,538,1031
140147603,445,465,910
140147604,488,527,1015
140147605,498,528,1026
140147606,1162,1278,2440
140147607,516,520,1036
140147608,418,467,885
140147609,550,578,1128
140147610,456,471,927
140147611,439,524,963
140147612,609,649,1258
140147613,398,425,823
140147614,504,546,1050
140147615,401,466,867
140147616,725,835,1560
140147617,730,738,1468
140147701,514,589,1103
140147702,386,431,817
140147703,337,396,733
140147704,403,443,846
140147705,474,510,984
140147706,404,479,883
140147707,492,580,1072
140147708,422,450,872
140147709,363,428,791
140147710,425,466,891
140147711,322,367,689
140147712,442,520,962
140147713,673,780,1453
140147714,455,492,947
140147715,534,583,1117
140147716,351,432,783
140147717,580,590,1170
140147718,338,353,691
140147719,603,686,1289
140147720,582,633,1215
140147721,367,372,739
140147722,521,565,1086
140147801,521,568,1089
140147802,282,322,604
140147803,355,419,774
140147804,398,455,853
140147805,377,425,802
140147806,203,246,449
140147807,447,466,913
140147808,393,442,835
140147809,531,569,1100
140147810,433,465,898
140147811,488,618,1106
140147812,407,498,905
140147813,276,364,640
140147814,573,715,1288
140147815,221,272,493
140147816,277,317,594
140147901,441,491,932
140147902,384,444,828
140147903,317,396,713
140147904,266,343,609
140147905,287,353,640
140147906,399,490,889
140147907,485,521,1006
140147908,295,377,672
140147909,480,576,1056
140147910,375,421,796
140147911,487,520,1007
140147912,302,340,642
140147913,506,477,983
140147914,330,377,707
140147915,571,638,1209
140147916,418,467,885
140147917,397,427,824
140147918,376,424,800
140147919,398,428,826
140147920,350,392,742
140148001,187,244,431
140148002,176,214,390
140148003,150,183,333
140148004,143,173,316
140148005,283,248,531
140148006,295,384,679
140148007,139,147,286
140148008,135,168,303
140148009,190,193,383
140148010,199,211,410
140148011,327,376,703
140148012,340,391,731
140148013,163,230,393
140148014,286,264,550
140148101,202,281,483
140148102,218,330,548
140148103,418,556,974
140148104,388,556,944
140148105,400,507,907
140148106,539,707,1246
140148107,184,263,447
140148108,183,297,480
140148109,189,268,457
140148110,204,262,466
140148201,257,292,549
140148202,312,378,690
140148203,244,325,569
140148204,417,559,976
140148205,154,198,352
140148206,129,141,270
140148207,271,311,582
140148208,549,586,1135
140148209,296,303,599
140148210,206,182,388
140148211,195,194,389
140148301,392,458,850
140148302,436,513,949
140148303,423,466,889
140148304,358,372,730
140148305,324,337,661
140148306,270,346,616
140148307,469,521,990
140148308,316,339,655
140148309,524,416,940
140148310,259,224,483
140148311,405,432,837
140148312,483,531,1014
140148313,387,426,813
140148314,440,489,929
140148315,288,359,647
140148316,220,266,486
140148401,425,498,923
140148402,425,502,927
140148403,393,433,826
140148404,288,343,631
140148405,463,493,956
140148406,276,310,586
140148407,255,282,537
140148408,309,396,705
140148409,378,424,802
140148410,329,367,696
140148411,360,383,743
140148412,306,413,719
140148501,439,472,911
140148502,307,374,681
140148503,309,384,693
140148504,402,445,847
140148505,451,513,964
140148506,499,504,1003
140148507,316,396,712
140148508,682,758,1440
140148509,741,815,1556
140148510,609,673,1282
140148511,664,706,1370
140148512,556,599,1155
140148513,612,644,1256
140148514,590,627,1217
140148515,306,340,646
140148516,391,468,859
140148601,507,476,983
140148602,328,332,660
140148603,523,509,1032
140148604,675,682,1357
140148605,720,727,1447
140148606,598,678,1276
140148607,662,671,1333
140148608,521,559,1080
140148609,552,541,1093
140148610,720,765,1485
140148611,416,457,873
140148612,464,476,940
140148701,500,532,1032
140148702,433,429,862
140148703,336,385,721
140148704,407,408,815
140148705,733,712,1445
140148706,360,382,742
140148707,456,480,936
140148708,745,802,1547
140148709,385,387,772
140148710,464,489,953
140148711,616,598,1214
140148712,581,520,1101
140148713,293,315,608
140148801,347,397,744
140148802,489,492,981
140148803,444,486,930
140148804,379,415,794
140148805,193,206,399
140148806,425,491,916
140148807,445,510,955
140148808,371,414,785
140148809,416,427,843
140148810,411,479,890
140148811,599,660,1259
140148812,495,537,1032
140148813,537,572,1109
140148814,725,768,1493
140148815,552,588,1140
140148901,344,393,737
140148902,269,314,583
140148903,501,597,1098
140148904,526,591,1117
140148905,327,348,675
140148906,451,522,973
140148907,432,464,896
140148908,351,347,698
140148909,387,478,865
140148910,403,443,846
140148911,373,435,808
140148912,454,499,953
140148913,435,471,906
140148914,406,411,817
140148915,556,617,1173
140148916,791,866,1657
140149001,329,343,672
140149002,492,451,943
140149003,330,342,672
140149004,283,298,581
140149005,379,417,796
140149006,581,600,1181
140149007,601,624,1225
140149008,270,316,586
140149009,332,391,723
140149010,318,370,688
140149011,402,446,848
140149012,500,547,1047
140149013,695,724,1419
140149014,366,405,771
140149015,391,471,862
140149101,581,635,1216
140149102,458,491,949
140149103,366,417,783
140149104,538,596,1134
140149105,440,482,922
140149106,424,507,931
140149107,407,400,807
140149108,345,377,722
140149109,210,250,460
140149110,376,410,786
140149111,402,414,816
140149112,429,477,906
140149113,427,517,944
140149114,602,673,1275
140149115,466,456,922
140149116,360,394,754
140149117,419,453,872
140149118,469,514,983
140149119,439,494,933
140149120,294,293,587
140149201,360,428,788
140149202,225,255,480
140149203,225,277,502
140149204,458,462,920
140149205,398,443,841
140149206,364,421,785
140149207,284,343,627
140149208,316,336,652
140149209,364,440,804
140149210,305,338,643
140149211,373,407,780
140149212,426,441,867
140149213,216,260,476
140149214,421,480,901
140149215,323,343,666
140149216,396,457,853
140149217,410,495,905
140149218,193,243,436
140149301,342,406,748
140149302,361,408,769
140149303,527,621,1148
140149304,666,729,1395
140149305,422,476,898
140149306,581,652,1233
140149307,549,555,1104
140149308,620,718,1338
140149309,396,444,840
140149310,515,598,1113
140149311,694,737,1431
140149312,633,744,1377
140149313,347,389,736
140149314,231,264,495
140149315,429,444,873
140149316,358,416,774
140149317,756,842,1598
140149318,411,463,874
140149319,554,614,1168
140149320,297,326,623
140149321,430,483,913
140149401,501,594,1095
140149402,501,498,999
140149403,371,413,784
140149404,919,977,1896
140149405,629,698,1327
140149406,482,530,1012
140149407,818,829,1647
140149408,922,961,1883
140149409,615,610,1225
140149410,492,506,998
140149411,542,570,1112
140149412,555,643,1198
140149413,514,551,1065
140149414,416,438,854
140149501,347,393,740
140149502,345,360,705
140149503,335,344,679
140149504,655,676,1331
140149505,662,705,1367
140149506,568,658,1226
140149507,608,603,1211
140149508,736,715,1451
140149509,434,487,921
140149510,474,593,1067
140149511,503,474,977
140149512,825,854,1679
140149513,731,772,1503
140149514,719,726,1445
140149601,390,379,769
140149602,372,377,749
140149603,564,607,1171
140149604,532,641,1173
140149605,444,450,894
140149606,361,381,742
140149607,333,369,702
140149608,475,491,966
140149609,460,496,956
140149610,561,572,1133
140149611,417,456,873
140149612,531,592,1123
140149613,594,607,1201
140149614,377,405,782
140149615,370,367,737
140149616,686,673,1359
140149617,909,862,1771
140149701,1016,1019,2035
140149702,377,385,762
140149703,403,468,871
140149704,334,366,700
140149705,374,432,806
140149706,845,844,1689
140149707,682,637,1319
140149708,777,765,1542
140149709,759,828,1587
140149710,628,659,1287
140149711,744,761,1505
140149712,504,520,1024
140149713,414,410,824
140149714,868,871,1739
140149715,581,628,1209
140149716,571,586,1157
140149717,918,970,1888
140149801,431,516,947
140149802,627,634,1261
140149803,451,475,926
140149804,455,452,907
140149805,312,344,656
140149806,456,460,916
140149807,789,764,1553
140149808,426,468,894
140149809,550,575,1125
140149810,378,424,802
140149811,401,442,843
140149812,477,479,956
140149813,766,818,1584
140149901,568,613,1181
140149902,540,579,1119
140149903,604,679,1283
140149904,379,398,777
140149905,369,395,764
140149906,505,561,1066
140149907,397,411,808
140149908,756,795,1551
140149909,546,601,1147
140149910,608,619,1227
140149911,350,419,769
140149912,469,453,922
140149913,821,832,1653
140210101,37,24,61
140210102,47,38,85
140210103,81,77,158
140210104,204,190,394
140210105,139,125,264
140210106,289,262,551
140210107,260,272,532
140210108,214,239,453
140210109,280,264,544
140210110,181,195,376
140210201,29,21,50
140210202,39,37,76
140210203,24,22,46
140210204,88,62,150
140210205,179,182,361
140210206,119,134,253
140210207,218,227,445
140210208,138,151,289
140210209,287,271,558
140210210,204,188,392
140210211,125,109,234
140210212,173,188,361
140210213,253,278,531
140210301,85,99,184
140210302,198,198,396
140210303,357,329,686
140210304,419,419,838
140210305,202,209,411
140210306,207,189,396
140210307,86,58,144
140210308,189,167,356
140210309,293,346,639
140210310,188,160,348
140210311,229,198,427
140210312,214,205,419
140210313,183,180,363
140210314,544,565,1109
140210315,537,464,1001
140210316,465,462,927
140210401,146,143,289
140210402,139,122,261
140210403,234,248,482
140210404,165,175,340
140210405,181,152,333
140210406,444,470,914
140210407,493,518,1011
140210408,150,173,323
140210409,639,654,1293
140210410,496,486,982
140210501,90,81,171
140210502,134,155,289
140210503,28,16,44
140210504,117,100,217
140210505,105,98,203
140210506,230,262,492
140210507,399,425,824
140210508,434,428,862
140210601,109,83,192
140210602,55,43,98
140210603,40,40,80
140210604,74,78,152
140210605,170,174,344
140210606,32,32,64
140210607,103,106,209
140210608,483,468,951
140210609,449,478,927
140210610,290,306,596
140210611,794,827,1621
140210612,628,691,1319
140210613,436,478,914
140210614,713,800,1513
140210615,813,795,1608
140210616,572,584,1156
140210701,132,108,240
140210702,330,295,625
140210703,160,144,304
140210704,368,352,720
140210705,755,767,1522
140210706,614,646,1260
140210707,634,643,1277
140210708,576,618,1194
140210709,513,516,1029
140210710,399,408,807
140210711,474,495,969
140210712,400,404,804
140210713,104,93,197
140210714,395,357,752
140210715,570,582,1152
140210716,315,311,626
140210801,87,70,157
140210802,338,270,608
140210803,893,846,1739
140210804,611,595,1206
140210805,627,630,1257
140210806,267,261,528
140210807,726,745,1471
140210808,464,503,967
140210809,801,806,1607
140210810,462,495,957
140210811,459,418,877
140210812,509,473,982
140210813,528,558,1086
140210814,643,606,1249
140210901,405,406,811
140210902,435,418,853
140210903,355,387,742
140210904,303,334,637
140210905,225,298,523
140210906,455,464,919
140210907,246,311,557
140210908,213,244,457
140210909,264,345,609
140210910,476,525,1001
140210911,1221,716,1937
140210912,300,336,636
140210913,420,457,877
140210914,447,508,955
140211001,626,702,1328
140211002,378,430,808
140211003,420,488,908
140211004,575,645,1220
140211005,399,442,841
140211006,552,572,1124
140211007,281,313,594
140211008,429,508,937
140211009,336,384,720
140211010,403,493,896
140211011,707,697,1404
140211012,884,855,1739
140211013,767,783,1550
140211014,733,809,1542
140211015,250,254,504
140211016,434,502,936
140211101,409,425,834
140211102,529,511,1040
140211103,340,341,681
140211104,434,407,841
140211105,356,393,749
140211106,174,183,357
140211107,409,459,868
140211108,409,475,884
140211109,667,678,1345
140211110,323,301,624
140211111,357,364,721
140211112,593,650,1243
140211113,444,510,954
140211114,383,419,802
140211115,311,370,681
140211116,318,361,679
140211117,365,429,794
140211118,527,590,1117
140211119,452,502,954
140211201,314,300,614
140211202,287,304,591
140211203,449,475,924
140211204,334,359,693
140211205,404,426,830
140211206,364,361,725
140211207,305,352,657
140211208,211,204,415
140211209,188,214,402
140211210,354,392,746
140211211,390,417,807
140211212,370,356,726
140211213,323,332,655
140211214,384,443,827
140211301,403,408,811
140211302,247,262,509
140211303,364,388,752
140211304,301,330,631
140211305,471,490,961
140211306,340,319,659
140211307,283,314,597
140211308,549,609,1158
140211309,319,325,644
140211310,327,387,714
140211311,256,324,580
140211312,274,340,614
140211313,341,377,718
140211314,398,426,824
140211401,308,376,684
140211402,221,250,471
140211403,255,268,523
140211404,416,472,888
140211405,451,472,923
140211406,477,442,919
140211407,568,590,1158
140211408,320,365,685
140211409,327,327,654
140211410,371,412,783
140211411,488,528,1016
140211412,380,432,812
140211501,304,334,638
140211502,367,425,792
140211503,361,385,746
140211504,363,402,765
140211505,310,332,642
140211506,381,468,849
140211507,381,399,780
140211508,180,190,370
140211509,296,277,573
140211510,303,368,671
140211511,286,315,601
140211601,510,491,1001
140211602,579,638,1217
140211603,339,407,746
140211604,505,499,1004
140211605,491,495,986
140211606,611,635,1246
140211607,418,420,838
140211608,354,393,747
140211609,382,361,743
140211610,398,390,788
140211611,656,687,1343
140211701,401,403,804
140211702,368,387,755
140211703,348,379,727
140211704,407,395,802
140211705,326,321,647
140211706,529,558,1087
140211707,555,589,1144
140211708,766,785,1551
140211709,778,871,1649
140211710,549,556,1105
140211801,368,359,727
140211802,447,439,886
140211803,321,357,678
140211804,362,442,804
140211805,457,523,980
140211806,455,422,877
140211807,484,504,988
140211808,548,591,1139
140211809,537,561,1098
140211810,484,575,1059
140211811,376,456,832
140211812,587,687,1274
140211813,713,757,1470
140211814,295,371,666
140211815,497,572,1069
140211816,530,577,1107
140211901,424,424,848
140211902,431,465,896
140211903,306,304,610
140211904,301,303,604
140211905,383,420,803
140211906,281,333,614
140211907,266,291,557
140211908,279,291,570
140211909,468,521,989
140211910,524,566,1090
140211911,437,515,952
140211912,368,383,751
140211913,398,402,800
140212001,364,366,730
140212002,351,352,703
140212003,580,623,1203
140212004,497,490,987
140212005,609,605,1214
140212006,437,481,918
140212007,596,670,1266
140212008,424,435,859
140212009,389,410,799
140212010,416,458,874
140212011,286,311,597
140212012,331,381,712
140212013,382,425,807
140212014,663,682,1345
140212015,425,505,930
140212016,325,335,660
140212017,338,347,685
140212018,577,540,1117
140212101,471,478,949
140212102,356,346,702
140212103,383,346,729
140212104,84,99,183
140212105,472,490,962
140212106,500,540,1040
140212107,344,377,721
140212108,337,364,701
140212109,344,365,709
140212110,653,638,1291
140212111,151,169,320
140212112,303,303,606
140212113,531,551,1082
140212114,383,384,767
140212115,321,340,661
140212116,490,563,1053
140212117,268,273,541
140212118,690,746,1436
140212119,278,259,537
140212120,284,292,576
140280101,52,32,84
140280102,294,263,557
140280103,160,135,295
140280104,493,401,894
140280105,308,342,650
140280106,150,152,302
140280107,53,44,97
140280108,191,180,371
140280109,410,390,800
140280110,909,840,1749
140280111,469,468,937
140280201,874,875,1749
140280202,469,484,953
140280203,510,550,1060
140280204,815,888,1703
140280205,387,425,812
140280206,259,332,591
140280207,280,362,642
140280208,590,679,1269
140280209,434,540,974
140280210,382,457,839
140280211,578,629,1207
140280212,516,607,1123
140280213,561,593,1154
140280214,492,634,1126
140280215,636,736,1372
140280216,634,740,1374
140280301,585,631,1216
140280302,595,638,1233
140280303,530,592,1122
140280304,550,654,1204
140280305,554,598,1152
140280306,283,370,653
140280307,346,391,737
140280308,254,326,580
140280309,383,467,850
140280310,492,551,1043
140280311,1644,631,2275
140280312,326,341,667
140280401,50,31,81
140280402,194,150,344
140280403,279,268,547
140280404,212,202,414
140280405,174,152,326
140280406,357,398,755
140280407,453,430,883
140280408,405,398,803
140280409,516,517,1033
140280410,464,443,907
140280501,413,326,739
140280502,280,242,522
140280503,77,65,142
140280504,229,149,378
140280505,504,497,1001
140280506,563,615,1178
140280507,563,560,1123
140280508,500,514,1014
140280509,276,365,641
140280510,365,393,758
140280511,424,558,982
140280512,427,411,838
140280513,361,383,744
140280514,661,688,1349
140280515,196,208,404
140280601,42,32,74
140280602,132,140,272
140280603,210,220,430
140280604,113,105,218
140280605,30,37,67
140280606,266,294,560
140280607,456,487,943
140280701,100,94,194
140280702,107,91,198
140280703,81,50,131
140280704,25,16,41
140280705,35,24,59
140280706,142,108,250
140350101,32,9,41
140350102,27,11,38
140350103,94,57,151
140350104,53,16,69
140350105,53,26,79
140350106,78,54,132
140350107,190,183,373
140350108,574,612,1186
140350109,459,485,944
140350110,441,407,848
140350201,50,34,84
140350202,49,34,83
140350203,30,24,54
140350204,34,22,56
140350205,26,19,45
140350206,164,164,328
140350207,37,30,67
140350208,87,47,134
140350209,31,17,48
140350210,334,323,657
140350211,380,374,754
140350212,441,522,963
140350213,529,509,1038
140350214,389,412,801
140350215,503,493,996
140350301,75,48,123
140350302,33,19,52
140350303,230,120,350
140350304,126,94,220
140350305,137,93,230
140350306,113,90,203
140350307,309,213,522
140350308,78,55,133
140350309,80,39,119
140350310,253,251,504
140350311,477,476,953
140350312,389,387,776
140350313,398,414,812
140350314,361,378,739
140350315,453,503,956
140350316,343,368,711
140350317,535,532,1067
140350318,549,541,1090
140350401,51,29,80
140350402,99,66,165
140350403,119,87,206
140350404,368,360,728
140350405,449,461,910
140350406,554,605,1159
140350407,387,398,785
140350408,225,279,504
140350409,339,376,715
140350410,252,304,556
140350411,226,241,467
140350412,385,410,795
140350413,368,364,732
140350414,488,518,1006
140350415,551,518,1069
140350501,21,3,24
140350502,85,18,103
140350503,48,24,72
140350504,74,47,121
140350505,64,44,108
140350506,71,38,109
140350507,33,13,46
140350508,366,384,750
140350509,345,346,691
140350510,357,366,723
140350511,336,388,724
140350512,613,597,1210
140350513,396,417,813
140350514,347,398,745
140420101,79,58,137
140420102,56,53,109
140420103,112,89,201
140420104,71,57,128
140420105,180,153,333
140420106,91,63,154
140420107,136,102,238
140420108,177,131,308
140420109,560,571,1131
140420110,279,371,650
140420111,458,433,891
140420112,187,199,386
140420201,77,54,131
140420202,115,103,218
140420203,98,69,167
140420204,73,48,121
140420205,170,139,309
140420206,64,45,109
140420207,81,56,137
140420208,266,205,471
140420209,247,217,464
140420210,327,350,677
140420301,175,135,310
140420302,168,153,321
140420303,108,98,206
140420304,87,85,172
140420305,101,85,186
140420306,17,11,28
140420307,317,267,584
140420308,313,319,632
140420309,415,426,841
140420310,556,501,1057
140420311,350,407,757
140420312,157,197,354
140420313,537,602,1139
140420314,571,590,1161
140420401,564,583,1147
140420402,357,344,701
140420403,366,368,734
140420404,560,586,1146
140420405,488,575,1063
140420406,549,545,1094
140420407,565,587,1152
140420408,540,535,1075
140420409,468,467,935
140420410,433,478,911
140420411,479,542,1021
140420412,460,491,951
140420413,597,599,1196
140420414,421,426,847
140420415,734,739,1473
140420416,322,347,669
140420417,424,426,850
140420418,585,572,1157
140420419,349,347,696
140420501,55,36,91
140420502,45,44,89
140420503,34,26,60
140420504,79,59,138
140420505,53,57,110
140420506,65,47,112
140420507,85,58,143
140420508,155,112,267
140420509,118,98,216
140420510,290,273,563
140420511,256,246,502
140420512,384,371,755
140420513,340,332,672
140420514,389,372,761
140420515,302,303,605
140420516,286,287,573
140420517,537,509,1046
140420601,474,458,932
140420602,377,359,736
140420603,983,584,1567
140420604,385,443,828
140420605,345,381,726
140420606,424,424,848
140420607,251,292,543
140420608,530,596,1126
140420609,392,436,828
140420610,230,260,490
140420611,328,407,735
140420612,191,236,427
140420613,302,416,718
140420614,309,395,704
140420615,608,612,1220
140420616,592,630,1222
140420617,340,414,754
140420618,288,297,585
140420619,170,270,440
140420620,187,226,413
140420621,685,693,1378
140420701,663,620,1283
140420702,469,511,980
140420703,650,640,1290
140420704,315,390,705
140420705,410,511,921
140420706,289,375,664
140420707,347,463,810
140420708,443,485,928
140420709,488,549,1037
140420710,637,653,1290
140420711,1053,1030,2083
140420712,403,403,806
140420713,347,393,740
140420714,203,235,438
140420715,673,688,1361
140420801,260,320,580
140420802,146,212,358
140420803,369,436,805
140420804,176,206,382
140420805,336,386,722
140420806,283,363,646
140420807,311,388,699
140420808,248,295,543
140420809,368,388,756
140420810,420,496,916
140420811,245,302,547
140420812,416,448,864
140420813,213,248,461
140420814,313,326,639
140420815,499,508,1007
140420816,529,507,1036
140420817,230,259,489
140420818,413,436,849
140420819,719,742,1461
140420820,202,281,483
140420821,211,221,432
140420822,384,378,762
140420823,352,358,710
140420901,450,472,922
140420902,418,441,859
140420903,340,331,671
140420904,435,443,878
140420905,530,525,1055
140420906,513,549,1062
140420907,331,326,657
140420908,254,272,526
140420909,435,536,971
140420910,280,299,579
140420911,212,267,479
140420912,167,249,416
140420913,300,369,669
140420914,330,397,727
140420915,299,351,650
140420916,443,478,921
140420917,370,409,779
140420918,311,337,648
140420919,457,480,937
140420920,394,448,842
140420921,456,469,925
140420922,215,249,464
140420923,198,258,456
140420924,240,286,526
140420925,242,287,529
140421001,106,78,184
140421002,82,76,158
140421003,4,2,6
140421004,55,45,100
140421005,64,59,123
140421006,59,36,95
140421007,50,35,85
140421008,284,331,615
140421009,427,440,867
140421010,425,368,793
140421011,274,240,514
140421012,361,378,739
140421013,295,341,636
140421014,333,310,643
140421015,363,382,745
140421016,536,525,1061
140421101,369,417,786
140421102,328,328,656
140421103,430,454,884
140421104,379,432,811
140421105,536,506,1042
140421106,373,397,770
140421107,858,839,1697
140421108,676,689,1365
140421109,644,613,1257
140421110,400,431,831
140421111,450,473,923
140421112,409,474,883
140421113,293,302,595
140490101,56,49,105
140490102,62,62,124
140490103,124,101,225
140490104,72,59,131
140490105,89,61,150
140490106,51,35,86
140490107,46,30,76
140490108,109,101,210
140490109,174,164,338
140490110,37,28,65
140490111,278,279,557
140490112,222,224,446
140490113,526,625,1151
140490114,370,397,767
140490115,400,434,834
140490116,659,681,1340
140490201,463,371,834
140490202,80,62,142
140490203,45,35,80
140490204,177,103,280
140490205,47,33,80
140490206,41,29,70
140490207,106,95,201
140490208,14,8,22
140490209,32,25,57
140490210,72,48,120
140490211,238,229,467
140490212,56,50,106
140490213,112,93,205
140490214,279,271,550
140490215,130,152,282
140490301,355,343,698
140490302,343,348,691
140490303,511,635,1146
140490304,360,378,738
140490305,470,499,969
140490306,317,327,644
140490307,460,512,972
140490308,423,454,877
140490309,427,499,926
140490310,340,386,726
140490311,552,677,1229
140490312,454,516,970
140490313,366,446,812
140490314,374,429,803
140490315,152,182,334
140490316,308,372,680
140490317,279,330,609
140490318,296,372,668
140490319,499,619,1118
140490320,470,538,1008
140490321,388,392,780
140490322,554,649,1203
140490323,406,425,831
140490324,383,386,769
140490325,505,505,1010
140560101,114,75,189
140560102,113,88,201
140560103,88,89,177
140560104,609,670,1279
140560105,669,698,1367
140560106,581,593,1174
140560107,387,401,788
140560108,570,570,1140
140560109,504,500,1004
140560110,467,460,927
140560111,396,398,794
140560112,301,323,624
140560113,402,436,838
140560114,303,349,652
140560115,265,262,527
140560116,270,350,620
140560117,556,573,1129
140560118,358,380,738
140560201,72,43,115
140560202,27,27,54
140560203,13,9,22
140560204,298,296,594
140560205,558,577,1135
140560206,472,419,891
140560207,180,212,392
140560208,295,314,609
140560209,409,379,788
140560210,498,513,1011
140560211,531,511,1042
140560212,579,545,1124
140560213,912,864,1776
140560214,881,818,1699
140560301,9,7,16
140560302,58,38,96
140560303,155,96,251
140560304,121,81,202
140560305,63,57,120
140560306,22,20,42
140560307,17,12,29
140560308,47,39,86
140560309,64,51,115
140560310,100,101,201
140560311,444,471,915
140560312,366,407,773
140560313,459,523,982
140560314,366,342,708
140560315,241,292,533
140560316,457,456,913
140560317,293,311,604
140560318,319,304,623
140560319,544,544,1088
140560320,313,306,619
140560401,54,43,97
140560402,73,52,125
140560403,17,12,29
140560404,23,13,36
140560405,67,49,116
140560406,49,34,83
140560407,641,601,1242
140560408,250,240,490
140560409,353,359,712
140560410,364,352,716
140560411,311,330,641
140560412,280,312,592
140560413,473,489,962
140560414,420,422,842
140560415,389,444,833
140560501,36,28,64
140560502,37,23,60
140560503,25,20,45
140560504,83,51,134
140560505,18,11,29
140560506,109,111,220
140560507,89,57,146
140560508,294,281,575
140560509,270,286,556
140560601,110,81,191
140560602,61,51,112
140560603,51,36,87
140560604,34,28,62
140560605,47,40,87
140560606,46,24,70
140560607,53,42,95
140560608,88,68,156
140560609,140,117,257
140560610,77,56,133
140560611,91,71,162
140560612,128,77,205
140560613,132,92,224
140560614,31,28,59
140560615,406,430,836
140560616,361,345,706
140560617,424,435,859
140560618,275,284,559
140560701,344,343,687
140560702,313,333,646
140560703,460,517,977
140560704,360,402,762
140560705,275,311,586
140560706,493,536,1029
140560707,283,347,630
140560708,470,526,996
140560709,568,609,1177
140560710,376,381,757
140560711,535,568,1103
140560712,757,755,1512
140560713,561,547,1108
140560714,279,288,567
140630101,49,53,102
140630102,44,36,80
140630103,31,20,51
140630104,24,17,41
140630105,28,19,47
140630106,60,46,106
140630107,29,28,57
140630108,35,29,64
140630109,380,409,789
140630201,60,34,94
140630202,124,116,240
140630203,60,44,104
140630204,58,45,103
140630205,29,22,51
140630206,48,49,97
140630207,53,55,108
140630208,50,49,99
140630209,41,35,76
140630210,66,46,112
140630211,50,38,88
140630212,472,500,972
140630213,371,403,774
140630214,273,310,583
140630215,226,222,448
140630301,24,19,43
140630302,64,50,114
140630303,156,153,309
140630304,430,429,859
140630305,461,412,873
140630306,427,448,875
140630307,314,345,659
140630308,418,397,815
140630309,280,300,580
140630310,276,304,580
140630311,478,498,976
140630401,17,19,36
140630402,33,30,63
140630403,18,16,34
140630404,37,31,68
140630405,75,45,120
140630406,20,17,37
140630407,474,483,957
140630408,334,408,742
140630409,231,282,513
140630410,231,273,504
140630411,252,273,525
140630412,225,243,468
140630413,448,468,916
140630414,346,396,742
140630415,360,369,729
140630501,112,67,179
140630502,74,56,130
140630503,33,20,53
140630504,262,265,527
140630505,368,393,761
140630506,418,450,868
140630507,278,318,596
140630508,399,401,800
140630509,229,306,535
140630510,616,568,1184
140630511,337,341,678
140630512,255,245,500
140630513,303,397,700
140630514,333,351,684
140630515,429,465,894
140630516,379,427,806
140630517,216,203,419
140630601,9,7,16
140630602,6,7,13
140630603,72,57,129
140630604,59,52,111
140630605,39,37,76
140630606,48,42,90
140630607,371,417,788
140630608,273,305,578
140630609,453,436,889
140630610,308,328,636
140630611,403,462,865
140630612,269,316,585
140630613,417,439,856
140630614,249,234,483
140630615,383,355,738
140630701,146,136,282
140630702,74,67,141
140630703,52,50,102
140630704,54,30,84
140630705,71,51,122
140630706,389,434,823
140630707,342,370,712
140630708,370,397,767
140630709,370,443,813
140630710,225,217,442
140630711,423,381,804
140630801,42,38,80
140630802,54,34,88
140630803,70,46,116
140630804,99,84,183
140630805,31,24,55
140630806,37,17,54
140630807,231,272,503
140630808,311,361,672
140630809,282,317,599
140630810,308,346,654
140630811,354,280,634
140630812,287,281,568
140630901,35,28,63
140630902,62,54,116
140630903,108,93,201
140630904,95,82,177
140630905,73,65,138
140630906,29,37,66
140630907,61,40,101
140630908,69,58,127
140630909,86,66,152
140630910,251,267,518
140630911,260,300,560
140630912,272,348,620
140630913,277,314,591
140630914,517,493,1010
140630915,492,494,986
140630916,402,454,856
140630917,213,232,445
140630918,333,389,722
140630919,239,301,540
140630920,406,480,886
140630921,455,472,927
140630922,568,537,1105
140630923,287,321,608
140631001,335,296,631
140631002,472,467,939
140631003,500,521,1021
140631004,324,359,683
140631005,278,262,540
140631006,323,375,698
140631007,568,545,1113
140631008,262,321,583
140631009,329,350,679
140631010,307,319,626
140631011,276,319,595
140631012,471,520,991
140631013,637,655,1292
140631101,697,672,1369
140631102,532,527,1059
140631103,343,341,684
140631104,441,426,867
140631105,474,522,996
140631106,243,262,505
140631107,373,347,720
140631108,395,366,761
140631109,363,349,712
140631110,518,545,1063
140631111,281,338,619
140631112,156,250,406
140631113,339,398,737
140631114,229,326,555
140631115,290,297,587
140631116,546,544,1090
140631201,347,352,699
140631202,272,280,552
140631203,364,366,730
140631204,184,232,416
140631205,482,537,1019
140631206,467,480,947
140631207,363,417,780
140631208,305,401,706
140631209,574,594,1168
140631210,665,666,1331
140631211,464,475,939
140631212,430,457,887
140631213,388,404,792
140631214,521,572,1093
140631215,599,563,1162
140631216,515,538,1053
140631301,562,565,1127
140631302,338,311,649
140631303,457,491,948
140631304,332,355,687
140631305,629,655,1284
140631306,339,379,718
140631307,214,228,442
140631308,274,346,620
140631309,386,486,872
140631310,215,226,441
140631311,285,325,610
140631312,295,297,592
140631313,289,287,576
140631314,413,428,841
140700101,159,144,303
140700102,66,67,133
140700103,174,164,338
140700104,71,48,119
140700105,179,148,327
140700201,75,73,148
140700202,77,67,144
140700203,167,126,293
140700204,57,38,95
140700205,98,83,181
140700206,150,127,277
140700207,112,132,244
140700208,69,64,133
140700209,70,65,135
140700210,119,124,243
140700211,147,156,303
140700212,231,214,445
140700213,412,454,866
140770101,28,16,44
140770102,14,10,24
140770103,69,65,134
140770104,55,38,93
140770105,86,102,188
140770106,88,79,167
140770107,71,63,134
140770108,59,40,99
140770109,65,54,119
140770110,210,212,422
140770201,96,68,164
140770202,157,133,290
140770203,250,268,518
140770204,396,335,731
140770205,79,69,148
140770206,26,22,48
140770207,96,93,189
140770208,93,69,162
140770209,47,30,77
140770210,333,347,680
140770211,277,318,595
140770212,88,95,183
140770213,86,85,171
140840101,71,56,127
140840102,90,68,158
140840103,80,55,135
140840104,39,22,61
140840105,43,18,61
140840106,527,537,1064
140840107,300,343,643
140840108,560,551,1111
140840109,476,485,961
140840110,411,445,856
140840111,541,521,1062
140840201,42,26,68
140840202,45,25,70
140840203,32,38,70
140840204,79,68,147
140840205,48,30,78
140840206,95,84,179
140840207,86,60,146
140840208,69,53,122
140840209,179,194,373
140840210,430,395,825
140840301,49,38,87
140840302,101,76,177
140840303,44,44,88
140840304,43,34,77
140840305,74,56,130
140840306,44,35,79
140840307,47,45,92
140840308,59,27,86
140840309,45,23,68
140840310,40,22,62
140840311,29,25,54
140840312,44,34,78
140840313,301,297,598
140840314,374,346,720
140840315,268,257,525
140840316,250,258,508
140840401,66,29,95
140840402,105,69,174
140840403,24,21,45
140840404,118,124,242
140840405,158,126,284
140840406,270,314,584
140840407,307,340,647
140840408,479,478,957
140840409,501,473,974
140840501,476,480,956
140840502,324,367,691
140840503,362,379,741
140840504,566,569,1135
140840505,432,451,883
140840506,374,391,765
140840507,384,401,785
140840508,452,533,985
140840509,307,341,648
140840510,248,289,537
140840511,335,387,722
140840512,477,504,981
140840513,343,382,725
140840514,517,551,1068
140840515,290,353,643
140840516,324,422,746
140840517,267,299,566
140840518,326,366,692
140840519,360,353,713
140840520,249,278,527
140840521,428,492,920
140840522,313,377,690
140840523,390,438,828
140840524,388,377,765
140840525,270,308,578
140840526,342,345,687
140840527,278,279,557
140910101,419,417,836
140910102,206,249,455
140910103,282,335,617
140910104,301,331,632
140910105,136,143,279
140910106,288,369,657
140910107,356,401,757
140910108,281,395,676
140910109,213,244,457
140910110,241,282,523
140910111,250,283,533
140910112,274,290,564
140910113,368,411,779
140910114,409,462,871
140910115,164,181,345
140910116,308,329,637
140910117,212,232,444
140910118,335,354,689
140910119,201,229,430
140910201,161,160,321
140910202,82,58,140
140910203,107,94,201
140910204,81,75,156
140910205,11,7,18
140910206,47,35,82
140910207,4,2,6
140910208,15,10,25
140910209,416,436,852
140910210,440,500,940
140910211,147,155,302
140910212,3,2,5
140910301,12,12,24
140910302,34,24,58
140910303,422,446,868
140910304,476,514,990
140910305,330,356,686
140910306,280,271,551
140910307,369,420,789
140910308,385,374,759
140910309,364,454,818
140910310,284,308,592
140910311,317,332,649
140910401,522,537,1059
140910402,433,512,945
140910403,321,397,718
140910404,454,490,944
140910405,310,424,734
140910406,308,387,695
140910407,506,610,1116
140910408,349,370,719
140910409,413,524,937
140910410,182,264,446
140910411,411,509,920
140910412,137,159,296
140910413,445,550,995
140910414,267,318,585
140910415,430,443,873
140910416,259,279,538
140910417,608,710,1318
140910418,355,401,756
140910419,334,361,695
140910420,521,525,1046
140910501,10,8,18
140910502,270,280,550
140910503,358,410,768
140910504,468,497,965
140910505,504,533,1037
140910506,306,385,691
140910507,261,300,561
140910508,149,174,323
140910509,295,303,598
140910510,341,353,694
140910601,2,2,4
140910602,196,203,399
140910603,38,31,69
140910604,29,31,60
140910605,28,31,59
140910606,428,445,873
140910607,463,519,982
140910608,578,556,1134
140910609,241,274,515
140910610,462,525,987
140910611,311,371,682
140910612,317,325,642
140910613,363,399,762
140910614,287,276,563
140910615,245,281,526
140910616,240,279,519
140910617,309,369,678
140910618,342,321,663
140910701,49,51,100
140910702,348,338,686
140910703,464,506,970
140910704,330,369,699
140910705,257,303,560
140910706,227,229,456
140910707,369,443,812
140910708,337,410,747
140910709,427,510,937
140910710,205,247,452
140910711,381,487,868
140910712,356,417,773
140910713,638,712,1350
140910714,423,425,848
140910715,491,628,1119
140910716,349,434,783
140910717,298,287,585
140910718,430,480,910
140910719,265,286,551
140910720,614,652,1266
140910721,696,754,1450
140910722,584,612,1196
140910723,458,466,924
140910801,10,5,15
140910802,126,107,233
140910803,10,6,16
140910804,169,174,343
140910805,255,306,561
140910806,303,326,629
140910807,282,288,570
140910808,230,200,430
140910809,315,314,629
140910810,375,398,773
140910811,241,296,537
140910812,492,524,1016
140910813,555,511,1066
140910901,417,437,854
140910902,273,262,535
140910903,278,339,617
140910904,618,599,1217
140910905,574,626,1200
140910906,504,547,1051
140910907,398,419,817
140910908,361,431,792
140910909,396,425,821
140910910,208,281,489
140910911,122,169,291
140910912,315,309,624
140910913,378,377,755
140910914,516,534,1050
140910915,574,594,1168
140910916,617,590,1207
140910917,400,469,869
140910918,297,295,592
140910919,309,364,673
140910920,400,460,860
140910921,793,860,1653
140910922,730,786,1516
140910923,0,0,0
140911001,441,498,939
140911002,320,390,710
140911003,332,381,713
140911004,443,571,1014
140911005,396,421,817
140911006,428,456,884
140911007,305,301,606
140911008,412,478,890
140911009,279,319,598
140911010,355,355,710
140911011,310,352,662
140911012,276,333,609
140911013,393,486,879
140911014,241,253,494
140911015,290,350,640
140911016,297,380,677
140911017,302,371,673
140911018,315,377,692
140911019,245,287,532
140911020,155,158,313
140911101,301,358,659
140911102,230,358,588
140911103,305,345,650
140911104,266,365,631
140911105,470,495,965
140911106,106,130,236
140911107,139,178,317
140911108,233,246,479
140911109,389,513,902
140911110,369,465,834
140911111,132,197,329
140911112,366,375,741
140911113,292,328,620
140911114,236,286,522
140911115,265,294,559
140911116,247,273,520
140911117,265,304,569
140911118,294,299,593
140911201,431,454,885
140911202,295,343,638
140911203,345,379,724
140911204,432,493,925
140911205,453,502,955
140911206,280,283,563
140911207,469,498,967
140911208,605,679,1284
140911209,333,355,688
140911210,484,469,953
140911211,467,507,974
140911212,280,303,583
140911213,331,362,693
140911214,431,488,919
140911215,472,462,934
140911216,199,195,394
140911217,270,296,566
140911218,287,299,586
140911219,394,446,840
140911220,328,379,707
140911221,378,410,788
140911222,365,376,741
140911223,349,350,699
140911301,8,3,11
140911302,28,16,44
140911303,43,36,79
140911304,7,8,15
140911305,6,10,16
140911306,14,11,25
140911307,9,9,18
140911308,8,7,15
140911309,206,179,385
140911310,150,137,287
140911311,500,512,1012
140911312,269,296,565
140911313,423,411,834
140911314,219,206,425
140911315,400,432,832
140911316,146,160,306
140911317,158,183,341
140911318,175,203,378
140911319,146,175,321
140911320,147,157,304
140911321,152,139,291
140911322,124,131,255
140911323,324,301,625
140911401,24,18,42
140911402,36,41,77
140911403,16,15,31
140911404,46,26,72
140911405,59,39,98
140911406,245,251,496
140911407,401,439,840
140911408,310,380,690
140911409,433,492,925
140911410,573,619,1192
140911411,291,336,627
140911412,321,353,674
140911413,342,403,745
140911414,293,406,699
140911415,299,357,656
140911501,10,8,18
140911502,232,258,490
140911503,362,352,714
140911504,279,321,600
140911505,234,259,493
140911506,273,304,577
140911507,382,381,763
140911508,331,358,689
140911509,360,405,765
140911510,398,436,834
140911601,12,6,18
140911602,26,17,43
140911603,4,6,10
140911604,10,8,18
140911605,112,87,199
140911606,42,45,87
140911607,9,13,22
140911608,232,314,546
140911609,218,205,423
140911610,126,123,249
140911701,2,1,3
140911702,5,3,8
140911703,16,16,32
140911704,1,2,3
140911705,10,8,18
140911706,403,410,813
140911707,273,287,560
140911708,246,263,509
140911709,319,337,656
140911710,222,228,450
140911711,216,243,459
140911712,207,232,439
140911713,377,390,767
140911714,236,233,469
140911715,155,148,303
140911801,24,21,45
140911802,10,10,20
140911803,27,21,48
140911804,193,170,363
140911805,93,88,181
140911806,169,167,336
140911807,142,140,282
140911808,309,318,627
140911809,278,232,510
140911810,78,53,131
140911901,76,74,150
140911902,45,49,94
140911903,1,1,2
140911904,54,25,79
140911905,20,11,31
140911906,300,283,583
140911907,256,220,476
140911908,353,326,679
140911909,329,350,679
140911910,358,316,674
140911911,450,479,929
140911912,61,47,108
140911913,331,333,664
140911914,230,232,462
140980101,8,6,14
140980102,32,25,57
140980103,59,44,103
140980104,50,30,80
140980105,20,17,37
140980106,35,28,63
140980107,19,22,41
140980108,256,259,515
140980109,360,380,740
140980110,431,446,877
140980111,269,337,606
140980112,262,281,543
140980113,273,329,602
140980114,331,335,666
140980115,367,396,763
140980116,292,346,638
140980117,444,475,919
140980201,20,11,31
140980202,62,47,109
140980203,135,111,246
140980204,76,66,142
140980205,56,44,100
140980206,33,20,53
140980207,27,30,57
140980208,316,361,677
140980209,286,283,569
140980210,374,373,747
140980211,464,528,992
140980301,32,23,55
140980302,51,42,93
140980303,21,13,34
140980304,320,358,678
140980305,479,469,948
140980306,382,457,839
140980307,232,320,552
140980308,376,426,802
140980309,316,331,647
140980310,305,305,610
140980311,391,452,843
140980401,43,24,67
140980402,97,78,175
140980403,47,33,80
140980404,32,25,57
140980405,34,31,65
140980406,73,69,142
140980407,353,366,719
140980408,367,370,737
140980409,143,161,304
140980501,32,21,53
140980502,100,83,183
140980503,36,36,72
140980504,17,12,29
140980505,183,171,354
140980506,354,258,612
140980507,71,48,119
140980508,35,24,59
140980509,83,75,158
140980510,456,454,910
140980511,364,369,733
140980512,455,459,914
140980513,322,350,672
140980514,283,286,569
140980515,352,365,717
140980516,202,199,401
140980517,401,368,769
140980601,38,32,70
140980602,108,72,180
140980603,81,60,141
140980604,61,44,105
140980605,69,57,126
140980606,96,83,179
140980607,108,113,221
140980608,144,132,276
140980609,72,64,136
140980701,48,29,77
140980702,85,62,147
140980703,77,67,144
140980704,134,102,236
140980705,29,26,55
140980706,46,35,81
140980707,77,73,150
140980708,67,70,137
140980801,90,60,150
140980802,94,64,158
140980803,105,94,199
140980804,130,84,214
140980805,32,18,50
140980806,121,97,218
140980807,208,260,468
140980808,361,406,767
140980809,297,309,606
140980810,227,219,446
140980811,151,141,292
140980901,78,61,139
140980902,246,201,447
140980903,111,74,185
140980904,306,362,668
140980905,318,347,665
140980906,364,396,760
140980907,288,349,637
140980908,325,349,674
140980909,402,388,790
140980910,313,333,646
140980911,168,157,325
140980912,532,567,1099
140980913,312,380,692
140980914,370,390,760
140981001,19,20,39
140981002,33,25,58
140981003,318,294,612
140981004,82,70,152
140981005,76,73,149
140981006,64,38,102
140981007,104,93,197
140981008,114,96,210
140981009,308,274,582
140981010,309,300,609
140981011,505,557,1062
140981012,302,368,670
140981013,452,485,937
140981014,381,385,766
140981101,148,109,257
140981102,161,122,283
140981103,37,28,65
140981104,33,21,54
140981105,51,50,101
140981106,215,127,342
140981107,108,87,195
140981108,72,43,115
140981109,406,426,832
140981110,304,300,604
140981111,379,386,765
140981201,140,111,251
140981202,161,113,274
140981203,229,182,411
140981204,249,172,421
140981205,68,50,118
140981206,198,170,368
140981207,456,427,883
140981208,329,328,657
140981209,267,268,535
140981210,266,293,559
140981211,254,272,526
140981212,331,344,675
140981301,91,50,141
140981302,86,49,135
140981303,72,71,143
140981304,76,55,131
140981305,58,27,85
140981306,53,25,78
140981307,18,9,27
140981308,64,46,110
140981309,104,40,144
140981310,97,50,147
140981311,390,377,767
140981312,508,543,1051
140981313,317,291,608
140981401,106,89,195
140981402,83,43,126
140981403,82,29,111
140981404,99,73,172
140981405,99,68,167
140981406,71,55,126
140981407,71,33,104
140981408,90,20,110
140981409,215,199,414
140981410,518,451,969
140981501,550,527,1077
140981502,575,547,1122
140981503,629,660,1289
140981504,489,493,982
140981505,405,381,786
140981506,385,396,781
140981507,400,416,816
140981508,358,375,733
140981509,519,576,1095
140981510,544,559,1103
140981511,515,442,957
140981512,301,310,611
140981513,532,563,1095
140981514,439,529,968
140981515,270,369,639
140981601,491,482,973
140981602,666,642,1308
140981603,301,314,615
140981604,324,354,678
140981605,519,599,1118
140981606,264,304,568
140981607,368,385,753
140981608,342,361,703
140981609,688,770,1458
140981610,571,627,1198
140981611,340,419,759
140981612,319,432,751
140981613,175,229,404
140981614,173,234,407
140981615,161,229,390
140981701,765,792,1557
140981702,550,538,1088
140981703,456,514,970
140981704,336,343,679
140981705,567,615,1182
140981706,377,380,757
140981707,299,346,645
140981708,518,547,1065
140981709,413,458,871
140981710,387,397,784
140981711,433,496,929
140981712,679,735,1414
140981713,403,430,833
140981801,610,647,1257
140981802,598,633,1231
140981803,738,782,1520
140981804,664,757,1421
140981805,617,705,1322
140981806,452,534,986
140981807,481,488,969
140981808,562,546,1108
140981809,717,777,1494
140981810,644,675,1319
140981811,452,475,927
140981812,457,494,951
140981813,519,535,1054
140981901,332,352,684
140981902,1201,1140,2341
140981903,602,601,1203
140981904,459,436,895
140981905,390,405,795
140981906,424,418,842
140981907,419,423,842
140981908,446,490,936
140981909,311,360,671
140981910,303,368,671
140981911,422,502,924
140981912,512,529,1041
140982001,151,173,324
140982002,255,322,577
140982003,308,380,688
140982004,164,227,391
140982005,119,177,296
140982006,323,453,776
140982007,222,319,541
140982008,410,517,927
140982009,318,372,690
140982010,370,390,760
140982011,158,201,359
140982012,218,273,491
140982013,170,273,443
140982014,195,291,486
140982015,164,204,368
140982016,245,337,582
140982017,299,428,727
140982018,330,473,803
140982019,84,134,218
140982020,164,235,399
140982021,189,266,455
140982022,222,271,493
140982101,492,485,977
140982102,299,350,649
140982103,556,631,1187
140982104,310,375,685
140982105,302,362,664
140982106,230,273,503
140982107,234,290,524
140982108,404,511,915
140982109,374,465,839
140982110,485,525,1010
140982111,477,527,1004
140982112,459,472,931
140982113,510,519,1029
140982114,576,566,1142
140982201,624,685,1309
140982202,525,645,1170
140982203,529,573,1102
140982204,351,366,717
140982205,555,627,1182
140982206,534,541,1075
140982207,526,648,1174
140982208,597,566,1163
140982209,488,451,939
140982210,657,647,1304
140982211,566,564,1130
140982212,431,403,834
140982301,460,517,977
140982302,396,380,776
140982303,307,371,678
140982304,618,652,1270
140982305,222,264,486
140982306,342,400,742
140982307,651,319,970
140982308,496,534,1030
140982309,423,453,876
140982310,429,443,872
140982311,433,433,866
140982312,656,694,1350
140982313,532,566,1098
140982314,418,405,823
140982401,309,388,697
140982402,180,260,440
140982403,157,204,361
140982404,400,460,860
140982405,408,459,867
140982406,388,501,889
140982407,155,236,391
140982408,222,329,551
140982409,329,394,723
140982410,325,396,721
140982411,349,447,796
140982412,370,442,812
140982413,378,440,818
140982414,414,479,893
140982415,217,324,541
140982416,319,396,715
140982417,364,433,797
140982418,269,329,598
140982419,182,230,412
140982420,426,500,926
140982421,317,369,686
140982501,421,448,869
140982502,486,587,1073
140982503,407,456,863
140982504,402,485,887
140982505,599,654,1253
140982506,622,672,1294
140982507,684,669,1353
140982508,596,635,1231
140982509,378,402,780
140982510,348,408,756
140982511,768,780,1548
140982512,775,820,1595
140982601,409,464,873
140982602,434,458,892
140982603,722,748,1470
140982604,554,562,1116
140982605,514,528,1042
140982606,385,439,824
140982607,465,511,976
140982608,524,566,1090
140982609,454,488,942
140982610,480,501,981
140982611,471,486,957
140982612,541,566,1107
140982613,326,337,663
140982701,663,611,1274
140982702,662,634,1296
140982703,501,537,1038
140982704,257,296,553
140982705,387,400,787
140982706,352,370,722
140982707,456,491,947
140982708,452,517,969
140982801,586,629,1215
140982802,460,507,967
140982803,224,275,499
140982804,243,289,532
140982805,325,334,659
140982806,439,418,857
140982807,409,398,807
140982808,218,274,492
140982809,369,412,781
140982810,359,387,746
140982811,307,308,615
140982812,412,423,835
140982901,411,429,840
140982902,468,477,945
140982903,220,230,450
140982904,331,323,654
140982905,333,332,665
140982906,335,344,679
140982907,177,196,373
140982908,211,232,443
140982909,285,294,579
140982910,397,432,829
140982911,387,394,781
140982912,400,421,821
140982913,460,485,945
140982914,511,506,1017
141050101,129,124,253
141050102,57,65,122
141050103,185,186,371
141050104,66,51,117
141050105,26,24,50
141050106,145,108,253
141050107,74,72,146
141050108,151,121,272
141050109,201,182,383
141050110,134,134,268
141050111,124,108,232
141050112,308,347,655
141050113,392,409,801
141050114,446,518,964
141050201,44,32,76
141050202,26,32,58
141050203,133,107,240
141050204,56,49,105
141050205,148,127,275
141050206,127,87,214
141050207,39,33,72
141050208,116,109,225
141050209,70,64,134
141050210,224,245,469
141050211,409,398,807
141050212,341,353,694
141050213,304,307,611
141050214,395,428,823
141050215,455,483,938
141050216,556,565,1121
141050217,533,531,1064
141050301,31,27,58
141050302,84,71,155
141050303,104,85,189
141050304,33,36,69
141050305,210,171,381
141050306,96,78,174
141050307,72,43,115
141050308,240,269,509
141050309,599,599,1198
141050310,469,501,970
141050311,257,278,535
141050312,403,428,831
141050313,599,605,1204
141050314,510,567,1077
141050315,529,581,1110
141050316,377,459,836
141050401,21,18,39
141050402,92,69,161
141050403,42,35,77
141050404,97,74,171
141050405,99,62,161
141050406,115,84,199
141050407,127,125,252
141050408,51,45,96
141050409,69,70,139
141050410,155,144,299
141050411,42,41,83
141050412,84,76,160
141050413,56,44,100
141050414,275,281,556
141050415,401,390,791
141050416,146,141,287
141050501,78,61,139
141050502,197,168,365
141050503,439,360,799
141050504,388,254,642
141050505,652,662,1314
141050506,388,420,808
141050507,383,412,795
141050508,540,575,1115
141050509,418,433,851
141050510,466,533,999
141050511,318,364,682
141050512,385,399,784
141050513,224,241,465
141050514,699,742,1441
141050515,391,406,797
141050601,115,95,210
141050602,138,148,286
141050603,109,97,206
141050604,202,223,425
141050605,186,162,348
141050606,307,312,619
141050607,294,335,629
141050608,477,485,962
141050609,452,496,948
141050610,607,652,1259
141050611,608,622,1230
141050612,685,712,1397
141050613,185,180,365
141120101,45,34,79
141120102,69,68,137
141120103,68,69,137
141120104,182,145,327
141120105,84,78,162
141120106,126,115,241
141120107,56,39,95
141120108,87,92,179
141120109,338,367,705
141120110,337,356,693
141120111,184,212,396
141120112,582,597,1179
141120113,308,338,646
141120114,180,195,375
141120115,317,337,654
141120201,329,272,601
141120202,44,14,58
141120203,45,39,84
141120204,43,25,68
141120205,42,29,71
141120206,110,70,180
141120207,273,269,542
141120301,55,49,104
141120302,143,137,280
141120303,67,64,131
141120304,325,284,609
141120305,137,111,248
141120306,178,171,349
141120307,100,95,195
141120308,60,39,99
141120309,122,115,237
141120310,339,336,675
141120311,352,356,708
141120312,473,463,936
141120313,399,438,837
141120314,111,114,225
141190101,544,489,1033
141190102,134,112,246
141190103,88,90,178
141190104,33,24,57
141190105,51,41,92
141190106,275,312,587
141190107,288,342,630
141190108,496,562,1058
141190109,600,619,1219
141190110,200,245,445
141190111,356,413,769
141190112,488,491,979
141190113,346,361,707
141190114,511,532,1043
141190115,482,479,961
141190201,22,20,42
141190202,46,35,81
141190203,22,12,34
141190204,22,16,38
141190205,96,63,159
141190206,12,10,22
141190207,4,2,6
141190208,8,8,16
141190209,48,38,86
141190210,24,23,47
141190211,49,47,96
141190212,274,243,517
141190213,487,485,972
141190214,416,403,819
141190215,314,347,661
141190301,196,183,379
141190302,186,142,328
141190303,133,118,251
141190304,76,62,138
141190305,64,63,127
141190306,446,471,917
141190307,444,515,959
141190308,442,461,903
141190309,167,161,328
141190310,395,362,757
141190311,383,385,768
141190312,349,331,680
141190313,383,367,750
141190314,580,646,1226
141190315,440,491,931
141190316,536,605,1141
141190401,29,19,48
141190402,52,44,96
141190403,32,17,49
141190404,58,41,99
141190405,40,24,64
141190406,74,77,151
141190407,122,101,223
141190408,111,104,215
141190409,262,186,448
141190410,603,609,1212
141190411,605,618,1223
141190412,366,376,742
141190413,514,507,1021
141190414,436,475,911
141190415,311,348,659
141190416,347,360,707
141190417,328,356,684
141190418,515,553,1068
141190419,337,396,733
141190420,471,447,918
141190501,133,115,248
141190502,27,26,53
141190503,113,106,219
141190504,111,101,212
141190505,62,52,114
141190506,64,54,118
141190507,16,9,25
141190508,72,49,121
141190509,30,17,47
141190510,34,27,61
141190511,443,460,903
141190512,403,442,845
141190513,294,345,639
141190514,500,459,959
141190515,380,379,759
141190601,650,678,1328
141190602,552,593,1145
141190603,474,520,994
141190604,342,390,732
141190605,689,665,1354
141190606,697,722,1419
141190607,442,455,897
141190608,296,351,647
141190609,360,416,776
141190610,428,484,912
141190611,467,506,973
141190612,469,503,972
141190613,276,341,617
141190614,206,246,452
141190615,336,369,705
141190616,423,439,862
141190617,381,389,770
141190618,437,430,867
141190619,547,548,1095
141190620,536,547,1083
141190621,557,556,1113
141190701,560,581,1141
141190702,524,531,1055
141190703,739,804,1543
141190704,591,635,1226
141190705,532,597,1129
141190706,552,581,1133
141190707,404,477,881
141190708,569,588,1157
141190709,546,543,1089
141190710,470,545,1015
141190711,361,392,753
141190712,408,485,893
141190713,493,498,991
141190714,355,374,729
141190801,610,572,1182
141190802,408,386,794
141190803,304,322,626
141190804,320,359,679
141190805,348,390,738
141190806,384,356,740
141190807,404,425,829
141190808,540,612,1152
141190809,475,505,980
141190810,438,528,966
141190811,409,450,859
141190812,555,549,1104
141190813,447,438,885
141190814,428,468,896
141190815,594,685,1279
141190816,348,384,732
141190817,423,449,872
141190901,405,436,841
141190902,463,464,927
141190903,260,277,537
141190904,360,391,751
141190905,361,396,757
141190906,308,353,661
141190907,296,320,616
141190908,295,356,651
141190909,351,421,772
141190910,189,270,459
141190911,418,457,875
141190912,538,585,1123
141190913,215,260,475
141190914,441,510,951
141190915,333,377,710
141190916,534,522,1056
141190917,491,527,1018
141260101,68,65,133
141260102,79,73,152
141260103,98,69,167
141260104,93,86,179
141260105,20,19,39
141260106,60,43,103
141260107,67,50,117
141260108,89,105,194
141260109,189,197,386
141260201,84,82,166
141260202,14,12,26
141260203,64,50,114
141260204,122,117,239
141260205,41,34,75
141260206,438,370,808
141260207,62,51,113
141260208,322,336,658
141260301,31,25,56
141260302,3,2,5
141260303,223,237,460
141260304,552,522,1074
141260305,82,71,153
141260306,72,58,130
141260307,401,410,811
141260308,458,483,941
141260309,292,296,588
141260310,209,202,411
141260311,387,417,804
141260312,382,395,777
141260313,441,418,859
141260314,558,602,1160
141260401,161,140,301
141260402,64,53,117
141260403,54,51,105
141260404,205,180,385
141260405,66,71,137
141260406,285,260,545
141260501,20,15,35
141260502,194,162,356
141260503,8,5,13
141260504,207,228,435
141260505,189,174,363
141260506,121,142,263
141260507,231,240,471
141260508,425,487,912
141260509,665,665,1330
141260510,405,428,833
141260511,418,476,894
141260512,610,628,1238
141260513,305,298,603
141260514,439,393,832
141260515,210,221,431
141260516,413,440,853
141260517,307,335,642
141260518,253,230,483
141260601,118,95,213
141260602,59,29,88
141260603,197,221,418
141260604,197,198,395
141260605,237,229,466
141260606,48,42,90
141260607,244,206,450
141260608,289,333,622
141260609,285,291,576
141260610,303,288,591
141260611,67,66,133
141260701,235,284,519
141260702,357,393,750
141260703,229,283,512
141260704,376,386,762
141260705,360,408,768
141260706,270,363,633
141260707,312,342,654
141260708,432,444,876
141260709,298,322,620
141260710,257,258,515
141260711,353,379,732
141260712,419,445,864
141260713,141,141,282
141330101,39,34,73
141330102,181,178,359
141330103,251,257,508
141330104,228,212,440
141330105,491,523,1014
141330106,40,34,74
141330107,58,65,123
141330108,426,444,870
141330109,226,169,395
141330110,470,497,967
141330111,620,627,1247
141330112,511,525,1036
141330201,332,267,599
141330202,124,114,238
141330203,111,119,230
141330204,477,450,927
141330205,154,156,310
141330206,152,135,287
141330207,192,206,398
141330208,308,313,621
141330209,145,154,299
141330210,102,131,233
141330211,264,295,559
141330212,258,248,506
141330213,518,525,1043
141330214,368,394,762
141330215,87,97,184
141330216,321,315,636
141330301,155,139,294
141330302,207,205,412
141330303,121,131,252
141330304,285,208,493
141330305,227,204,431
141330306,207,160,367
141330307,572,638,1210
141330308,249,255,504
141330309,344,383,727
141330401,41,31,72
141330402,99,82,181
141330403,85,93,178
141330404,109,100,209
141330405,204,203,407
141330406,87,91,178
141330407,133,131,264
141330408,217,190,407
141330409,588,601,1189
141330410,206,212,418
141330411,269,266,535
141330501,518,592,1110
141330502,247,327,574
141330503,319,370,689
141330504,430,446,876
141330505,515,545,1060
141330506,485,576,1061
141330507,327,408,735
141330508,324,422,746
141330509,261,361,622
141330510,459,571,1030
141330511,438,495,933
141330512,865,642,1507
141330513,403,479,882
141330514,205,217,422
141330515,707,742,1449
141330516,391,457,848
141330517,408,427,835
141330601,360,446,806
141330602,571,626,1197
141330603,410,468,878
141330604,371,421,792
141330605,471,492,963
141330606,274,284,558
141330607,615,555,1170
141330608,393,387,780
141330609,294,392,686
141330610,344,453,797
141330611,309,356,665
141330612,269,294,563
141330613,551,652,1203
141330614,573,601,1174
141330615,364,434,798
141330616,372,424,796
141330617,304,345,649
141400101,104,74,178
141400102,80,79,159
141400103,211,178,389
141400104,66,52,118
141400105,50,41,91
141400106,36,33,69
141400107,52,39,91
141400108,101,62,163
141400109,398,408,806
141400110,274,298,572
141400111,386,368,754
141400112,370,384,754
141400113,104,123,227
141400201,90,56,146
141400202,168,145,313
141400203,120,98,218
141400204,176,155,331
141400205,68,61,129
141400206,180,144,324
141400207,56,40,96
141400208,134,99,233
141400209,123,70,193
141400210,60,47,107
141400211,237,275,512
141400212,372,373,745
141400213,145,152,297
141400301,711,645,1356
141400302,640,667,1307
141400303,302,310,612
141400304,347,355,702
141400305,521,516,1037
141400306,399,413,812
141400307,457,456,913
141400308,532,573,1105
141400309,343,343,686
141400310,363,411,774
141400311,293,369,662
141400312,400,422,822
141400313,166,213,379
141400401,279,327,606
141400402,324,351,675
141400403,258,259,517
141400404,231,301,532
141400405,270,326,596
141400406,320,386,706
141400407,475,544,1019
141400408,618,654,1272
141400409,599,628,1227
141400410,393,389,782
141400411,317,301,618
141400412,530,522,1052
141400413,687,691,1378
141400501,111,109,220
141400502,171,144,315
141400503,65,53,118
141400504,102,54,156
141400505,145,109,254
141400506,123,85,208
141400507,28,13,41
141400508,387,466,853
141400509,390,464,854
141400510,151,165,316
141400511,534,549,1083
141400512,341,370,711
141400513,281,298,579
141400514,375,445,820
141400515,414,449,863
141400516,421,411,832
141400517,289,336,625
141400518,285,307,592
141400519,284,320,604
141400520,587,600,1187
141400601,25,20,45
141400602,60,46,106
141400603,37,25,62
141400604,180,139,319
141400605,143,131,274
141400606,84,83,167
141400607,83,85,168
141400608,90,67,157
141400609,61,52,113
141400610,577,625,1202
141400611,323,378,701
141400612,322,338,660
141400613,223,220,443
141400614,367,378,745
141400615,279,287,566
141400616,586,614,1200
141400617,238,266,504
141400618,200,242,442
141400619,481,527,1008
141400701,413,386,799
141400702,406,480,886
141400703,322,338,660
141400704,261,265,526
141400705,666,681,1347
141400706,609,636,1245
141400707,221,261,482
141400708,183,222,405
141400709,360,400,760
141400710,691,684,1375
141400711,463,446,909
141400712,237,279,516
141400713,500,507,1007
141400714,508,535,1043
141400715,414,441,855
141400716,348,423,771
141400717,194,198,392
141400718,444,514,958
141400719,448,484,932
141400720,503,519,1022
141400801,368,298,666
141400802,231,191,422
141400803,341,297,638
141400804,407,331,738
141400805,183,151,334
141400806,76,69,145
141400807,189,157,346
141400808,171,137,308
141400809,474,473,947
141400810,574,590,1164
141400811,374,360,734
141400812,528,576,1104
141400813,372,416,788
141400814,399,424,823
141400815,356,407,763
141400816,284,337,621
141400817,388,467,855
141400818,540,551,1091
141400819,436,479,915
141400820,516,516,1032
141400821,454,268,722
141400901,147,122,269
141400902,67,54,121
141400903,153,127,280
141400904,272,240,512
141400905,126,99,225
141400906,194,169,363
141400907,82,58,140
141400908,408,437,845
141400909,427,446,873
141400910,464,477,941
141400911,526,521,1047
141400912,268,293,561
141400913,340,390,730
141400914,522,501,1023
141400915,470,565,1035
141400916,282,300,582
141401001,171,128,299
141401002,164,123,287
141401003,176,133,309
141401004,94,73,167
141401005,88,74,162
141401006,245,188,433
141401007,258,219,477
141401008,255,259,514
141401009,302,337,639
141401010,413,432,845
141401011,424,460,884
141401012,485,557,1042
141401013,189,219,408
141401014,298,327,625
141401015,388,418,806
141401016,448,525,973
141401017,507,530,1037
141401101,240,213,453
141401102,358,326,684
141401103,499,520,1019
141401104,261,325,586
141401105,368,408,776
141401106,260,280,540
141401107,253,279,532
141401108,740,788,1528
141401109,400,398,798
141401110,394,439,833
141401111,279,337,616
141401112,220,299,519
141401113,359,386,745
141401114,311,389,700
141401115,235,273,508
141401116,217,270,487
141401117,214,269,483
141401118,341,422,763
141401119,368,417,785
141401120,461,512,973
141401121,470,493,963
141401201,325,334,659
141401202,246,258,504
141401203,493,458,951
141401204,392,371,763
141401205,643,664,1307
141401206,728,728,1456
141401207,407,427,834
141401208,381,399,780
141401209,337,364,701
141401210,576,584,1160
141401211,628,625,1253
141401212,480,550,1030
141401213,348,401,749
141401214,261,295,556
141401215,260,307,567
141401216,255,331,586
141401217,246,343,589
141401218,216,281,497
141401219,363,345,708
141401301,316,383,699
141401302,274,286,560
141401303,249,272,521
141401304,339,354,693
141401305,353,418,771
141401306,305,345,650
141401307,271,273,544
141401308,227,262,489
141401309,286,305,591
141401310,284,329,613
141401311,271,331,602
141401312,305,313,618
141401313,375,392,767
141401314,257,294,551
141401315,629,601,1230
141401316,395,437,832
141401317,636,635,1271
141401318,388,406,794
141401401,805,541,1346
141401402,410,384,794
141401403,359,334,693
141401404,291,342,633
141401405,330,395,725
141401406,237,253,490
141401407,243,282,525
141401408,212,252,464
141401409,213,245,458
141401410,220,259,479
141401411,309,323,632
141401412,463,494,957
141401413,569,607,1176
141401414,629,725,1354
141401415,458,495,953
141401416,437,477,914
141401417,330,384,714
141401418,392,484,876
141401419,529,509,1038
141401420,291,320,611
141401421,346,343,689
141401422,299,326,625
141401423,435,432,867
141401501,145,116,261
141401502,115,80,195
141401503,118,108,226
141401504,196,153,349
141401505,180,139,319
141401506,93,79,172
141401507,363,387,750
141401508,287,276,563
141401509,325,356,681
141401510,435,478,913
141401511,369,423,792
141401512,467,468,935
141401513,701,722,1423
141401514,190,174,364
141401515,156,158,314
141401601,82,54,136
141401602,114,96,210
141401603,100,72,172
141401604,19,18,37
141401605,176,151,327
141401606,171,136,307
141401607,292,328,620
141401608,544,582,1126
141401609,377,373,750
141401610,573,564,1137
141401611,458,488,946
141401612,319,358,677
141401613,264,281,545
141401614,475,486,961
141401615,345,342,687
141401701,123,94,217
141401702,153,126,279
141401703,72,60,132
141401704,47,34,81
141401705,175,138,313
141401706,98,86,184
141401707,42,30,72
141401708,178,110,288
141401709,181,181,362
141401710,144,103,247
141401711,638,653,1291
141401712,285,313,598
141401713,208,238,446
141401714,475,549,1024
141401715,538,511,1049
141401716,323,323,646
141401717,417,392,809
141401718,155,136,291
141401719,400,385,785
141401720,261,274,535
141401801,311,334,645
141401802,442,417,859
141401803,325,345,670
141401804,346,376,722
141401805,391,384,775
141401806,455,483,938
141401807,281,317,598
141401808,378,436,814
141401809,323,398,721
141401810,225,272,497
141401811,322,366,688
141401812,352,357,709
141401901,561,568,1129
141401902,261,334,595
141401903,183,222,405
141401904,217,255,472
141401905,236,245,481
141401906,268,329,597
141401907,273,320,593
141401908,269,283,552
141401909,441,435,876
141401910,599,636,1235
141401911,319,348,667
141470101,48,43,91
141470102,354,322,676
141470103,315,305,620
141470104,571,564,1135
141470105,590,652,1242
141470106,438,457,895
141470107,582,621,1203
141470108,346,337,683
141470109,800,797,1597
141470110,607,677,1284
141470111,496,520,1016
141470112,339,403,742
141470113,357,392,749
141470114,547,518,1065
141470201,286,270,556
141470202,916,906,1822
141470203,2483,307,2790
141470204,417,353,770
141470205,729,556,1285
141470206,96,82,178
141470207,586,564,1150
141470208,480,462,942
141470209,407,434,841
141470210,712,713,1425
141470211,384,407,791
141470212,367,372,739
141470213,429,459,888
141470301,77,43,120
141470302,203,168,371
141470303,227,182,409
141470304,211,223,434
141470305,139,119,258
141470306,37,30,67
141470307,250,244,494
141470308,676,648,1324
141470309,418,447,865
141470310,486,481,967
141470311,330,315,645
141470312,287,272,559
141470313,198,218,416
141470314,191,198,389
141470401,102,93,195
141470402,59,54,113
141470403,122,93,215
141470404,19,13,32
141470405,262,293,555
141470406,232,249,481
141470407,463,536,999
141470408,479,533,1012
141470409,253,278,531
141470410,380,412,792
141470411,324,394,718
141470412,594,631,1225
141470413,273,245,518
141470501,52,39,91
141470502,47,34,81
141470503,66,57,123
141470504,99,50,149
141470505,36,24,60
141470506,23,17,40
141470507,160,177,337
141470508,344,332,676
141470601,237,212,449
141470602,247,190,437
141470603,218,212,430
141470604,178,184,362
141470605,135,135,270
141470606,242,272,514
141470607,163,200,363
141470608,247,240,487
141470609,209,210,419
141470610,227,256,483
141470701,57,39,96
141470702,39,15,54
141470703,24,21,45
141470704,104,55,159
141470705,5,4,9
141470706,53,45,98
141470707,56,51,107
141470708,87,47,134
141470709,90,98,188
141470710,164,158,322
141470711,160,144,304
141470712,108,95,203
141470713,84,63,147
141470714,273,259,532
141470801,447,474,921
141470802,583,622,1205
141470803,688,659,1347
141470804,444,477,921
141470805,824,933,1757
141470806,667,718,1385
141470807,507,542,1049
141470808,400,470,870
141470809,317,368,685
141470810,230,276,506
141470811,329,355,684
141470812,597,606,1203
141470813,303,387,690
141470814,325,384,709
141470815,297,363,660
141470816,206,275,481
141470817,133,156,289
141470901,615,601,1216
141470902,810,828,1638
141470903,708,768,1476
141470904,361,372,733
141470905,365,399,764
141470906,527,582,1109
141470907,232,281,513
141470908,467,503,970
141470909,269,321,590
141470910,293,355,648
141470911,303,327,630
141470912,585,653,1238
141470913,581,655,1236
141470914,324,373,697
141470915,335,460,795
141470916,353,390,743
141470917,316,334,650
141470918,389,414,803
141470919,478,511,989
141471001,325,331,656
141471002,432,463,895
141471003,229,349,578
141471004,296,344,640
141471005,399,482,881
141471006,289,311,600
141471007,317,409,726
141471008,577,631,1208
141471009,391,404,795
141471010,588,678,1266
141471011,788,786,1574
141471012,514,545,1059
141471013,528,520,1048
141471014,820,772,1592
141471015,921,901,1822
141540101,55,36,91
141540102,81,64,145
141540103,181,156,337
141540104,178,175,353
141540105,43,16,59
141540106,13,6,19
141540107,60,50,110
141540201,95,81,176
141540202,14,7,21
141540203,44,46,90
141540204,176,107,283
141540205,50,28,78
141540206,38,38,76
141540207,56,43,99
141540208,61,55,116
141540209,267,302,569
141540210,363,381,744
141540211,466,477,943
141540212,137,145,282
141610101,41,41,82
141610102,58,67,125
141610103,86,68,154
141610104,136,102,238
141610105,134,102,236
141610106,43,37,80
141610107,59,43,102
141610108,61,47,108
141610109,67,64,131
141610110,106,84,190
141610111,62,39,101
141610112,437,429,866
141610113,412,449,861
141610114,245,250,495
141610115,284,275,559
141610116,348,407,755
141610117,469,477,946
141610201,71,63,134
141610202,70,54,124
141610203,33,24,57
141610204,38,34,72
141610205,30,22,52
141610206,56,47,103
141610207,342,338,680
141610208,331,384,715
141610209,353,392,745
141610210,266,322,588
141610211,290,341,631
141610212,299,284,583
141610213,323,346,669
141610214,353,334,687
141610215,280,277,557
141610216,327,324,651
141610301,158,121,279
141610302,569,330,899
141610303,81,65,146
141610304,179,143,322
141610305,235,215,450
141610306,426,456,882
141610307,514,527,1041
141610308,268,315,583
141610309,326,325,651
141610310,448,494,942
141610311,269,289,558
141610312,218,235,453
141610313,241,267,508
141610401,91,82,173
141610402,68,65,133
141610403,47,30,77
141610404,67,53,120
141610405,139,110,249
141610406,91,78,169
141610407,138,109,247
141610408,31,21,52
141610409,90,76,166
141610410,116,88,204
141610411,149,164,313
141610412,404,371,775
141610413,349,373,722
141610501,38,37,75
141610502,41,36,77
141610503,156,129,285
141610504,41,40,81
141610505,79,58,137
141610506,420,370,790
141610507,562,521,1083
141610508,277,296,573
141610509,363,392,755
141610510,258,275,533
141610511,348,359,707
141610512,324,319,643
141610601,393,386,779
141610602,474,505,979
141610603,550,597,1147
141610604,464,467,931
141610605,314,315,629
141610606,482,513,995
141610607,441,498,939
141610608,276,310,586
141610609,305,339,644
141610610,385,387,772
141610611,319,370,689
141610612,305,380,685
141610613,457,430,887
141610614,391,369,760
141610701,327,365,692
141610702,261,279,540
141610703,389,470,859
141610704,198,244,442
141610705,208,245,453
141610706,371,429,800
141610707,321,345,666
141610708,433,458,891
141610709,406,460,866
141610710,325,374,699
141610711,269,294,563
141610712,535,560,1095
141610713,432,510,942
141610714,390,470,860
141610715,617,687,1304
141610801,324,392,716
141610802,200,206,406
141610803,243,293,536
141610804,226,266,492
141610805,184,202,386
141610806,266,259,525
141610807,419,424,843
141610808,294,339,633
141610809,244,257,501
141610810,346,414,760
141610811,216,254,470
141610812,222,264,486
141610813,211,268,479
141610814,291,364,655
141610815,361,336,697
141610816,279,294,573
141610817,473,478,951
141610901,413,395,808
141610902,555,564,1119
141610903,440,448,888
141610904,413,399,812
141610905,418,384,802
141610906,547,566,1113
141610907,387,418,805
141610908,323,368,691
141610909,311,346,657
141610910,270,335,605
141610911,333,436,769
141610912,386,382,768
141610913,340,429,769
141610914,257,304,561
141610915,376,446,822
141610916,242,282,524
141610917,295,321,616
141610918,375,450,825
141610919,322,338,660
141610920,263,315,578
141610921,497,540,1037
141610922,507,541,1048
141610923,320,341,661
141611001,244,322,566
141611002,346,411,757
141611003,267,363,630
141611004,253,323,576
141611005,250,306,556
141611006,328,401,729
141611007,464,499,963
141611008,351,383,734
141611009,249,303,552
141611010,195,251,446
141611011,240,276,516
141611012,403,450,853
141611013,255,315,570
141611014,242,326,568
141611015,247,276,523
141611016,322,389,711
141611017,448,517,965
141611018,462,498,960
141611019,529,546,1075
141611020,374,376,750
141611021,418,405,823
141611101,636,632,1268
141611102,380,405,785
141611103,302,281,583
141611104,448,477,925
141611105,328,356,684
141611106,354,372,726
141611107,277,322,599
141611108,233,275,508
141611109,232,277,509
141611110,433,411,844
141611111,620,609,1229
141611112,442,469,911
141611113,323,372,695
141611114,373,388,761
141611115,378,371,749
141611116,575,552,1127
141611117,371,386,757
141680101,85,68,153
141680102,78,63,141
141680103,47,46,93
141680104,19,17,36
141680105,40,21,61
141680106,72,50,122
141680107,69,43,112
141680108,146,122,268
141680109,41,44,85
141680110,181,159,340
141680111,370,384,754
141680112,394,442,836
141680113,284,266,550
141680114,587,567,1154
141680201,106,66,172
141680202,141,150,291
141680203,59,43,102
141680204,267,254,521
141680205,233,285,518
141680206,264,295,559
141680207,440,473,913
141680208,460,488,948
141680209,390,419,809
141680210,322,349,671
141680211,439,462,901
141680212,474,453,927
141680213,363,371,734
141680214,342,368,710
141680301,41,37,78
141680302,101,100,201
141680303,160,139,299
141680304,92,67,159
141680305,117,112,229
141680306,44,36,80
141680307,94,81,175
141680308,33,29,62
141680309,78,76,154
141680310,91,68,159
141680311,650,638,1288
141680312,443,431,874
141680313,662,655,1317
141750101,68,49,117
141750102,45,29,74
141750103,84,79,163
141750104,42,29,71
141750105,83,65,148
141750106,47,39,86
141750107,112,89,201
141750108,67,49,116
141750109,81,54,135
141750110,392,390,782
141750111,343,319,662
141750112,164,153,317
141750113,328,367,695
141750114,380,399,779
141750201,231,194,425
141750202,246,211,457
141750203,98,68,166
141750204,117,85,202
141750205,62,47,109
141750206,114,93,207
141750207,69,52,121
141750208,128,91,219
141750209,247,202,449
141750210,116,86,202
141750211,104,89,193
141750212,398,395,793
141750213,393,453,846
141750214,388,422,810
141750215,386,392,778
141750216,281,276,557
141750217,335,353,688
141750218,546,558,1104
141750219,1,0,1
141820101,105,80,185
141820102,119,90,209
141820103,86,69,155
141820104,99,70,169
141820105,123,103,226
141820106,196,153,349
141820107,126,100,226
141820108,153,104,257
141820109,87,66,153
141820110,173,132,305
141820111,267,260,527
141820112,376,365,741
141820113,356,389,745
141820114,225,212,437
141820115,293,283,576
141820116,507,496,1003
141820117,365,336,701
141820118,354,369,723
141820119,349,418,767
141820120,447,479,926
141820121,276,313,589
141820201,136,103,239
141820202,225,193,418
141820203,191,141,332
141820204,62,52,114
141820205,57,47,104
141820206,417,399,816
141820207,387,426,813
141820208,298,282,580
141820209,430,430,860
141820210,385,433,818
141820211,441,416,857
141820212,282,250,532
141820213,530,513,1043
141820214,241,229,470
141820301,110,86,196
141820302,38,34,72
141820303,388,214,602
141820304,89,51,140
141820305,64,46,110
141820306,115,93,208
141820307,466,475,941
141820308,364,353,717
141820309,216,245,461
141820310,591,635,1226
141820401,69,58,127
141820402,207,175,382
141820403,132,137,269
141820404,57,45,102
141820405,59,46,105
141820406,107,85,192
141820407,73,57,130
141820408,209,175,384
141820409,358,356,714
141820410,343,362,705
141820411,465,463,928
141820412,366,380,746
141820413,504,496,1000
141820414,338,350,688
141820415,456,465,921
141820501,59,33,92
141820502,46,39,85
141820503,11,9,20
141820504,38,28,66
141820505,125,102,227
141820506,36,30,66
141820507,27,28,55
141820508,51,41,92
141820509,312,320,632
141820510,242,231,473
141820511,442,467,909
141820512,384,365,749
141820513,364,362,726
141820514,272,295,567
141820515,346,352,698
141820516,384,406,790
141820517,228,268,496
141820518,469,513,982
141820519,190,217,407
141820520,299,304,603
141820521,333,341,674
141820601,44,31,75
141820602,79,59,138
141820603,43,30,73
141820604,78,76,154
141820605,66,49,115
141820606,8,11,19
141820607,448,498,946
141820608,269,289,558
141820609,727,795,1522
141820610,381,392,773
141820611,258,282,540
141820612,511,514,1025
141820613,298,337,635
141820614,172,199,371
141820615,390,436,826
141820616,338,354,692
141820617,279,299,578
141820618,186,177,363
141820619,182,191,373
141820701,47,25,72
141820702,119,109,228
141820703,87,59,146
141820704,44,25,69
141820705,75,67,142
141820706,68,35,103
141820707,222,200,422
141820708,102,70,172
141820709,77,58,135
141820710,64,43,107
141820711,364,335,699
141820712,190,197,387
141820713,260,266,526
141820714,321,349,670
141820715,465,480,945
141820716,359,350,709
141820801,398,390,788
141820802,372,436,808
141820803,470,480,950
141820804,311,330,641
141820805,443,518,961
141820806,531,533,1064
141820807,265,331,596
141820808,225,230,455
141820809,402,480,882
141820810,378,470,848
141820811,242,325,567
141820812,137,168,305
141820901,454,476,930
141820902,612,623,1235
141820903,560,531,1091
141820904,351,370,721
141820905,400,392,792
141820906,290,354,644
141820907,346,355,701
141820908,629,628,1257
141820909,537,527,1064
141820910,477,551,1028
141820911,312,402,714
141821001,259,332,591
141821002,399,411,810
141821003,298,306,604
141821004,504,513,1017
141821005,323,285,608
141821006,362,336,698
141821007,334,411,745
141821008,210,264,474
141821009,378,432,810
141821010,541,570,1111
141821101,200,226,426
141821102,269,329,598
141821103,214,234,448
141821104,235,311,546
141821105,204,252,456
141821106,437,422,859
141821107,262,307,569
141821108,441,429,870
141821109,775,725,1500
141821110,496,557,1053
141821201,342,370,712
141821202,237,242,479
141821203,357,399,756
141821204,542,587,1129
141821205,344,353,697
141821206,594,545,1139
141821207,380,400,780
141821208,286,339,625
141821209,329,312,641
141821210,315,337,652
141821211,444,445,889
141821301,467,482,949
141821302,451,493,944
141821303,280,345,625
141821304,389,423,812
141821305,258,289,547
141821306,349,373,722
141821307,445,506,951
141821308,229,225,454
141821309,222,240,462
141821310,242,249,491
141821311,417,417,834
141821312,420,434,854
180070101,658,647,1305
180070102,314,326,640
180070103,519,522,1041
180070104,370,424,794
180070105,482,501,983
180070106,551,562,1113
180070107,253,321,574
180070108,404,467,871
180070109,525,540,1065
180070110,371,422,793
180070111,414,416,830
180070112,414,447,861
180070113,472,515,987
180070114,451,437,888
180070115,592,613,1205
180070116,528,505,1033
180070117,460,498,958
180070118,409,432,841
180070119,490,514,1004
180070120,412,401,813
180070121,413,440,853
180070122,490,519,1009
180070123,410,462,872
180070124,462,526,988
180070125,525,534,1059
180070201,158,147,305
180070202,115,90,205
180070203,210,187,397
180070204,196,179,375
180070205,133,110,243
180070206,140,140,280
180070207,148,132,280
180070208,155,158,313
180070209,152,154,306
180070210,42,45,87
180070211,132,115,247
180070212,143,140,283
180070213,539,542,1081
180070214,860,890,1750
180070215,556,598,1154
180070216,399,371,770
180070217,336,340,676
180070218,319,354,673
180070301,440,357,797
180070302,87,77,164
180070303,86,77,163
180070304,236,211,447
180070305,217,202,419
180070401,52,51,103
180070501,68,56,124
180070502,37,36,73
180070503,14,9,23
180070504,59,51,110
180070505,47,48,95
180070506,101,79,180
180070601,270,248,518
180070602,224,189,413
180070701,134,114,248
180070702,255,194,449
180070801,8,2,10
180070802,25,15,40
180140101,203,212,415
180140102,216,229,445
180140103,288,263,551
180140201,81,74,155
180140202,20,13,33
180140203,15,6,21
180140301,154,167,321
180140302,45,37,82
180140303,103,80,183
180140401,107,104,211
180140402,28,16,44
180140501,0,0,0
180140502,0,0,0
180210101,536,680,1216
180210102,371,472,843
180210103,499,660,1159
180210104,365,450,815
180210105,326,384,710
180210106,390,460,850
180210107,292,392,684
180210108,229,336,565
180210109,284,395,679
180210110,264,307,571
180210111,267,317,584
180210112,212,279,491
180210113,576,697,1273
180210114,501,553,1054
180210115,889,688,1577
180210116,262,334,596
180210117,511,655,1166
180210118,443,554,997
180210201,503,539,1042
180210202,311,383,694
180210203,399,461,860
180210204,244,316,560
180210205,283,385,668
180210206,307,409,716
180210207,414,482,896
180210208,343,467,810
180210209,307,367,674
180210210,375,519,894
180210211,292,395,687
180210212,270,362,632
180210213,265,316,581
180210214,435,560,995
180210215,286,364,650
180210216,322,359,681
180210217,443,509,952
180210218,204,235,439
180210301,594,628,1222
180210302,529,557,1086
180210303,794,883,1677
180210304,1183,1097,2280
180210305,807,809,1616
180210306,532,558,1090
180210307,531,567,1098
180210308,632,605,1237
180210309,647,668,1315
180210310,564,568,1132
180210311,411,443,854
180210312,522,595,1117
180210313,399,376,775
180210314,693,706,1399
180210315,640,719,1359
180210316,562,661,1223
180210317,835,903,1738
180210318,343,383,726
180210319,392,424,816
180210320,436,506,942
180210321,312,375,687
180210401,898,906,1804
180210402,393,393,786
180210403,965,999,1964
180210404,822,856,1678
180210405,527,540,1067
180210406,838,820,1658
180210407,896,894,1790
180210408,484,496,980
180210409,642,695,1337
180210410,618,670,1288
180210411,946,961,1907
180210412,416,450,866
180210413,534,531,1065
180210414,566,623,1189
180210415,463,495,958
180210416,354,382,736
180210417,466,525,991
180210418,338,382,720
180210419,152,215,367
180210420,170,231,401
180210421,488,500,988
180210422,406,445,851
180210501,274,323,597
180210502,361,398,759
180210503,404,569,973
180210504,446,555,1001
180210505,304,319,623
180210506,537,567,1104
180210507,605,656,1261
180210508,323,364,687
180210509,467,549,1016
180210510,460,571,1031
180210511,522,537,1059
180210512,631,730,1361
180210513,492,630,1122
180210514,453,480,933
180210515,325,406,731
180210516,327,369,696
180210601,386,417,803
180210602,423,476,899
180210603,512,580,1092
180210604,720,785,1505
180210605,610,692,1302
180210606,1099,1127,2226
180210607,496,524,1020
180210608,472,528,1000
180210609,667,711,1378
180210610,519,533,1052
180210611,357,386,743
180210612,652,708,1360
180210613,610,613,1223
180210614,710,743,1453
180210615,567,636,1203
180210616,583,643,1226
180210701,752,796,1548
180210702,528,569,1097
180210703,1030,1001,2031
180210704,608,678,1286
180210705,540,601,1141
180210706,394,459,853
180210707,773,822,1595
180210708,1106,1205,2311
180210709,658,698,1356
180210710,779,830,1609
180210711,884,930,1814
180210712,754,770,1524
180210713,592,672,1264
180210714,523,575,1098
180210715,618,613,1231
180210716,434,457,891
180210801,292,326,618
180210802,535,562,1097
180210803,400,453,853
180210804,294,347,641
180210805,304,393,697
180210806,413,457,870
180210807,262,366,628
180210808,295,338,633
180210809,636,778,1414
180210810,565,676,1241
180210811,886,1002,1888
180210812,403,432,835
180210813,448,491,939
180210901,287,334,621
180210902,290,415,705
180210903,337,474,811
180210904,280,352,632
180210905,517,559,1076
180210906,655,751,1406
180210907,658,767,1425
180210908,546,647,1193
180210909,330,461,791
180210910,295,381,676
180210911,240,322,562
180210912,519,650,1169
180210913,266,359,625
180210914,393,482,875
180210915,339,418,757
180211001,493,575,1068
180211002,556,646,1202
180211003,573,599,1172
180211004,620,632,1252
180211005,513,512,1025
180211006,939,1029,1968
180211007,620,701,1321
180211101,657,644,1301
180211102,91,40,131
180211103,292,311,603
180211104,195,162,357
180211105,305,302,607
180211106,695,701,1396
180211107,643,695,1338
180211108,465,521,986
180211109,598,577,1175
180211110,375,413,788
180211201,56,47,103
180211202,86,84,170
180211203,63,70,133
180211204,420,78,498
180211205,368,352,720
180211206,281,290,571
180211207,275,220,495
180211208,663,716,1379
180211209,937,998,1935
180211210,686,750,1436
180211211,636,649,1285
180211212,680,696,1376
180211213,224,189,413
180211301,675,667,1342
180211302,320,300,620
180211303,108,90,198
180211304,30,18,48
180211305,222,235,457
180211306,381,399,780
180211307,383,390,773
180211401,4,2,6
180211402,18,19,37
180211501,558,625,1183
180211502,358,428,786
180211503,188,240,428
180211504,196,260,456
180211505,422,467,889
180211506,361,431,792
180211507,394,456,850
180211508,431,506,937
180211509,354,397,751
180211510,281,328,609
180211511,669,806,1475
180211512,416,465,881
180211513,419,477,896
180211514,445,494,939
180211515,357,409,766
180211516,835,939,1774
180211601,370,412,782
180211602,419,396,815
180211603,722,806,1528
180211604,889,1057,1946
180211605,322,356,678
180211606,337,392,729
180211607,356,436,792
180211608,396,510,906
180211609,484,498,982
180211610,365,381,746
180211611,499,509,1008
180211612,419,474,893
180211613,560,534,1094
180211614,513,545,1058
180211615,654,684,1338
180211616,710,727,1437
180211701,489,445,934
180211702,675,718,1393
180211703,889,876,1765
180211704,567,642,1209
180211705,404,497,901
180211706,781,832,1613
180211707,360,446,806
180211708,540,571,1111
180211709,585,585,1170
180211710,573,603,1176
180211711,505,566,1071
180211712,345,430,775
180211713,627,670,1297
180211714,393,441,834
180211715,501,529,1030
180211716,398,442,840
180211717,517,511,1028
180211718,871,894,1765
180211801,837,939,1776
180211802,528,647,1175
180211803,799,870,1669
180211804,927,1023,1950
180211805,544,544,1088
180211806,519,572,1091
180211807,802,837,1639
180211808,836,920,1756
180211809,1150,1217,2367
180211810,497,494,991
180211811,683,741,1424
180211812,1006,1075,2081
180211813,834,904,1738
180211901,403,433,836
180211902,470,542,1012
180211903,315,364,679
180211904,236,281,517
180211905,660,669,1329
180211906,499,516,1015
180211907,525,497,1022
180211908,766,836,1602
180211909,468,521,989
180211910,125,192,317
180211911,451,514,965
180211912,775,861,1636
180211913,407,407,814
180211914,417,527,944
180211915,552,565,1117
180211916,337,427,764
180211917,340,355,695
180211918,550,568,1118
180212001,665,698,1363
180212002,799,832,1631
180212003,764,808,1572
180212004,585,599,1184
180212005,537,526,1063
180212006,656,731,1387
180212007,532,573,1105
180212008,409,531,940
180212009,555,592,1147
180212010,641,672,1313
180212011,825,866,1691
180212012,529,601,1130
180212013,626,727,1353
180212101,590,638,1228
180212102,412,438,850
180212103,753,884,1637
180212104,534,598,1132
180212105,219,312,531
180212106,1110,1065,2175
180212107,672,727,1399
180212108,794,819,1613
180212109,498,525,1023
180212110,777,801,1578
180212111,764,825,1589
180212112,885,878,1763
180212201,292,301,593
180212202,503,556,1059
180212203,726,794,1520
180212204,1005,1035,2040
180212205,743,713,1456
180212206,719,678,1397
180212207,1085,1087,2172
180212208,601,592,1193
180212209,760,839,1599
180212210,632,668,1300
180212211,792,809,1601
180212212,943,1022,1965
180212301,1054,1024,2078
180212302,761,855,1616
180212303,826,873,1699
180212304,648,721,1369
180212305,885,1037,1922
180212306,572,635,1207
180212307,775,843,1618
180212308,635,664,1299
180212309,732,788,1520
180212310,848,853,1701
180212311,849,861,1710
180212312,847,926,1773
180212313,792,861,1653
180212314,250,266,516
180280101,834,771,1605
180280102,289,332,621
180280103,545,556,1101
180280201,62,20,82
180280202,58,58,116
180280301,1202,1102,2304
180280302,29,16,45
180280303,172,158,330
180280304,11,5,16
180280305,46,27,73
180280306,108,95,203
180280307,97,75,172
180280308,380,368,748
180280309,858,784,1642
180280310,526,527,1053
180280311,648,685,1333
180280312,1152,1168,2320
180280401,453,463,916
180280402,57,31,88
180280403,110,106,216
180280404,23,7,30
180280405,322,287,609
180280406,329,296,625
180280407,256,237,493
180280408,156,147,303
180280409,204,197,401
180280410,84,60,144
180280411,126,114,240
180280412,355,376,731
180280413,289,275,564
180280501,42,21,63
180280502,55,8,63
180280503,41,30,71
180280601,57,31,88
180280602,20,2,22
180280603,30,29,59
180280604,167,160,327
180280605,22,20,42
180280606,47,17,64
180280701,103,102,205
180280702,330,345,675
180280703,36,31,67
180280704,37,21,58
180280705,46,31,77
180280706,40,20,60
180280707,27,21,48
180350101,512,534,1046
180350102,387,391,778
180350103,636,665,1301
180350104,481,495,976
180350105,393,481,874
180350106,188,238,426
180350107,263,314,577
180350108,224,265,489
180350109,346,446,792
180350110,339,352,691
180350111,599,609,1208
180350112,389,439,828
180350113,329,394,723
180350114,7,5,12
180350115,448,470,918
180350116,404,408,812
180350201,83,42,125
180350301,103,60,163
180350302,70,64,134
180350303,81,41,122
180350401,69,15,84
180350402,71,28,99
180350501,175,167,342
180350502,134,118,252
180350503,40,14,54
180350601,44,18,62
180350602,55,20,75
180350603,234,222,456
180350701,101,57,158
180350702,50,26,76
180350801,41,30,71
180350802,122,111,233
180350901,66,8,74
180350902,54,47,101
180351001,27,18,45
180351002,21,3,24
180351101,294,262,556
180351102,65,43,108
180351201,82,70,152
180351202,29,26,55
180351203,54,31,85
180351301,114,83,197
180351302,35,26,61
180351303,141,138,279
180351401,270,279,549
180351402,83,73,156
180351501,542,609,1151
180351502,619,559,1178
180351503,54,48,102
180351504,55,61,116
180351505,58,23,81
180351506,229,201,430
180351507,15,10,25
180351508,43,34,77
180351509,60,46,106
180351510,386,414,800
180351511,386,388,774
180351601,35,32,67
180351602,68,19,87
180351701,25,9,34
180351702,26,11,37
180351801,695,827,1522
180351802,682,732,1414
180351803,304,342,646
180351804,366,383,749
180351805,477,571,1048
180351806,246,300,546
180351807,456,546,1002
180351808,618,738,1356
180351809,569,574,1143
180351810,612,672,1284
180351811,367,364,731
180351901,220,262,482
180351902,390,468,858
180351903,645,739,1384
180351904,609,648,1257
180351905,508,572,1080
180351906,234,287,521
180351907,223,285,508
180351908,205,250,455
180351909,282,334,616
180351910,412,451,863
180351911,219,265,484
180351912,358,440,798
180351913,568,605,1173
180420101,462,453,915
180420102,588,658,1246
180420103,369,422,791
180420104,660,712,1372
180420105,427,453,880
180420106,480,469,949
180420107,520,571,1091
180420108,482,522,1004
180420109,426,455,881
180420201,23,17,40
180420202,118,112,230
180420203,19,13,32
180420204,62,57,119
180420301,214,206,420
180420302,43,28,71
180420303,38,45,83
180420304,247,240,487
180420305,79,91,170
180420306,124,100,224
180420307,310,293,603
180420308,46,36,82
180420401,86,83,169
180420402,24,21,45
180420403,89,96,185
180420404,51,36,87
180420405,47,60,107
180420501,161,178,339
180420502,109,135,244
180420503,138,120,258
180420504,291,225,516
180420505,54,56,110
180420506,339,360,699
180420507,301,299,600
180420601,4,0,4
180420602,36,20,56
180420603,0,0,0
180490101,480,497,977
180490102,485,509,994
180490103,810,820,1630
180490104,730,739,1469
180490105,305,333,638
180490106,242,287,529
180490107,342,409,751
180490108,255,320,575
180490109,488,584,1072
180490110,436,542,978
180490111,308,344,652
180490112,313,370,683
180490113,784,865,1649
180490114,411,452,863
180490115,407,433,840
180490116,666,721,1387
180490117,544,592,1136
180490118,339,328,667
180490201,71,69,140
180490202,250,236,486
180490203,135,141,276
180490204,51,32,83
180490205,28,26,54
180490206,14,10,24
180490207,421,433,854
180490301,561,523,1084
180490302,12,9,21
180490303,45,40,85
180490304,83,66,149
180490305,79,93,172
180490306,423,364,787
180490307,192,162,354
180490308,459,473,932
180490401,152,112,264
180490402,118,137,255
180490403,53,56,109
180490404,73,56,129
180490405,92,88,180
180490501,151,158,309
180490502,31,24,55
180490503,4,0,4
180490601,28,27,55
180490602,21,13,34
180490603,37,33,70
180490701,1282,1363,2645
180490702,235,256,491
180490703,309,280,589
180490704,432,402,834
180490705,28,27,55
180490801,73,91,164
180490802,148,137,285
180490901,23,19,42
180490902,119,115,234
180490903,51,37,88
180490904,54,36,90
180491001,268,263,531
180491002,90,85,175
180491003,30,29,59
180491101,40,25,65
180560101,433,442,875
180560102,364,389,753
180560103,555,615,1170
180560104,507,558,1065
180560105,266,297,563
180560106,199,234,433
180560107,217,238,455
180560108,220,232,452
180560109,214,248,462
180560110,204,221,425
180560201,178,153,331
180560202,71,40,111
180560301,146,160,306
180560302,34,14,48
180560303,31,21,52
180560401,65,51,116
180560402,21,15,36
180560403,21,18,39
180560404,7,4,11
180560501,24,12,36
180560502,17,5,22
180560503,34,22,56
180560504,7,6,13
180560601,14,6,20
180560602,6,1,7
180560603,5,1,6
180560604,55,4,59
180560605,4,0,4
180630101,758,866,1624
180630102,571,688,1259
180630103,390,436,826
180630104,490,539,1029
180630201,375,330,705
180630202,563,601,1164
180630203,64,54,118
180630204,253,249,502
180630205,350,369,719
180630206,468,463,931
180630301,277,226,503
180630302,49,34,83
180630303,124,103,227
180630304,62,64,126
180630401,175,183,358
180630402,56,54,110
180630403,14,16,30
180630404,33,33,66
180630405,8,3,11
180630406,72,61,133
180630407,24,9,33
180630408,18,16,34
180630501,79,62,141
180630502,83,73,156
180630503,129,103,232
180630504,37,29,66
180630601,44,35,79
180630602,64,40,104
180630603,8,10,18
180630701,242,248,490
180630702,57,52,109
180630703,118,96,214
180630704,173,181,354
180630705,169,173,342
180630706,81,75,156
180630801,53,53,106
180630802,170,150,320
180630803,91,83,174
180630804,210,170,380
180630805,152,143,295
180630806,250,258,508
180630901,1,0,1
180700101,377,431,808
180700102,348,420,768
180700103,398,433,831
180700104,316,390,706
180700105,349,402,751
180700106,389,454,843
180700107,336,411,747
180700108,330,375,705
180700109,344,387,731
180700110,462,507,969
180700111,523,624,1147
180700112,397,447,844
180700113,406,434,840
180700114,328,427,755
180700115,503,544,1047
180700116,353,394,747
180700117,375,411,786
180700118,186,205,391
180700201,287,294,581
180700202,412,380,792
180700203,314,294,608
180700204,151,155,306
180700205,49,53,102
180700206,75,74,149
180700207,49,56,105
180700208,6,5,11
180700209,111,99,210
180700210,9,3,12
180700301,330,325,655
180700302,196,199,395
180700303,59,58,117
180700401,48,46,94
180700402,70,79,149
180700403,43,35,78
180700404,51,43,94
180700501,129,144,273
180700502,71,74,145
180700503,15,9,24
180700601,52,60,112
180700602,22,14,36
180700603,64,59,123
180700701,50,54,104
180700702,11,13,24
180700703,43,25,68
180700801,136,111,247
180700802,139,106,245
180700803,133,124,257
180700804,178,172,350
180700901,93,85,178
180700902,111,125,236
180701001,54,52,106
180701002,110,93,203
180701003,254,217,471
180701004,114,102,216
180701005,280,266,546
180701101,207,192,399
180701102,244,234,478
180701201,383,329,712
180701202,159,162,321
180701203,99,85,184
180701204,184,173,357
180701301,235,190,425
180701302,84,73,157
180701303,348,347,695
180701304,29,19,48
180701401,228,237,465
180701402,201,209,410
180701403,263,243,506
180701404,138,154,292
180701501,131,126,257
180701502,136,126,262
180701503,231,208,439
180701504,23,20,43
180701505,74,72,146
180701506,639,753,1392
180701507,551,662,1213
180701508,797,787,1584
180701509,651,739,1390
180701601,176,161,337
180701602,75,56,131
180701603,84,91,175
180701604,129,114,243
180701605,114,106,220
180701606,112,115,227
180701607,149,179,328
180701701,113,105,218
180701702,27,26,53
180701703,111,106,217
180701704,34,30,64
180701801,116,117,233
180701802,147,128,275
180701803,141,140,281
180701901,12,6,18
180701902,333,318,651
180701903,17,15,32
180701904,32,30,62
180701905,37,28,65
180701906,0,0,0
180701907,8,8,16
180701908,6,5,11
180701909,49,31,80
180702001,397,445,842
180702002,362,403,765
180702003,310,409,719
180702004,586,641,1227
180702005,447,510,957
180702006,446,497,943
180702007,378,455,833
180702008,498,573,1071
180702009,354,433,787
180702010,355,408,763
180702011,262,342,604
180702012,329,400,729
180702013,360,457,817
180702014,260,303,563
180702015,268,307,575
180702016,325,392,717
180702101,334,394,728
180702102,28,37,65
180702103,732,837,1569
180702104,654,684,1338
180702105,508,566,1074
180702106,372,431,803
180702107,170,181,351
180702108,390,379,769
180702109,558,622,1180
180702110,451,484,935
180702111,411,451,862
180702112,549,600,1149
180702113,717,759,1476
180702114,409,438,847
180702115,732,813,1545
180702116,571,629,1200
180702117,570,562,1132
180702201,848,832,1680
180702202,662,714,1376
180702203,463,562,1025
180702204,712,838,1550
180702205,418,416,834
180702206,596,613,1209
180702207,321,377,698
180702208,487,486,973
180702209,364,414,778
180702210,832,893,1725
180702211,59,57,116
180702212,617,729,1346
180702213,569,660,1229
180702214,538,596,1134
180702215,897,867,1764
180702216,648,650,1298
180702217,497,591,1088
180702218,597,654,1251
180770101,388,391,779
180770102,274,292,566
180770103,536,629,1165
180770104,519,565,1084
180770105,358,385,743
180770106,402,481,883
180770201,357,321,678
180770202,130,145,275
180770203,110,112,222
180770204,211,157,368
180770205,135,124,259
180770206,21,19,40
180770207,29,29,58
180770208,320,332,652
180770301,317,272,589
180770302,116,115,231
180770401,42,40,82
180770402,157,131,288
180770501,42,43,85
180770502,66,39,105
180770503,6,12,18
180770601,0,0,0
180770602,1,0,1
180770603,0,0,0
180840101,684,721,1405
180840102,410,433,843
180840103,446,445,891
180840104,302,358,660
180840105,372,397,769
180840106,483,480,963
180840107,719,739,1458
180840108,540,556,1096
180840109,350,375,725
180840110,348,398,746
180840111,332,400,732
180840112,533,530,1063
180840113,381,388,769
180840114,476,564,1040
180840115,518,570,1088
180840116,578,604,1182
180840117,193,212,405
180840118,904,953,1857
180840201,663,613,1276
180840202,44,23,67
180840203,138,139,277
180840204,299,291,590
180840205,514,484,998
180840206,14,9,23
180840301,152,132,284
180840302,42,15,57
180840303,9,2,11
180840304,17,6,23
180840305,9,3,12
180840306,56,21,77
180840401,4,0,4
180840402,16,4,20
180840403,43,30,73
180840404,15,18,33
180840501,88,55,143
180840502,75,23,98
180840503,75,24,99
180840601,38,32,70
180840602,24,7,31
180840603,30,16,46
180840701,71,51,122
180840702,22,13,35
180840703,30,14,44
180840801,8,5,13
180840802,35,30,65
180840901,51,26,77
180840902,45,22,67
180840903,67,27,94
180841001,322,323,645
180841002,418,398,816
180841003,368,335,703
180841004,215,203,418
180841005,78,58,136
180841006,20,18,38
180841007,138,131,269
180841008,26,7,33
180841009,8,12,20
180841101,460,524,984
180841102,139,139,278
180841103,57,44,101
180841104,155,152,307
180841105,289,269,558
180841106,40,29,69
180841107,24,20,44
180841108,66,65,131
180841109,640,641,1281
180841201,536,488,1024
180841202,69,50,119
180841203,280,258,538
180841204,75,34,109
180841205,8,0,8
180841206,0,0,0
180841207,0,0,0
180910101,597,623,1220
180910102,343,400,743
180910103,264,284,548
180910104,492,472,964
180910105,609,635,1244
180910106,577,628,1205
180910107,546,530,1076
180910108,417,481,898
180910109,426,406,832
180910110,936,929,1865
180910201,327,343,670
180910202,234,202,436
180910203,510,497,1007
180910204,257,249,506
180910205,33,30,63
180910206,294,251,545
180910207,355,327,682
180910208,362,327,689
180910209,521,536,1057
180910210,278,256,534
180910211,269,239,508
180910212,133,128,261
180910301,298,288,586
180910302,182,169,351
180910303,241,188,429
180910304,60,66,126
180910305,126,123,249
180910401,274,265,539
180910402,181,162,343
180910403,144,126,270
180910404,141,135,276
180910405,241,238,479
180910406,96,86,182
180910407,52,32,84
180910501,50,42,92
180910502,33,29,62
180910503,144,138,282
180910504,87,77,164
180910505,27,14,41
180910506,27,25,52
180910601,27,14,41
180910602,18,11,29
180910603,23,13,36
180910701,318,338,656
180910702,119,108,227
180910703,234,200,434
180910704,313,271,584
180910705,83,80,163
180910706,561,543,1104
180910801,86,57,143
180910802,429,411,840
180910803,570,480,1050
180910804,316,302,618
180910805,121,84,205
180910806,239,222,461
180910901,4,3,7
180910902,1,0,1
180910903,0,0,0
180980101,480,481,961
180980102,480,508,988
180980103,658,734,1392
180980104,300,347,647
180980105,271,310,581
180980106,425,446,871
180980107,413,444,857
180980201,198,180,378
180980202,127,116,243
180980203,369,381,750
180980301,126,132,258
180980302,243,220,463
180980303,91,75,166
180980304,131,108,239
180980401,7,2,9
180980402,43,39,82
180980403,108,88,196
180980501,32,25,57
180980502,33,39,72
180980503,26,16,42
181050101,541,540,1081
181050102,533,534,1067
181050103,623,655,1278
181050104,524,554,1078
181050105,382,404,786
181050106,660,711,1371
181050107,842,917,1759
181050108,225,247,472
181050109,454,508,962
181050110,415,445,860
181050111,202,248,450
181050112,476,501,977
181050113,733,755,1488
181050114,715,723,1438
181050115,240,309,549
181050201,26,26,52
181050202,139,112,251
181050203,78,54,132
181050204,595,670,1265
181050301,40,7,47
181050302,98,33,131
181050401,47,21,68
181050402,13,13,26
181050501,30,9,39
181050502,31,20,51
181050503,23,14,37
181050601,43,38,81
181050602,28,30,58
181050603,22,11,33
181050701,14,10,24
181050702,13,6,19
181050801,57,66,123
181050802,51,35,86
181050803,69,42,111
181050804,30,3,33
181050805,392,408,800
181050806,11,7,18
181050901,407,461,868
181050902,21,16,37
181050903,43,26,69
181050904,482,493,975
181051001,3,2,5
181051002,3,0,3
181051003,153,159,312
181051101,732,703,1435
181051102,25,14,39
181051103,33,25,58
181051104,16,10,26
181051201,80,74,154
181051202,86,74,160
181051203,42,32,74
181051204,141,133,274
181051301,144,164,308
181051302,41,34,75
181051303,12,3,15
181051304,59,54,113
181051305,49,39,88
181051306,5,0,5
181051401,10,4,14
181051402,14,1,15
181051403,10,4,14
181051404,4,7,11
181051501,15,12,27
181051502,1,0,1
181051503,15,0,15
181051601,164,154,318
181051602,41,40,81
181051603,30,29,59
181051604,24,19,43
181051605,56,35,91
181051701,23,1,24
181051702,22,2,24
181051801,71,46,117
181051802,10,3,13
181051901,37,16,53
181051902,38,0,38
181052001,27,2,29
181052002,27,17,44
181052003,33,2,35
181052101,351,353,704
181052102,760,822,1582
181052103,540,576,1116
181052104,450,477,927
181052105,358,456,814
181052106,456,501,957
181052107,720,776,1496
181052108,453,487,940
181052109,375,386,761
181052110,357,370,727
181052111,603,614,1217
181052112,799,919,1718
181052113,714,737,1451
181052114,476,521,997
181120101,548,587,1135
181120102,201,156,357
181120103,113,121,234
181120104,508,590,1098
181120105,352,364,716
181120106,631,661,1292
181120107,533,536,1069
181120108,649,663,1312
181120109,331,382,713
181120110,288,302,590
181120111,219,280,499
181120112,354,394,748
181120113,205,232,437
181120114,588,603,1191
181120201,45,50,95
181120202,133,114,247
181120203,90,99,189
181120204,53,46,99
181120205,58,43,101
181120206,63,66,129
181120207,43,31,74
181120208,30,22,52
181120209,50,37,87
181120210,93,90,183
181120211,11,7,18
181120212,260,232,492
181120301,32,22,54
181120302,15,13,28
181120303,39,23,62
181120304,5,8,13
181120401,79,80,159
181120402,29,25,54
181120403,98,114,212
181120404,336,284,620
181120405,61,54,115
181120406,28,8,36
181120407,54,55,109
181120408,13,6,19
181120409,41,23,64
181120410,46,40,86
181120411,14,5,19
181120501,8,3,11
181120502,59,25,84
181120503,47,14,61
181120504,10,0,10
181120601,37,31,68
181120602,101,65,166
181120603,16,5,21
181120604,32,16,48
181120701,628,569,1197
181120702,195,170,365
181120703,29,24,53
181120704,77,72,149
181120705,42,38,80
181120706,20,21,41
181120707,32,6,38
181120708,20,17,37
181120709,0,0,0
181120710,67,58,125
181120801,103,67,170
181120802,89,93,182
181120803,128,116,244
181120804,148,118,266
181120805,33,29,62
181120806,469,437,906
181120807,416,419,835
181120808,921,765,1686
181120809,522,484,1006
181120810,788,753,1541
181120901,370,384,754
181120902,417,408,825
181120903,319,317,636
181120904,222,252,474
181120905,303,316,619
181120906,230,277,507
181120907,436,509,945
181120908,526,573,1099
181120909,378,412,790
181120910,449,469,918
181120911,430,492,922
181120912,307,356,663
181120913,909,1004,1913
181120914,506,508,1014
181190101,501,448,949
181190102,457,510,967
181190103,565,650,1215
181190104,890,985,1875
181190105,507,587,1094
181190106,247,307,554
181190107,401,408,809
181190108,469,508,977
181190109,887,847,1734
181190110,573,535,1108
181190111,439,500,939
181190112,115,131,246
181190113,303,307,610
181190114,400,386,786
181190115,775,835,1610
181190116,533,559,1092
181190117,434,468,902
181190201,18,6,24
181190202,39,6,45
181190301,174,154,328
181190302,158,118,276
181190303,17,9,26
181190401,520,509,1029
181190402,26,25,51
181190403,56,21,77
181190404,37,42,79
181190501,52,39,91
181190502,39,26,65
181190601,413,362,775
181190602,27,9,36
181190701,19,15,34
181190702,69,61,130
181190703,11,11,22
181190801,16,2,18
181190802,50,12,62
181190901,272,244,516
181190902,13,3,16
181190903,26,6,32
181190904,3,0,3
181190905,39,15,54
181191001,71,64,135
181191002,65,42,107
181191003,41,37,78
181191101,13,5,18
181191102,15,9,24
181191103,27,16,43
181191201,41,23,64
181191202,16,7,23
181191203,21,16,37
181191301,6,0,6
181191401,267,238,505
181191402,484,446,930
181191403,871,853,1724
181191404,315,308,623
181191405,765,834,1599
181191406,437,454,891
181191407,630,652,1282
181191501,523,522,1045
181191502,357,311,668
181191503,547,652,1199
181191504,503,519,1022
181191505,480,555,1035
181191506,241,281,522
181191507,426,473,899
181191508,555,573,1128
181191509,401,480,881
181191510,359,394,753
181191511,379,478,857
181191512,262,313,575
181191513,320,373,693
181191514,124,132,256
181191515,594,606,1200
181191516,236,269,505
181191517,152,206,358
181191518,260,248,508
181191519,643,699,1342
181191520,590,701,1291
181191521,469,519,988
181191522,448,484,932
181191523,294,346,640
181260101,600,635,1235
181260102,532,639,1171
181260103,432,453,885
181260104,616,689,1305
181260105,707,811,1518
181260106,690,750,1440
181260107,723,808,1531
181260108,744,833,1577
181260109,513,527,1040
181260201,108,92,200
181260202,661,623,1284
181260203,14,10,24
181260301,334,267,601
181260302,62,52,114
181260401,77,80,157
181260402,69,77,146
181260501,614,631,1245
181260502,188,194,382
181260601,249,256,505
181260602,46,32,78
181260603,12,12,24
181260701,747,767,1514
181260702,154,159,313
181260703,265,258,523
181260801,105,87,192
181260802,70,40,110
181260901,580,557,1137
181260902,711,704,1415
181260903,204,170,374
181260904,111,93,204
181330101,399,414,813
181330102,231,235,466
181330103,234,244,478
181330104,63,76,139
181330201,88,67,155
181330202,120,110,230
181330203,128,99,227
181330204,246,201,447
181330205,128,112,240
181330206,267,290,557
181330207,272,283,555
181330208,334,359,693
181330209,163,136,299
181330210,161,180,341
181330211,70,35,105
181330212,196,191,387
181330213,167,172,339
181330214,799,774,1573
181330215,113,115,228
181330216,46,32,78
181330301,533,546,1079
181330302,287,263,550
181330303,48,35,83
181330304,32,31,63
181330305,2,4,6
181330401,355,320,675
181330402,51,50,101
181330403,145,156,301
181330501,497,514,1011
181330502,465,463,928
181330503,126,126,252
181330504,120,113,233
181330505,112,96,208
181330506,133,160,293
181330507,111,134,245
181330601,1,1,2
181330602,0,0,0
181330603,1,0,1
181400101,521,610,1131
181400102,429,423,852
181400103,484,531,1015
181400104,422,475,897
181400105,537,604,1141
181400106,684,731,1415
181400107,517,572,1089
181400108,441,490,931
181400109,495,634,1129
181400110,593,679,1272
181400201,162,154,316
181400202,171,151,322
181400203,894,888,1782
181400204,78,90,168
181400205,11,15,26
181400206,373,387,760
181400301,59,55,114
181400302,83,65,148
181400303,31,24,55
181400401,27,11,38
181400402,43,36,79
181400403,47,29,76
181400404,54,48,102
181400405,122,115,237
181400501,53,46,99
181400502,38,19,57
181400503,23,18,41
181400504,40,32,72
181400601,134,122,256
181400602,179,152,331
181400603,3,3,6
181400604,13,7,20
181400701,74,81,155
181400702,41,26,67
181400703,140,133,273
181400704,33,22,55
181400801,12,16,28
181400802,55,44,99
181400803,149,135,284
181400804,38,45,83
181400805,76,73,149
181400806,33,30,63
181400807,11,6,17
181400808,2,0,2
181400809,30,20,50
181400901,10,7,17
181400902,61,59,120
181400903,78,73,151
181470101,497,565,1062
181470102,435,563,998
181470103,471,494,965
181470104,344,370,714
181470105,441,496,937
181470106,632,689,1321
181470107,390,419,809
181470201,88,118,206
181470202,111,116,227
181470203,58,61,119
181470204,46,36,82
181470205,333,366,699
181470206,437,445,882
181470207,321,348,669
181470301,29,19,48
181470302,28,11,39
181470303,24,14,38
181470304,39,24,63
181470401,42,23,65
181470402,29,13,42
181470403,49,7,56
181470501,15,11,26
181470502,58,54,112
181470503,8,4,12
181470601,4,0,4
181470602,28,15,43
181470603,19,13,32
181470604,8,5,13
181470701,29,15,44
181470702,6,3,9
181470703,8,2,10
181470801,338,331,669
181470802,326,312,638
181470803,42,21,63
181470804,32,13,45
181470901,16,12,28
181470902,57,32,89
181470903,53,42,95
181471001,33,11,44
181471002,17,9,26
181471003,27,6,33
181471004,7,1,8
181471101,15,6,21
181471102,27,11,38
181471103,3,0,3
181471201,215,222,437
181471202,44,22,66
181471203,22,16,38
181471204,240,213,453
181540101,916,875,1791
181540102,700,769,1469
181540103,475,539,1014
181540201,122,120,242
181540202,694,705,1399
181540203,508,517,1025
181540204,11,8,19
181540301,50,0,50
181540302,7,0,7
181540401,140,134,274
181540402,134,105,239
181540501,10,3,13
181540502,8,10,18
181540601,47,37,84
181540602,15,4,19
181540603,38,22,60
181540701,381,428,809
181540702,239,240,479
181540703,273,286,559
181540704,464,466,930
181540801,19,10,29
181540802,35,8,43
181540901,0,0,0
181610101,381,428,809
181610102,494,517,1011
181610103,363,414,777
181610104,380,422,802
181610105,538,563,1101
181610106,662,698,1360
181610107,375,365,740
181610108,334,389,723
181610201,215,188,403
181610202,260,226,486
181610203,181,147,328
181610204,130,141,271
181610205,63,43,106
181610206,228,212,440
181610301,220,218,438
181610302,4,2,6
181610303,71,79,150
181610304,8,10,18
181610401,303,293,596
181610402,180,153,333
181610403,23,14,37
181610404,138,114,252
181610405,424,473,897
181610501,60,49,109
181610502,34,28,62
181610503,71,44,115
181610504,546,580,1126
181610505,647,662,1309
181610601,526,537,1063
181610602,147,162,309
181610603,189,164,353
181610604,23,17,40
181610605,270,248,518
181610606,133,116,249
181610607,452,577,1029
181680101,101,92,193
181680102,434,466,900
181680103,391,448,839
181680104,428,479,907
181680105,316,344,660
181680106,556,592,1148
181680107,633,657,1290
181680108,511,599,1110
181680109,584,636,1220
181680110,458,506,964
181680201,183,185,368
181680202,125,109,234
181680301,67,43,110
181680302,53,29,82
181680303,33,13,46
181680401,26,22,48
181680402,27,9,36
181680403,29,16,45
181680501,100,74,174
181680502,23,11,34
181680601,17,11,28
181680602,16,9,25
181680603,144,81,225
181680604,23,4,27
181680701,588,566,1154
181680702,893,893,1786
181680703,822,805,1627
181680704,457,450,907
181680705,1348,1305,2653
181680706,852,802,1654
181680707,453,445,898
181680708,1,0,1
181680709,0,0,0
181680710,14,12,26
181680711,335,345,680
181680712,816,844,1660
181680713,552,528,1080
181680714,332,327,659
181680715,465,471,936
181680716,465,492,957
181680717,455,468,923
181680718,793,746,1539
181680719,643,698,1341
181680720,603,609,1212
181680721,439,460,899
181680722,860,865,1725
181680723,348,387,735
181680724,380,401,781
181680725,963,947,1910
181680726,9,6,15
181680727,554,539,1093
181680801,90,82,172
181680802,33,5,38
181680803,3,1,4
181680804,32,17,49
181680901,16,4,20
181680902,5,1,6
181680903,18,0,18
181680904,9,7,16
181681001,5,1,6
181681002,113,100,213
181681003,47,39,86
181681101,8,0,8
181681102,7,4,11
181681103,160,131,291
181681201,196,179,375
181681202,9,6,15
181681203,24,26,50
181681204,25,9,34
181681301,26,11,37
181681302,58,59,117
181681303,321,286,607
181681304,8,15,23
181681305,177,83,260
181681306,341,322,663
181681307,1029,1119,2148
181681401,380,401,781
181681402,109,92,201
181681403,33,31,64
181681404,110,110,220
181681501,139,102,241
181681502,9,1,10
181681601,352,307,659
181681602,138,42,180
181681603,65,20,85
181681604,15,3,18
181681701,666,670,1336
181681702,318,437,755
181681703,461,455,916
181681704,423,420,843
181681705,311,299,610
181681706,213,309,522
181681707,463,545,1008
181681708,665,687,1352
181681709,567,603,1170
181681710,701,748,1449
181681711,361,403,764
181681712,637,710,1347
181681713,421,465,886
181681714,487,562,1049
181750101,414,437,851
181750102,337,380,717
181750103,319,374,693
181750104,531,563,1094
181750105,599,657,1256
181750106,469,520,989
181750107,511,604,1115
181750108,134,165,299
181750201,32,12,44
181750202,35,24,59
181750203,22,18,40
181750204,49,46,95
181750301,31,21,52
181750302,42,25,67
181750303,71,56,127
181750401,60,44,104
181750402,87,84,171
181750403,119,112,231
181750501,172,166,338
181750502,12,14,26
181750503,64,19,83
181750601,104,125,229
181750602,69,95,164
181750603,16,3,19
181750604,8,4,12
181750605,37,25,62
181750701,15,7,22
181750702,19,6,25
181750801,19,8,27
181750802,21,0,21
220070101,741,802,1543
220070102,920,953,1873
220070103,553,579,1132
220070104,392,411,803
220070201,143,156,299
220070202,57,43,100
220070203,95,57,152
220070204,217,167,384
220070205,76,63,139
220070206,153,118,271
220070207,180,170,350
220070208,870,936,1806
220070209,323,311,634
220070301,70,48,118
220070302,108,61,169
220070303,59,38,97
220070304,183,169,352
220070401,85,50,135
220070402,51,27,78
220070403,38,11,49
220070404,61,23,84
220070501,230,158,388
220070502,437,406,843
220070503,282,345,627
220070504,122,78,200
220070505,118,93,211
220070506,580,610,1190
220070507,355,361,716
220070508,792,766,1558
220070509,696,733,1429
220070601,190,143,333
220070602,170,142,312
220070603,310,217,527
220070604,108,93,201
220070701,593,575,1168
220070702,665,659,1324
220070703,260,243,503
220070704,315,343,658
220070705,687,745,1432
220070706,496,499,995
220070707,489,460,949
220070708,781,797,1578
220070801,171,93,264
220070802,134,88,222
220070803,138,117,255
220070804,106,52,158
220070805,50,13,63
220070806,58,36,94
220070807,527,501,1028
220070901,512,523,1035
220070902,440,429,869
220070903,166,152,318
220070904,381,397,778
220070905,630,651,1281
220140101,12,14,26
220140102,150,136,286
220140103,324,314,638
220140201,7,6,13
220140202,28,28,56
220140203,33,35,68
220140301,18,5,23
220140302,11,2,13
220140303,13,8,21
220140304,6,3,9
220140305,45,41,86
220140306,42,31,73
220140307,470,430,900
220140308,413,420,833
220140401,486,504,990
220140402,368,377,745
220140403,124,114,238
220140404,136,104,240
220140405,628,663,1291
220140406,191,149,340
220140407,135,132,267
220140408,427,430,857
220140409,347,331,678
220140410,502,521,1023
220140411,318,339,657
220140412,684,687,1371
220140501,485,518,1003
220140502,620,635,1255
220140503,443,485,928
220140504,541,536,1077
220140505,306,345,651
220140601,528,561,1089
220140602,304,334,638
220140603,345,411,756
220140604,740,772,1512
220140605,238,272,510
220140701,49,38,87
220140702,246,189,435
220140703,78,64,142
220140704,495,455,950
220140705,410,398,808
220140801,160,128,288
220140802,126,116,242
220140803,213,171,384
220140804,48,29,77
220140805,179,172,351
220140901,25,12,37
220140902,50,40,90
220210101,69,54,123
220210102,90,70,160
220210201,78,72,150
220210202,75,67,142
220210301,34,33,67
220210302,113,97,210
220210303,70,62,132
220210401,159,119,278
220210402,12,10,22
220210403,338,325,663
220210501,101,70,171
220210502,239,217,456
220210503,328,289,617
220210504,282,342,624
220210505,541,537,1078
220210506,479,477,956
220210507,618,669,1287
220210508,704,711,1415
220210601,457,271,728
220210602,99,93,192
220210603,194,166,360
220210604,252,253,505
220210605,575,586,1161
220210606,333,294,627
220210607,560,546,1106
220210608,672,599,1271
220210701,598,668,1266
220210702,291,320,611
220210703,210,258,468
220210704,1116,1161,2277
220210705,367,407,774
220210706,260,307,567
220210707,284,358,642
220210708,487,542,1029
220210709,495,579,1074
220210710,485,525,1010
220210711,258,342,600
220210712,186,236,422
220210713,630,519,1149
220210714,330,392,722
220210715,312,381,693
220210716,206,257,463
220210717,182,208,390
220210718,351,396,747
220210719,679,765,1444
220210720,271,316,587
220210721,483,489,972
220210722,211,288,499
220210723,271,299,570
220210801,667,748,1415
220210802,654,653,1307
220210803,689,660,1349
220210804,461,522,983
220210805,182,207,389
220210806,477,525,1002
220210807,278,395,673
220210808,586,613,1199
220210809,465,479,944
220210810,276,328,604
220210811,554,522,1076
220210812,440,440,880
220210813,484,495,979
220210814,646,677,1323
220210815,515,502,1017
220210816,387,401,788
220210901,37,27,64
220210902,86,69,155
220210903,89,79,168
220211001,91,70,161
220211002,95,88,183
220211003,52,62,114
220211101,107,86,193
220211102,31,32,63
220211103,74,66,140
220211201,67,49,116
220211202,145,116,261
220211301,70,73,143
220211302,109,73,182
220211401,57,51,108
220211402,58,53,111
220211501,237,297,534
220211502,243,270,513
220211503,196,241,437
220211504,471,472,943
220211505,430,472,902
220211506,1623,1586,3209
220211507,353,364,717
220211508,631,731,1362
220211509,484,517,1001
220211510,478,567,1045
220211511,656,743,1399
220211512,540,545,1085
220211513,142,173,315
220211601,593,647,1240
220211602,446,473,919
220211603,207,258,465
220211604,314,363,677
220211605,724,790,1514
220211606,255,312,567
220211607,276,370,646
220211608,368,409,777
220211609,369,400,769
220211610,577,575,1152
220211611,565,624,1189
220211612,282,394,676
220211613,364,415,779
220211614,521,537,1058
220211615,503,547,1050
220211616,267,367,634
220211617,422,445,867
220211618,651,671,1322
220211701,292,328,620
220211702,183,237,420
220211703,344,406,750
220211704,172,212,384
220211705,283,309,592
220211706,394,443,837
220211707,503,536,1039
220211708,373,426,799
220211709,603,650,1253
220211710,528,523,1051
220211711,327,390,717
220211712,626,636,1262
220211713,503,540,1043
220211714,755,766,1521
220211715,266,308,574
220211716,436,458,894
220211717,437,425,862
220211718,510,486,996
220280101,501,500,1001
220280102,753,852,1605
220280103,404,430,834
220280104,463,500,963
220280105,596,626,1222
220280106,519,600,1119
220280107,350,460,810
220280108,317,392,709
220280109,507,508,1015
220280110,574,540,1114
220280111,208,262,470
220280112,356,407,763
220280113,632,652,1284
220280114,494,521,1015
220280115,589,628,1217
220280116,734,763,1497
220280117,615,674,1289
220280118,578,615,1193
220280201,381,335,716
220280202,145,127,272
220280203,363,305,668
220280301,357,342,699
220280302,262,248,510
220280303,97,66,163
220280304,109,109,218
220280305,132,117,249
220280306,390,408,798
220280307,438,524,962
220280308,423,405,828
220280309,699,778,1477
220280310,684,727,1411
220280311,719,717,1436
220280401,76,56,132
220280402,67,46,113
220280403,74,53,127
220280501,245,236,481
220280502,32,25,57
220280503,84,69,153
220360101,536,554,1090
220360102,523,589,1112
220360103,156,195,351
220360104,292,342,634
220360105,538,549,1087
220360106,626,682,1308
220360107,308,342,650
220360108,443,453,896
220360109,317,337,654
220360110,605,619,1224
220360111,399,433,832
220360112,518,514,1032
220360113,596,651,1247
220360114,484,441,925
220360201,131,96,227
220360202,189,171,360
220360203,138,131,269
220360204,49,40,89
220360301,2,1,3
220360302,345,311,656
220360303,73,65,138
220360304,354,274,628
220360305,123,100,223
220360401,52,34,86
220360402,40,32,72
220360403,178,155,333
220360404,48,49,97
220360405,208,215,423
220360406,45,40,85
220360501,30,15,45
220360502,56,47,103
220360601,75,32,107
220360602,43,27,70
220360603,239,215,454
220360604,56,31,87
220360701,82,19,101
220360702,36,23,59
220360801,19,3,22
220360802,4,1,5
220360803,12,2,14
220360804,9,7,16
220360805,5,3,8
220360901,823,786,1609
220360902,329,320,649
220360903,5,7,12
220360904,53,50,103
220360905,40,20,60
220360906,368,358,726
220360907,656,644,1300
220390101,220,221,441
220390102,100,77,177
220390103,25,18,43
220390104,18,19,37
220390105,258,255,513
220390106,521,561,1082
220390107,313,320,633
220390108,415,440,855
220390109,551,541,1092
220390110,287,347,634
220390111,376,379,755
220390201,64,57,121
220390202,64,49,113
220390203,70,47,117
220390204,85,80,165
220390301,40,30,70
220390302,13,4,17
220390303,83,66,149
220390304,65,59,124
220390305,170,124,294
220430101,383,416,799
220430102,273,317,590
220430103,620,614,1234
220430104,493,495,988
220430105,416,399,815
220430106,426,413,839
220430201,267,308,575
220430202,164,126,290
220430203,231,176,407
220430204,87,71,158
220430205,744,768,1512
220430301,27,24,51
220430302,291,241,532
220430303,302,291,593
220430304,356,303,659
220430305,536,421,957
220430401,29,27,56
220430402,170,106,276
220430403,85,51,136
220430501,55,44,99
220430502,120,81,201
220430503,28,31,59
220490101,396,438,834
220490102,517,539,1056
220490103,553,599,1152
220490104,468,463,931
220490201,38,33,71
220490202,44,26,70
220490203,9,3,12
220490301,103,74,177
220490302,98,72,170
220490303,68,66,134
220490304,1009,991,2000
220490305,44,48,92
220490306,53,32,85
220490307,377,413,790
220490308,251,232,483
220490309,559,552,1111
220490310,369,407,776
220490311,881,872,1753
220490401,64,43,107
220490402,25,15,40
220490403,90,54,144
220560101,656,715,1371
220560102,853,862,1715
220560201,619,617,1236
220560202,53,27,80
220560203,84,51,135
220560204,5,7,12
220560301,99,77,176
220560302,122,92,214
220560303,189,161,350
220560304,108,119,227
220560305,421,467,888
220560306,455,456,911
220560307,32,31,63
220560308,24,12,36
220560309,476,433,909
220560310,502,471,973
220560311,631,614,1245
220560312,187,185,372
220560313,707,719,1426
220560314,540,529,1069
220560401,24,18,42
220560402,29,11,40
220630101,455,480,935
220630102,426,486,912
220630103,282,351,633
220630104,349,394,743
220630105,346,421,767
220630106,373,445,818
220630107,448,472,920
220630108,496,492,988
220630109,313,381,694
220630202,686,615,1301
220630203,608,502,1110
220630204,302,270,572
220630205,38,47,85
220630206,186,143,329
220630207,144,108,252
220630208,609,497,1106
220630209,244,184,428
220630210,452,505,957
220630211,210,139,349
220630212,452,403,855
220630213,193,143,336
220630214,727,764,1491
220630215,493,550,1043
220630216,129,132,261
220630301,462,343,805
220630302,414,322,736
220630303,213,192,405
220630304,467,399,866
220630305,495,441,936
220630306,573,543,1116
220630307,283,230,513
220630308,255,199,454
220630309,765,803,1568
220630310,909,844,1753
220630311,708,708,1416
220630401,792,686,1478
220630402,81,62,143
220630403,157,90,247
220630404,679,697,1376
220630501,160,143,303
220630502,128,120,248
220630503,416,373,789
220630504,260,199,459
220630505,479,408,887
220630506,426,347,773
220630507,358,357,715
220630508,907,878,1785
220630509,838,751,1589
220630601,45,49,94
220630602,655,556,1211
220630603,486,415,901
220630604,6,6,12
220630605,626,635,1261
220630701,251,292,543
220630702,948,923,1871
220630703,289,230,519
220630704,23,24,47
220630705,798,839,1637
220630801,877,861,1738
220630814,382,389,771
220630816,687,676,1363
220630817,603,636,1239
220630818,241,293,534
220630824,460,387,847
220630825,284,299,583
220630826,189,230,419
220630827,275,277,552
220630915,706,748,1454
220630919,787,751,1538
220630920,707,734,1441
220630921,737,773,1510
220630922,271,324,595
220630923,525,531,1056
220630928,308,342,650
220630929,361,347,708
220630930,409,421,830
220630931,511,539,1050
220630932,459,454,913
220700101,501,571,1072
220700102,463,433,896
220700103,791,836,1627
220700104,716,698,1414
220700105,498,504,1002
220700201,109,97,206
220700202,755,753,1508
220700203,50,53,103
220700204,53,30,83
220700205,325,324,649
220700206,943,974,1917
220700301,641,703,1344
220700302,133,134,267
220700303,120,78,198
220700304,127,58,185
220700305,132,117,249
220700306,188,112,300
220700307,705,739,1444
220700308,451,487,938
220700309,387,421,808
220700310,291,325,616
220700311,433,462,895
220700401,620,701,1321
220700402,129,126,255
220700403,135,124,259
220700404,51,50,101
220700405,147,119,266
220700406,643,697,1340
220700501,149,111,260
220700502,72,46,118
220700503,36,27,63
220700504,19,23,42
220700601,140,98,238
220700602,86,61,147
220700603,152,128,280
220770101,516,532,1048
220770102,272,326,598
220770103,751,821,1572
220770104,498,483,981
220770105,422,467,889
220770106,378,435,813
220770107,627,603,1230
220770201,136,113,249
220770202,422,367,789
220770203,94,80,174
220770204,39,46,85
220770205,49,49,98
220770206,221,208,429
220770207,60,57,117
220770208,147,118,265
220770301,129,121,250
220770302,528,574,1102
220770303,362,332,694
220770304,221,175,396
220770305,67,48,115
220770306,18,15,33
220770307,47,37,84
220770308,16,14,30
220770401,14,13,27
220770402,27,16,43
220770403,24,23,47
220840101,817,872,1689
220840102,512,499,1011
220840103,499,519,1018
220840104,442,455,897
220840105,869,806,1675
220840201,41,23,64
220840202,257,202,459
220840203,635,538,1173
220840204,363,285,648
220840205,1495,1318,2813
220840206,316,310,626
220840207,200,177,377
220840208,409,431,840
220840209,752,751,1503
220840301,23,20,43
220840302,57,47,104
220840303,246,248,494
220840401,183,166,349
220840402,188,154,342
220840403,87,61,148
220840404,72,71,143
220840501,457,462,919
220840502,543,565,1108
220840503,557,526,1083
220840504,541,550,1091
220840601,576,631,1207
220840602,55,51,106
220840603,123,89,212
220840604,195,138,333
220840605,408,378,786
220840606,38,19,57
220840607,8,4,12
220840701,274,212,486
220840702,17,11,28
220840703,40,28,68
220840704,36,26,62
220840705,38,39,77
220840706,76,71,147
220840707,127,97,224
220840801,286,248,534
220840802,149,114,263
220840803,211,175,386
220840804,485,424,909
220840805,284,242,526
220840901,26,21,47
220840902,18,15,33
220840903,131,86,217
220840904,67,66,133
220841001,175,136,311
220841002,542,466,1008
220841003,22,10,32
220841004,241,250,491
220841005,549,547,1096
220841006,325,290,615
220841101,773,681,1454
220841102,227,280,507
220841103,210,227,437
220841104,472,511,983
220841105,504,558,1062
220841106,423,466,889
220841107,308,366,674
220841108,379,464,843
220841109,279,261,540
220841110,655,725,1380
220841111,528,588,1116
220841112,478,495,973
220841201,762,804,1566
220841202,501,604,1105
220841203,412,430,842
220841204,500,490,990
220841205,295,331,626
220841206,285,321,606
220841207,440,510,950
220841208,313,340,653
220841209,377,400,777
220841210,603,604,1207
220841211,728,737,1465
220841212,538,523,1061
220841213,456,471,927
220841214,529,518,1047
220841215,475,508,983
220841216,801,859,1660
220841217,409,392,801
220910101,585,593,1178
220910102,346,415,761
220910103,643,715,1358
220910104,369,448,817
220910105,383,408,791
220910201,106,77,183
220910202,207,162,369
220910203,202,158,360
220910204,165,157,322
220910301,251,214,465
220910302,359,307,666
220910303,465,419,884
220910304,120,87,207
220910401,207,169,376
220910402,295,247,542
220910403,299,281,580
220910404,121,98,219
220910501,1049,998,2047
220910502,537,522,1059
220910503,188,166,354
220910504,202,183,385
220910505,119,104,223
220910506,202,196,398
220910507,554,539,1093
220910508,891,854,1745
220910509,809,800,1609
220910510,691,717,1408
220910511,449,499,948
220910512,502,578,1080
220910513,524,558,1082
220910601,92,52,144
220910602,242,181,423
220910701,87,72,159
220910702,101,88,189
220910703,262,227,489
220910704,201,174,375
220980101,445,525,970
220980102,366,328,694
220980103,862,959,1821
220980104,560,624,1184
220980105,505,531,1036
220980106,436,487,923
220980107,396,460,856
220980108,323,362,685
220980109,333,380,713
220980110,532,617,1149
220980111,557,607,1164
220980112,247,256,503
220980113,156,185,341
220980114,148,180,328
220980115,218,238,456
220980116,184,223,407
220980117,256,305,561
220980118,327,347,674
220980119,542,663,1205
220980120,412,462,874
220980121,661,643,1304
220980122,422,483,905
220980123,448,482,930
220980201,93,88,181
220980202,292,260,552
220980203,28,26,54
220980204,51,45,96
220980205,89,82,171
220980206,73,58,131
220980207,156,135,291
220980208,76,77,153
220980209,128,108,236
220980210,44,45,89
220980211,135,122,257
220980212,96,75,171
220980213,110,98,208
220980214,478,432,910
220980301,267,309,576
220980302,465,513,978
220980303,470,477,947
220980304,306,342,648
220980305,394,442,836
220980306,386,427,813
220980307,425,447,872
220980401,435,416,851
220980402,68,55,123
220980403,72,61,133
220980404,43,37,80
220980405,54,34,88
220980406,643,616,1259
220980407,187,170,357
220980408,565,600,1165
220980501,136,120,256
220980502,101,57,158
220980503,84,51,135
220980601,252,263,515
220980602,123,111,234
220980603,119,90,209
220980604,30,26,56
220980605,74,83,157
220980701,763,833,1596
220980702,781,761,1542
220980703,299,346,645
220980704,271,335,606
220980705,232,262,494
220980706,458,560,1018
220980707,917,874,1791
220980708,844,887,1731
220980709,574,609,1183
220980710,401,429,830
220980711,138,147,285
220980712,295,324,619
220980713,274,274,548
220980714,419,451,870
220980715,773,781,1554
220980716,60,58,118
220980717,607,648,1255
220980718,994,1116,2110
220980719,221,187,408
220980720,614,634,1248
221050101,336,329,665
221050102,352,377,729
221050103,271,310,581
221050104,237,281,518
221050105,210,268,478
221050106,381,397,778
221050107,522,546,1068
221050108,620,621,1241
221050109,480,525,1005
221050110,268,310,578
221050111,284,378,662
221050112,345,397,742
221050113,261,284,545
221050114,453,480,933
221050115,313,304,617
221050201,254,182,436
221050202,198,178,376
221050203,351,270,621
221050204,117,106,223
221050205,214,190,404
221050301,1072,1139,2211
221050302,72,65,137
221050303,774,779,1553
221050304,217,188,405
221050305,148,137,285
221050306,342,275,617
221050307,141,129,270
221050308,82,68,150
221050309,130,117,247
221050310,195,171,366
221050311,721,778,1499
221050312,749,807,1556
221050313,32,20,52
221050314,712,740,1452
221050315,651,616,1267
221050316,508,585,1093
221050317,585,597,1182
221050401,41,42,83
221050402,45,33,78
221050403,146,115,261
221050404,227,189,416
221050405,93,82,175
221120101,623,661,1284
221120102,406,454,860
221120103,830,854,1684
221120104,692,790,1482
221120105,810,890,1700
221120106,985,1020,2005
221120201,0,0,0
221120202,106,83,189
221120203,43,26,69
221120301,413,437,850
221120302,948,979,1927
221120303,72,38,110
221120304,49,40,89
221120305,62,67,129
221120306,284,321,605
221120401,345,375,720
221120402,400,411,811
221120403,230,209,439
221120404,359,295,654
221120405,77,58,135
221120406,74,74,148
221120407,709,713,1422
221120408,71,78,149
221120501,35,24,59
221120502,36,27,63
221120503,32,21,53
221120504,51,61,112
221120505,72,77,149
221120601,22,11,33
221120602,67,42,109
221120603,79,60,139
221120701,82,67,149
221120702,53,41,94
221120801,123,128,251
221120802,109,110,219
221120803,175,153,328
221120901,63,59,122
221120902,47,40,87
221120903,64,65,129
221121001,185,180,365
221121002,83,74,157
221121003,28,24,52
221190101,356,386,742
221190102,551,567,1118
221190103,636,719,1355
221190104,704,779,1483
221190105,410,456,866
221190106,627,690,1317
221190107,592,623,1215
221190108,528,571,1099
221190201,329,300,629
221190202,398,398,796
221190203,178,149,327
221190204,167,164,331
221190205,311,296,607
221190206,110,95,205
221190207,44,38,82
221190208,64,51,115
221190301,75,48,123
221190302,19,11,30
221190303,41,18,59
221260101,550,606,1156
221260102,311,318,629
221260103,254,245,499
221260104,436,400,836
221260105,330,364,694
221260201,51,21,72
221260202,190,144,334
221260203,78,74,152
221260204,80,84,164
221260301,480,437,917
221260302,92,73,165
221260303,162,144,306
221260304,269,312,581
221260305,474,463,937
221260306,37,38,75
221260307,40,20,60
221260308,36,28,64
221260309,17,19,36
221260310,29,29,58
221260311,92,73,165
221260312,389,406,795
221260313,288,338,626
221260314,450,520,970
221260315,16,15,31
221330101,414,427,841
221330102,461,540,1001
221330103,570,610,1180
221330104,547,600,1147
221330105,226,258,484
221330106,520,572,1092
221330107,251,249,500
221330108,962,1027,1989
221330109,757,772,1529
221330110,325,362,687
221330111,559,550,1109
221330112,395,380,775
221330113,335,335,670
221330114,860,802,1662
221330115,674,691,1365
221330116,243,299,542
221330117,261,265,526
221330118,427,444,871
221330119,567,554,1121
221330120,380,443,823
221330201,97,102,199
221330202,243,201,444
221330203,275,215,490
221330204,46,51,97
221330205,175,171,346
221330206,196,160,356
221330207,426,453,879
221330208,110,117,227
221330301,160,158,318
221330302,220,237,457
221330303,140,118,258
221330304,155,137,292
221330305,126,94,220
221330306,83,67,150
221330307,69,74,143
221330308,153,117,270
221330309,221,200,421
221330401,193,170,363
221330402,143,114,257
221330403,86,60,146
221330404,122,91,213
221330405,169,133,302
221330406,85,54,139
221330407,10,8,18
221330408,133,103,236
221330409,6,7,13
221330410,13,16,29
221330411,233,199,432
221330412,779,838,1617
221330413,617,642,1259
221330414,343,435,778
221330415,296,288,584
221330501,90,69,159
221330502,662,641,1303
221330503,126,108,234
221330504,56,47,103
221330505,122,110,232
221330506,19,18,37
221330507,35,34,69
221330508,43,34,77
221400101,264,270,534
221400102,930,908,1838
221400103,242,291,533
221400104,429,488,917
221400105,386,390,776
221400106,641,613,1254
221400107,662,678,1340
221400108,194,186,380
221400109,568,550,1118
221400110,343,392,735
221400111,626,721,1347
221400112,449,463,912
221400113,483,454,937
221400114,191,179,370
221400115,364,406,770
221400116,397,393,790
221400117,495,491,986
221400118,391,392,783
221400201,318,396,714
221400202,314,403,717
221400203,441,520,961
221400204,571,650,1221
221400205,332,370,702
221400206,574,635,1209
221400207,687,667,1354
221400208,583,600,1183
221400209,381,397,778
221400210,577,612,1189
221400211,509,487,996
221400301,264,336,600
221400302,253,320,573
221400303,312,408,720
221400304,306,344,650
221400305,314,399,713
221400306,262,357,619
221400307,258,315,573
221400308,345,396,741
221400309,400,478,878
221400310,289,358,647
221400311,377,434,811
221400312,658,637,1295
221400313,774,786,1560
221400401,175,195,370
221400402,251,289,540
221400403,249,288,537
221400404,302,337,639
221400405,319,389,708
221400406,266,348,614
221400407,322,388,710
221400408,296,368,664
221400409,366,499,865
221400410,323,367,690
221400411,472,525,997
221400412,464,519,983
221400413,214,243,457
221400414,451,447,898
221400415,211,247,458
221400416,289,330,619
221400417,106,111,217
221400418,215,241,456
221400501,335,376,711
221400502,436,523,959
221400503,302,346,648
221400504,326,412,738
221400505,715,801,1516
221400506,428,457,885
221400507,488,502,990
221400508,672,658,1330
221400509,362,378,740
221400510,422,448,870
221400511,421,457,878
221400512,572,586,1158
221400513,657,679,1336
221400514,504,522,1026
221400601,746,727,1473
221400602,357,406,763
221400603,444,437,881
221400604,354,397,751
221400605,574,585,1159
221400606,691,740,1431
221400607,348,381,729
221400608,749,874,1623
221400609,703,737,1440
221400610,626,704,1330
221400611,511,538,1049
221400612,332,336,668
221400701,380,391,771
221400702,508,577,1085
221400703,469,477,946
221400704,436,448,884
221400705,388,439,827
221400706,536,608,1144
221400707,313,368,681
221400708,454,482,936
221400709,417,429,846
221400710,419,458,877
221400711,383,411,794
221400712,326,373,699
221400713,251,328,579
221400714,553,592,1145
221400715,298,328,626
221400716,470,544,1014
221400717,285,290,575
221400718,539,586,1125
221400719,401,454,855
221400720,424,393,817
221400721,475,461,936
221400722,13,12,25
221400723,522,534,1056
221400724,614,651,1265
221400725,415,434,849
221400726,446,471,917
221400727,592,581,1173
221400728,387,393,780
221400729,267,282,549
221400801,236,344,580
221400802,334,451,785
221400803,438,524,962
221400804,152,191,343
221400805,276,310,586
221400806,236,261,497
221400807,295,371,666
221400808,324,431,755
221400809,148,174,322
221400810,476,539,1015
221400811,445,480,925
221400812,169,228,397
221400813,269,332,601
221400814,357,432,789
221400815,275,359,634
221400816,157,183,340
221400817,208,221,429
221400818,141,138,279
221400901,314,337,651
221400902,784,847,1631
221400903,968,564,1532
221400904,530,580,1110
221400905,451,389,840
221400906,579,644,1223
221400907,509,534,1043
221400908,493,493,986
221400909,485,517,1002
221400910,617,697,1314
221400911,405,447,852
221400912,307,357,664
221400913,572,641,1213
221400914,603,646,1249
221400915,563,609,1172
221400916,402,556,958
221400917,466,461,927
221400918,424,476,900
221401001,524,579,1103
221401002,338,348,686
221401003,515,544,1059
221401004,631,680,1311
221401005,440,546,986
221401006,623,610,1233
221401007,686,690,1376
221401008,455,468,923
221401009,725,766,1491
221401010,402,469,871
221401011,450,507,957
221401012,433,426,859
221401013,432,443,875
221401014,511,498,1009
221401015,510,500,1010
221401017,568,582,1150
221401018,511,530,1041
221401019,403,372,775
221401020,626,645,1271
221401021,420,440,860
221401022,466,479,945
221401101,243,333,576
221401102,275,353,628
221401103,297,373,670
221401104,559,617,1176
221401105,307,356,663
221401106,309,392,701
221401107,315,374,689
221401108,276,309,585
221401109,281,321,602
221401110,306,314,620
221401111,473,583,1056
221401112,323,371,694
221401113,244,296,540
221401114,313,351,664
221401115,295,322,617
221401201,182,252,434
221401202,233,300,533
221401203,213,330,543
221401204,283,356,639
221401205,251,369,620
221401206,305,366,671
221401207,289,378,667
221401208,388,512,900
221401209,224,270,494
221401210,427,548,975
221401211,521,605,1126
221401212,279,311,590
221401213,560,649,1209
221401214,347,384,731
221401215,735,798,1533
221401216,157,207,364
221401217,641,708,1349
221401301,306,316,622
221401302,334,409,743
221401303,314,382,696
221401304,339,413,752
221401305,468,490,958
221401306,284,338,622
221401307,385,465,850
221401308,609,682,1291
221401309,248,277,525
221401310,275,341,616
221401311,375,398,773
221401312,303,362,665
221401313,455,477,932
221401314,350,406,756
221401315,87,75,162
221401401,236,254,490
221401402,336,357,693
221401403,417,541,958
221401404,404,463,867
221401405,357,343,700
221401406,562,620,1182
221401407,379,422,801
221401408,345,398,743
221401409,270,354,624
221401410,288,326,614
221401411,452,475,927
221401412,150,198,348
221401413,257,293,550
221401501,451,523,974
221401502,394,527,921
221401503,383,470,853
221401504,387,463,850
221401505,285,328,613
221401506,562,669,1231
221401507,449,546,995
221401508,424,478,902
221401509,295,351,646
221401510,517,645,1162
221401601,532,497,1029
221401602,169,197,366
221401603,299,411,710
221401604,539,606,1145
221401605,470,525,995
221401606,505,528,1033
221401607,253,326,579
221401608,343,364,707
221401609,713,711,1424
221401610,453,502,955
221401611,204,221,425
221401612,361,422,783
221401613,258,273,531
221401614,224,269,493
221401615,306,342,648
221401616,512,530,1042
221401617,438,446,884
221401618,529,607,1136
221401619,444,504,948
221401620,478,499,977
221401621,554,560,1114
221401622,79,91,170
221401623,129,163,292
221401624,99,104,203
221401625,330,341,671
221401701,297,284,581
221401702,491,511,1002
221401703,689,696,1385
221401704,438,429,867
221401705,653,666,1319
221401706,700,780,1480
221401707,465,451,916
221401708,462,396,858
221401709,315,318,633
221401710,402,403,805
221401801,427,465,892
221401802,586,709,1295
221401803,467,467,934
221401804,519,519,1038
221401805,405,438,843
221401806,615,626,1241
221401807,550,641,1191
221401808,476,456,932
221401809,422,461,883
221401810,500,523,1023
221401811,483,507,990
221401812,343,354,697
221401813,394,416,810
221401814,386,458,844
221401815,400,395,795
221401816,874,882,1756
221401817,314,311,625
221401818,9,8,17
221401819,563,545,1108
221401820,409,438,847
221401821,362,382,744
221401901,651,709,1360
221401902,138,125,263
221401903,313,378,691
221401904,599,658,1257
221401905,248,297,545
221401906,349,389,738
221401907,545,618,1163
221401908,364,355,719
221401909,338,392,730
221401910,247,300,547
221401911,305,360,665
221401912,372,424,796
221401913,383,421,804
221401914,319,354,673
221401915,318,354,672
221401916,372,420,792
221402001,382,388,770
221402002,513,568,1081
221402003,279,346,625
221402004,491,519,1010
221402005,740,736,1476
221402006,674,675,1349
221402007,503,491,994
221402008,432,453,885
221402009,459,531,990
221402010,363,390,753
221402011,356,365,721
221402101,577,608,1185
221402102,479,492,971
221402103,460,506,966
221402104,255,254,509
221402105,693,700,1393
221402106,961,999,1960
221402107,158,129,287
221402108,520,487,1007
221402109,104,89,193
221402201,41,26,67
221402202,56,34,90
221402203,110,101,211
221402204,25,15,40
221402205,95,61,156
221402206,75,40,115
221402301,12,5,17
221402302,5,4,9
221402303,35,17,52
221402304,238,208,446
221402305,30,21,51
221402401,347,327,674
221402402,18,18,36
221402403,42,39,81
221402404,415,458,873
221402405,87,78,165
221402406,164,178,342
221402407,2,0,2
221402408,14,7,21
221402409,120,98,218
221402410,157,155,312
221402411,350,345,695
221402501,672,719,1391
221402502,528,598,1126
221402503,819,794,1613
221402504,626,651,1277
221402505,938,959,1897
221402506,483,416,899
221402507,155,110,265
221402508,743,719,1462
221402509,570,604,1174
221402510,655,664,1319
221402511,885,878,1763
221402512,715,718,1433
221402513,267,265,532
221402514,135,132,267
221402515,226,230,456
221402516,367,366,733
221402517,191,194,385
221402518,427,467,894
221402601,438,430,868
221402602,626,617,1243
221402603,570,611,1181
221402604,499,483,982
221402605,502,489,991
221402606,447,472,919
221402607,712,745,1457
221402608,676,714,1390
221402609,314,310,624
221402701,559,582,1141
221402702,547,610,1157
221402703,512,528,1040
221402704,674,643,1317
221402705,660,648,1308
221402706,505,519,1024
221402707,838,911,1749
221402708,548,599,1147
221402709,504,530,1034
221402710,282,344,626
221402711,615,618,1233
221402712,398,454,852
221402713,437,481,918
221402714,897,977,1874
221402715,562,653,1215
221402716,730,816,1546
221402717,666,670,1336
221402718,609,645,1254
221402719,707,741,1448
221402720,455,419,874
221402721,432,462,894
221402722,505,489,994
221402723,414,390,804
221402724,277,278,555
221402725,318,341,659
221402726,424,405,829
221402801,559,628,1187
221402802,533,612,1145
221402803,369,397,766
221402804,455,526,981
221402805,718,792,1510
221402806,364,365,729
221402807,292,333,625
221402808,879,963,1842
221402809,464,502,966
221402810,571,659,1230
221402811,538,622,1160
221402901,332,341,673
221402902,402,399,801
221402903,477,440,917
221402904,528,542,1070
221402905,500,486,986
221402906,1033,541,1574
221402907,234,218,452
221402908,523,587,1110
221402909,583,681,1264
221402910,746,811,1557
221402911,605,625,1230
221402912,284,321,605
221402913,425,486,911
221402914,505,559,1064
221402915,556,544,1100
221402916,380,385,765
221402919,336,336,672
221402920,414,416,830
221403001,436,452,888
221403002,407,411,818
221403003,828,750,1578
221403004,439,483,922
221403005,823,852,1675
221403006,263,312,575
221403007,667,762,1429
221403008,226,216,442
221403009,695,635,1330
221403010,274,291,565
221403011,499,524,1023
221403012,377,380,757
221403013,267,257,524
221470101,139,116,255
221470102,39,31,70
221470103,81,59,140
221470104,128,90,218
221470105,224,195,419
221470106,258,210,468
221470107,81,72,153
221470108,84,55,139
221470201,644,685,1329
221470202,266,330,596
221470203,513,524,1037
221470204,325,350,675
221470205,260,256,516
221470206,542,592,1134
221470301,777,767,1544
221470302,89,73,162
221470303,218,176,394
221470304,66,59,125
221470305,931,1012,1943
221470306,704,746,1450
221470307,177,166,343
221470401,498,504,1002
221470402,159,168,327
221470403,98,58,156
221470404,60,47,107
221540101,640,623,1263
221540102,523,433,956
221540103,229,160,389
221540104,261,261,522
221540105,523,576,1099
221540106,245,242,487
221540201,513,539,1052
221540202,584,612,1196
221540203,65,48,113
221540204,320,226,546
221540205,69,57,126
221540206,524,510,1034
221540301,427,439,866
221540302,688,692,1380
221540303,191,174,365
221540304,132,116,248
221540305,250,241,491
221540306,57,36,93
221540307,638,666,1304
221540308,186,166,352
221540309,331,318,649
221540310,200,136,336
221540311,519,503,1022
221610101,83,55,138
221610102,83,72,155
221610103,30,22,52
221610201,659,664,1323
221610202,124,82,206
221610203,51,43,94
221610301,745,774,1519
221610302,130,112,242
221610303,29,20,49
221610304,37,9,46
221610305,54,28,82
221610401,89,80,169
221610402,12,10,22
221680101,459,551,1010
221680102,376,432,808
221680103,585,581,1166
221680104,552,540,1092
221680105,381,411,792
221680106,395,445,840
221680107,1047,1087,2134
221680108,693,656,1349
221680109,607,624,1231
221680110,620,659,1279
221680111,323,350,673
221680112,600,595,1195
221680113,611,681,1292
221680114,579,576,1155
221680115,492,465,957
221680116,417,394,811
221680117,352,402,754
221680201,111,104,215
221680202,173,131,304
221680203,76,65,141
221680204,82,73,155
221680205,136,120,256
221680206,45,37,82
221680207,137,118,255
221680301,125,90,215
221680302,194,150,344
221680303,52,55,107
221680304,85,60,145
221680305,61,50,111
221680306,124,92,216
221680307,78,73,151
221680308,78,68,146
221680309,746,742,1488
221680310,1005,977,1982
221680401,196,184,380
221680402,414,344,758
221680403,358,320,678
221680404,146,126,272
221680405,162,165,327
221680406,167,136,303
221680407,95,75,170
221680408,122,82,204
221680409,634,638,1272
260070101,59,16,75
260070201,91,36,127
260070202,308,257,565
260070301,83,23,106
260070302,14,1,15
260070303,30,24,54
260070304,320,306,626
260070401,497,589,1086
260070402,374,338,712
260070403,358,335,693
260070404,432,421,853
260070405,572,558,1130
260070406,447,443,890
260070407,760,739,1499
260070408,187,185,372
260070409,362,364,726
260070410,307,332,639
260070411,292,315,607
260070412,634,684,1318
260070413,46,22,68
260070414,15,14,29
260070501,701,665,1366
260070502,523,516,1039
260070503,676,686,1362
260070504,370,370,740
260070505,496,521,1017
260070506,482,486,968
260070507,486,533,1019
260070508,590,571,1161
260070509,504,474,978
260070510,794,771,1565
260070511,524,535,1059
260070601,623,646,1269
260070602,338,379,717
260070603,451,402,853
260070604,617,644,1261
260070605,734,717,1451
260070606,377,407,784
260070607,585,598,1183
260070608,652,653,1305
260070609,671,676,1347
260070610,588,623,1211
260070611,255,251,506
260070612,584,629,1213
260070613,295,366,661
260070614,392,427,819
260070615,542,554,1096
260070701,133,131,264
260070702,416,458,874
260070703,579,577,1156
260070704,753,703,1456
260070705,539,549,1088
260070706,395,379,774
260070707,767,701,1468
260070708,763,759,1522
260070709,656,642,1298
260070710,567,638,1205
260070711,483,511,994
260070712,493,418,911
260070801,388,413,801
260070802,705,758,1463
260070803,405,395,800
260070804,574,549,1123
260070805,513,496,1009
260070806,769,715,1484
260070807,352,341,693
260070808,379,334,713
260070809,367,347,714
260070810,363,360,723
260070811,678,693,1371
260070812,631,656,1287
260070813,428,424,852
260070901,437,496,933
260070902,387,431,818
260070903,614,681,1295
260070904,414,441,855
260070905,365,421,786
260070906,351,374,725
260070907,459,452,911
260070908,457,476,933
260070909,223,235,458
260070910,321,331,652
260071001,151,149,300
260071002,436,460,896
260071003,139,143,282
260071004,269,292,561
260071005,318,335,653
260071006,331,345,676
260071007,336,390,726
260071008,280,313,593
260071009,317,361,678
260071010,562,597,1159
260071011,294,297,591
260071012,244,274,518
260071013,347,354,701
260140101,49,18,67
260140102,45,31,76
260140103,119,134,253
260140104,390,409,799
260140105,425,463,888
260140106,402,439,841
260140107,384,399,783
260140108,344,356,700
260140201,6,5,11
260140202,75,41,116
260140203,11,7,18
260140204,6,1,7
260140205,4,1,5
260140206,0,3,3
260140207,10,4,14
260140208,5,4,9
260140209,10,5,15
260140301,126,91,217
260140302,68,58,126
260140303,354,386,740
260140304,27,25,52
260140305,79,68,147
260140306,53,42,95
260140307,73,76,149
260140401,71,49,120
260140501,12,13,25
260140601,27,12,39
260140701,25,17,42
260140702,63,46,109
260140703,6,4,10
260140704,51,39,90
260140705,575,608,1183
260140801,312,258,570
260140802,50,16,66
260140803,457,456,913
260140804,365,380,745
260140901,1480,1429,2909
260140902,63,31,94
260140903,386,408,794
260140904,391,412,803
260140905,354,357,711
260140906,399,422,821
260141001,114,76,190
260141002,67,51,118
260141003,207,185,392
260141004,493,545,1038
260141101,24,35,59
260141102,765,705,1470
260141103,425,421,846
260141104,315,316,631
260210101,53,7,60
260210102,29,36,65
260210103,61,13,74
260210104,16,9,25
260210201,34,33,67
260210202,67,12,79
260210203,16,5,21
260210204,672,645,1317
260210301,103,14,117
260210302,14,2,16
260210401,2,0,2
260210402,109,116,225
260210403,125,136,261
260210404,455,452,907
260210405,419,434,853
260210406,475,487,962
260210407,605,638,1243
260210408,371,370,741
260210409,368,367,735
260210410,353,375,728
260210411,261,261,522
260210412,297,292,589
260210413,325,324,649
260210414,341,342,683
260210501,16,9,25
260210502,428,424,852
260210503,216,199,415
260210504,5,2,7
260210505,552,554,1106
260210506,446,479,925
260210507,373,369,742
260210508,199,208,407
260210509,378,404,782
260210510,491,474,965
260210511,501,586,1087
260210512,598,620,1218
260210513,762,752,1514
260210514,807,819,1626
260210515,774,637,1411
260210516,453,496,949
260210517,476,501,977
260210518,572,543,1115
260210601,182,159,341
260210602,329,268,597
260210603,191,130,321
260210604,475,483,958
260210605,612,563,1175
260210606,488,474,962
260210607,557,580,1137
260210608,813,809,1622
260210609,697,655,1352
260210610,709,707,1416
260210611,530,501,1031
260210612,401,399,800
260210613,284,306,590
260210614,391,399,790
260210615,351,338,689
260210701,48,32,80
260210702,382,289,671
260210703,154,137,291
260210704,796,770,1566
260210705,186,173,359
260210706,391,380,771
260210707,421,455,876
260210708,412,369,781
260210709,627,608,1235
260210710,530,505,1035
260210711,318,311,629
260210712,468,492,960
260210801,41,48,89
260210802,613,635,1248
260210803,64,76,140
260210804,261,262,523
260210805,315,329,644
260210806,276,298,574
260210807,495,487,982
260210808,354,378,732
260210809,231,241,472
260210810,482,460,942
260210811,185,149,334
260210812,520,530,1050
260210813,189,193,382
260210814,611,655,1266
260210815,612,637,1249
260210901,445,422,867
260210902,210,253,463
260210903,288,292,580
260210904,138,146,284
260210905,247,280,527
260210906,145,183,328
260210907,235,265,500
260210908,288,291,579
260210909,377,368,745
260210910,189,211,400
260210911,363,368,731
260210912,200,211,411
260210913,152,175,327
260210914,228,241,469
260211001,463,399,862
260211002,331,293,624
260211003,372,384,756
260211004,290,286,576
260211005,187,209,396
260211006,258,298,556
260211007,274,250,524
260211008,286,285,571
260211009,242,221,463
260211010,304,312,616
260211011,184,222,406
260211012,536,534,1070
260211013,414,400,814
260211101,285,258,543
260211102,415,437,852
260211103,186,183,369
260211104,715,552,1267
260211105,259,269,528
260211106,345,374,719
260211107,607,583,1190
260211108,603,648,1251
260211109,412,477,889
260211110,492,484,976
260211111,434,435,869
260211112,250,260,510
260211113,503,500,1003
260211114,340,361,701
260211115,302,308,610
260211116,360,388,748
260211117,312,331,643
260211201,656,618,1274
260211202,421,422,843
260211203,620,586,1206
260211204,635,615,1250
260211205,317,288,605
260211206,545,561,1106
260211207,547,569,1116
260211208,483,442,925
260211209,540,504,1044
260211210,261,230,491
260211301,544,517,1061
260211302,745,725,1470
260211303,378,389,767
260211304,353,385,738
260211305,621,613,1234
260211306,386,368,754
260211307,314,317,631
260211308,337,373,710
260211309,477,436,913
260211310,412,386,798
260211311,318,304,622
260211312,612,632,1244
260211401,566,606,1172
260211402,384,454,838
260211403,344,360,704
260211404,533,515,1048
260211405,354,360,714
260211406,408,460,868
260211407,567,647,1214
260211408,301,357,658
260211409,393,400,793
260211410,254,269,523
260211411,373,373,746
260211412,390,432,822
260211413,555,492,1047
260211501,382,387,769
260211502,569,579,1148
260211503,558,559,1117
260211504,454,518,972
260211505,408,418,826
260211506,475,504,979
260211507,360,380,740
260211508,372,403,775
260211509,339,341,680
260211510,604,574,1178
260211511,693,680,1373
260211601,709,665,1374
260211602,197,194,391
260211603,365,340,705
260211604,384,366,750
260211605,618,601,1219
260211606,504,441,945
260211607,496,453,949
260211608,570,515,1085
260211609,643,665,1308
260211610,752,750,1502
260211611,409,451,860
260211612,376,364,740
260211613,728,722,1450
260211614,350,361,711
260211615,424,401,825
260211701,133,108,241
260211702,636,572,1208
260211703,318,263,581
260211704,494,466,960
260211705,574,578,1152
260211706,504,520,1024
260211707,384,398,782
260211708,615,618,1233
260211709,812,804,1616
260211710,490,525,1015
260211711,810,710,1520
260211712,602,575,1177
260211713,359,321,680
260211714,593,633,1226
260211801,299,250,549
260211802,378,330,708
260211803,523,512,1035
260211804,510,538,1048
260211805,514,497,1011
260211806,397,362,759
260211807,347,321,668
260211808,598,571,1169
260211809,632,622,1254
260211810,364,341,705
260211811,443,452,895
260211812,368,366,734
260211813,348,355,703
260211901,319,283,602
260211902,435,471,906
260211903,628,558,1186
260211904,256,301,557
260211905,456,444,900
260211906,363,357,720
260211907,346,415,761
260211908,481,428,909
260211909,471,397,868
260211910,398,472,870
260211911,478,446,924
260211912,612,610,1222
260211913,572,567,1139
260211914,334,240,574
260211915,456,455,911
260211916,386,336,722
260280101,49,14,63
260280102,9,1,10
260280201,117,18,135
260280301,69,5,74
260280302,40,9,49
260280303,639,657,1296
260350101,87,58,145
260350102,60,28,88
260350201,248,122,370
260350202,36,9,45
260350301,239,217,456
260350302,286,316,602
260350303,345,365,710
260350304,353,369,722
260350305,333,355,688
260350306,261,329,590
260350307,325,384,709
260350308,172,206,378
260350309,356,445,801
260350310,198,211,409
260350311,459,528,987
260350312,438,424,862
260350313,410,392,802
260350401,7,3,10
260350402,41,15,56
260350403,133,134,267
260350404,933,887,1820
260350405,21,3,24
260350501,8,10,18
260350502,80,64,144
260350503,45,27,72
260350504,40,14,54
260350505,246,257,503
260350506,51,29,80
260350507,218,241,459
260350508,134,91,225
260350509,427,481,908
260350510,602,644,1246
260350511,238,239,477
260350512,280,281,561
260350513,479,458,937
260350514,438,471,909
260350515,638,677,1315
260350601,518,577,1095
260350602,405,435,840
260350603,448,480,928
260350604,320,331,651
260350605,350,402,752
260350606,263,296,559
260350607,215,247,462
260350608,274,347,621
260350609,187,239,426
260350610,267,300,567
260350611,319,375,694
260350612,278,312,590
260350613,390,317,707
260350614,305,321,626
260350615,393,458,851
260350701,409,449,858
260350702,518,543,1061
260350703,717,689,1406
260350704,374,373,747
260350705,513,517,1030
260350706,317,381,698
260350707,566,636,1202
260350708,600,684,1284
260350709,624,673,1297
260350710,631,652,1283
260350711,241,258,499
260350712,720,710,1430
260350713,216,247,463
260420101,20,4,24
260420102,50,12,62
260420103,43,1,44
260420201,58,4,62
260420301,96,67,163
260420302,33,19,52
260420401,2,1,3
260420402,7,3,10
260420403,192,175,367
260420404,166,147,313
260420405,62,45,107
260420406,68,37,105
260420407,79,80,159
260420408,88,68,156
260420409,205,160,365
260420410,542,588,1130
260420411,253,214,467
260420412,123,97,220
260420413,845,767,1612
260420414,629,646,1275
260420415,751,714,1465
260420416,380,417,797
260420417,532,527,1059
260420418,551,573,1124
260490101,53,26,79
260490102,74,14,88
260490103,73,59,132
260490104,44,27,71
260490105,135,118,253
260490106,311,291,602
260490201,9,4,13
260490202,36,15,51
260490203,86,52,138
260560101,46,34,80
260560102,17,10,27
260560103,24,9,33
260560104,148,103,251
260560105,30,13,43
260560106,42,24,66
260560107,144,124,268
260560108,238,234,472
260560201,36,11,47
260560202,96,40,136
260560203,6,2,8
260560204,16,7,23
260560205,54,10,64
260560206,645,592,1237
260560301,166,164,330
260630101,27,8,35
260630102,33,5,38
260630103,33,24,57
260630201,41,18,59
260630202,34,10,44
260630203,234,246,480
260630301,30,5,35
260630401,28,2,30
260700101,42,28,70
260700102,60,5,65
260700103,24,1,25
260700104,172,86,258
260700105,38,12,50
260700106,23,12,35
260700107,13,4,17
260700108,623,641,1264
260700201,21,7,28
260700202,46,9,55
260770101,107,22,129
260770102,12,5,17
260770103,11,4,15
260770104,24,4,28
260770201,27,9,36
260770202,2,1,3
260770203,50,26,76
260770204,105,101,206
260770301,151,157,308
260770302,267,283,550
260770303,237,231,468
260770304,400,458,858
260770305,491,535,1026
260770306,319,357,676
260770307,198,216,414
260770308,118,149,267
260770309,99,83,182
260770310,166,174,340
260770311,141,131,272
260770312,122,135,257
260770313,140,139,279
260770314,140,137,277
260770315,187,168,355
260770316,139,107,246
260770401,170,150,320
260770402,94,81,175
260770403,274,229,503
260770404,343,267,610
260770405,133,94,227
260770501,525,14,539
260770502,608,576,1184
260770503,391,428,819
260770504,477,452,929
260770505,504,471,975
260770506,472,469,941
260770507,410,416,826
260770508,317,352,669
260770509,389,383,772
260770510,513,536,1049
260770511,343,352,695
260770512,353,333,686
260770513,327,315,642
260770514,365,382,747
260770515,359,374,733
260770516,337,336,673
260770517,320,333,653
260770518,462,432,894
260770519,358,344,702
260770520,176,171,347
260770601,246,245,491
260770602,328,345,673
260770603,346,400,746
260770604,266,313,579
260770605,566,523,1089
260770606,479,571,1050
260770607,283,284,567
260770608,511,477,988
260770609,375,381,756
260770610,269,299,568
260770611,381,421,802
260770612,283,340,623
260770701,758,825,1583
260770702,490,533,1023
260770703,684,773,1457
260770704,868,925,1793
260770705,571,557,1128
260770706,430,445,875
260770707,655,682,1337
260770708,397,407,804
260770709,737,687,1424
260770710,533,526,1059
260770711,322,314,636
260770712,546,608,1154
260770713,485,524,1009
260770714,373,404,777
260770715,276,303,579
260770801,597,531,1128
260770802,521,552,1073
260770803,663,738,1401
260770804,371,422,793
260770805,361,435,796
260770806,599,637,1236
260770807,220,245,465
260770808,574,611,1185
260770809,439,454,893
260770810,386,449,835
260770811,202,221,423
260770812,267,300,567
260770813,438,457,895
260770814,371,342,713
260770815,538,513,1051
260770901,757,841,1598
260770902,670,606,1276
260770903,899,864,1763
260770904,434,401,835
260770905,518,555,1073
260770906,569,568,1137
260770907,379,378,757
260770908,438,455,893
260770909,443,427,870
260770910,629,638,1267
260770911,724,702,1426
260770912,808,832,1640
260771001,421,397,818
260771002,321,335,656
260771003,174,201,375
260771004,311,329,640
260771005,367,418,785
260771006,168,189,357
260771007,209,288,497
260771008,284,226,510
260771009,225,253,478
260771010,230,284,514
260771011,139,181,320
260771012,224,222,446
260771013,376,434,810
260771014,383,433,816
260771015,464,498,962
260771016,758,816,1574
260771017,622,618,1240
260771018,386,366,752
260771101,309,346,655
260771102,791,849,1640
260771103,643,679,1322
260771104,427,437,864
260771105,535,534,1069
260771106,443,511,954
260771107,541,530,1071
260771108,268,308,576
260771109,257,304,561
260771110,144,172,316
260771111,193,223,416
260771112,293,336,629
260771113,450,488,938
260771114,305,345,650
260771201,740,844,1584
260771202,462,507,969
260771203,543,572,1115
260771204,383,437,820
260771205,453,494,947
260771206,406,435,841
260771207,441,500,941
260771208,362,422,784
260771209,237,274,511
260771210,364,400,764
260771211,448,548,996
260771212,454,495,949
260771213,375,378,753
260771214,661,696,1357
260771215,623,666,1289
260771301,561,649,1210
260771302,790,845,1635
260771303,437,463,900
260771304,516,597,1113
260771305,501,558,1059
260771306,597,646,1243
260771307,458,556,1014
260771308,571,641,1212
260771309,703,773,1476
260771310,330,336,666
260771311,423,456,879
260771312,409,429,838
260771313,331,349,680
260771314,210,193,403
260840101,6,3,9
260840102,36,12,48
260840103,53,16,69
260840104,28,5,33
260840105,9,3,12
260840106,62,64,126
260840107,321,303,624
260840108,484,462,946
260840201,104,19,123
260840202,102,83,185
260840301,18,8,26
260840302,19,5,24
260840303,15,6,21
260840304,48,9,57
260840305,821,807,1628
260840306,373,387,760
260840307,251,152,403
260840401,42,14,56
260840402,28,6,34
260840403,98,96,194
260840501,14,5,19
260840502,32,4,36
260840503,57,12,69
260840504,66,16,82
260840505,118,101,219
260840506,94,82,176
260910101,26,7,33
260910102,51,54,105
260910201,33,24,57
260910301,8,4,12
260910302,9,7,16
260910303,41,8,49
260910304,147,119,266
260910305,194,11,205
260910306,272,291,563
260910401,369,320,689
260910402,292,271,563
260910403,230,189,419
260910404,572,513,1085
260910405,630,626,1256
260910406,268,265,533
260910407,254,263,517
260910408,271,269,540
260910409,417,420,837
260910410,377,387,764
260910411,248,279,527
260910412,347,351,698
260910413,424,427,851
260910414,418,393,811
260980101,17,1,18
260980102,33,10,43
260980103,373,377,750
260980104,437,425,862
260980201,23,3,26
260980202,38,3,41
260980203,51,5,56
260980204,0,0,0
260980205,668,660,1328
260980206,475,448,923
260980301,0,0,0
260980302,2,0,2
260980303,17,4,21
260980304,27,9,36
260980305,151,78,229
260980306,533,522,1055
261050101,41,23,64
261050102,19,8,27
261050103,68,16,84
261050104,20,19,39
261050105,274,270,544
261050201,34,8,42
261050202,16,7,23
261050203,9,7,16
261050204,76,68,144
261050205,319,342,661
300080101,196,204,400
300080102,278,269,547
300080103,270,286,556
300080104,240,275,515
300080105,276,293,569
300080106,265,293,558
300080107,153,165,318
300080108,225,258,483
300080109,272,338,610
300080110,313,338,651
300080111,420,449,869
300080112,274,355,629
300080113,279,284,563
300080114,286,298,584
300080201,196,228,424
300080202,111,172,283
300080203,206,260,466
300080204,236,264,500
300080205,231,309,540
300080206,320,410,730
300080207,500,498,998
300080208,630,611,1241
300080209,212,242,454
300080210,244,276,520
300080211,247,259,506
300080212,96,114,210
300080213,80,86,166
300080214,145,157,302
300080215,283,320,603
300080216,299,331,630
300080301,77,74,151
300080302,130,107,237
300080303,161,137,298
300080304,144,150,294
300080305,356,344,700
300080306,524,547,1071
300080307,298,292,590
300080308,405,430,835
300080309,108,141,249
300080310,351,369,720
300080311,413,435,848
300080312,368,356,724
300080313,392,374,766
300080314,168,138,306
300080315,198,157,355
300080316,41,37,78
300080317,108,80,188
300080318,85,78,163
300080319,89,66,155
300080401,280,274,554
300080402,601,602,1203
300080403,476,486,962
300080404,533,512,1045
300080405,548,559,1107
300080406,576,573,1149
300080407,260,262,522
300080408,358,358,716
300080409,310,407,717
300080410,511,488,999
300080411,408,457,865
300080412,663,663,1326
300080413,242,260,502
300080501,61,60,121
300080502,123,92,215
300080503,131,97,228
300080504,275,262,537
300080505,98,98,196
300080506,657,639,1296
300080507,607,614,1221
300080508,653,645,1298
300080509,296,277,573
300080510,290,315,605
300080511,112,109,221
300080601,447,419,866
300080602,568,555,1123
300080603,293,290,583
300080604,414,430,844
300080605,518,557,1075
300080606,410,431,841
300080607,372,435,807
300080608,530,547,1077
300080609,235,249,484
300080610,325,304,629
300080611,436,492,928
300080612,377,389,766
300080701,14,7,21
300080702,50,49,99
300080703,164,141,305
300080704,18,22,40
300080705,97,90,187
300080706,26,25,51
300080707,50,49,99
300080708,29,20,49
300080709,35,31,66
300080710,45,34,79
300080711,117,126,243
300080801,27,24,51
300080802,24,17,41
300080803,16,12,28
300080804,59,58,117
300080805,46,34,80
300080806,26,19,45
300080807,159,141,300
300080808,92,68,160
300080809,27,23,50
300080810,69,64,133
300080811,59,41,100
300080901,34,43,77
300080902,35,26,61
300080903,38,23,61
300080904,19,15,34
300080905,48,46,94
300080906,98,78,176
300080907,21,18,39
300080908,9,4,13
300080909,58,42,100
300080910,319,351,670
300081001,49,33,82
300081002,37,24,61
300081003,239,250,489
300081004,27,26,53
300081005,70,54,124
300081006,25,18,43
300081007,224,212,436
300081008,37,19,56
300081009,17,7,24
300081101,56,38,94
300081102,47,42,89
300081103,65,34,99
300081104,40,18,58
300081105,62,59,121
300081106,10,4,14
300081107,33,26,59
300081108,404,376,780
300081109,187,157,344
300081110,835,724,1559
300081111,274,277,551
300081201,1,0,1
300150101,777,719,1496
300150102,697,744,1441
300150103,1184,1181,2365
300150104,997,1015,2012
300150105,692,706,1398
300150106,888,861,1749
300150107,739,715,1454
300150108,563,590,1153
300150109,504,568,1072
300150110,410,440,850
300150111,991,984,1975
300150112,735,728,1463
300150113,847,794,1641
300150201,760,823,1583
300150202,482,511,993
300150203,560,543,1103
300150204,741,708,1449
300150205,927,975,1902
300150206,566,586,1152
300150207,303,316,619
300150208,571,603,1174
300150209,693,725,1418
300150210,845,834,1679
300150211,584,652,1236
300150212,720,726,1446
300150213,645,731,1376
300150214,342,368,710
300150301,437,481,918
300150302,510,556,1066
300150303,633,732,1365
300150304,524,584,1108
300150305,760,776,1536
300150306,87,85,172
300150307,151,164,315
300150308,670,680,1350
300150309,690,638,1328
300150310,406,407,813
300150401,478,466,944
300150402,232,297,529
300150403,461,553,1014
300150404,455,521,976
300150405,580,594,1174
300150406,575,659,1234
300150407,536,575,1111
300150408,565,599,1164
300150409,429,460,889
300150410,571,592,1163
300150411,880,890,1770
300150412,780,833,1613
300150413,672,723,1395
300150414,302,356,658
300150415,170,195,365
300150416,574,612,1186
300150501,214,266,480
300150502,460,615,1075
300150503,288,348,636
300150504,274,343,617
300150505,376,359,735
300150506,409,461,870
300150507,479,486,965
300150508,464,459,923
300150509,483,485,968
300150510,269,331,600
300150511,268,308,576
300150512,187,243,430
300150513,199,244,443
300150514,152,218,370
300150515,235,313,548
300150516,216,255,471
300150517,227,290,517
300150518,192,223,415
300150519,216,272,488
300150520,345,376,721
300150521,173,182,355
300150522,690,726,1416
300150601,756,728,1484
300150602,387,413,800
300150603,922,1004,1926
300150604,692,787,1479
300150605,218,226,444
300150606,413,463,876
300150607,448,539,987
300150608,294,355,649
300150609,294,379,673
300150610,270,320,590
300150611,175,253,428
300150612,248,294,542
300150613,539,596,1135
300150614,626,755,1381
300150615,313,375,688
300150616,440,517,957
300150617,368,457,825
300150618,150,190,340
300150619,241,328,569
300150620,127,162,289
300150621,116,159,275
300150701,486,480,966
300150702,227,274,501
300150703,227,266,493
300150704,173,206,379
300150705,148,201,349
300150706,102,155,257
300150707,185,231,416
300150708,201,268,469
300150709,294,330,624
300150710,525,488,1013
300150711,358,417,775
300150712,563,539,1102
300150713,430,330,760
300150714,224,294,518
300150715,310,349,659
300150716,549,605,1154
300150717,51,40,91
300150718,857,812,1669
300150719,757,820,1577
300150720,294,267,561
300150801,173,212,385
300150802,166,203,369
300150803,143,202,345
300150804,151,216,367
300150805,250,272,522
300150806,320,334,654
300150807,461,573,1034
300150808,256,328,584
300150809,232,273,505
300150810,288,346,634
300150811,287,372,659
300150812,263,302,565
300150813,26,17,43
300150814,581,601,1182
300150815,145,167,312
300150901,150,152,302
300150902,191,180,371
300150903,47,39,86
300150904,473,477,950
300150905,587,623,1210
300150906,637,604,1241
300150907,594,635,1229
300150908,620,619,1239
300150909,228,218,446
300150910,205,208,413
300150911,23,24,47
300151001,361,342,703
300151002,709,799,1508
300151003,349,347,696
300151004,859,826,1685
300151005,730,729,1459
300151006,660,664,1324
300151007,537,569,1106
300151008,688,670,1358
300151009,855,872,1727
300151010,486,511,997
300151011,817,812,1629
300151012,1030,1040,2070
300151013,633,592,1225
300151101,443,411,854
300151102,45,17,62
300151103,348,346,694
300151104,314,337,651
300151105,663,646,1309
300151106,311,346,657
300151107,415,435,850
300151108,495,506,1001
300151109,89,82,171
300151110,375,356,731
300151111,450,317,767
300151201,125,83,208
300151202,56,51,107
300151203,55,65,120
300151204,88,90,178
300151205,15,15,30
300151206,44,48,92
300151207,29,16,45
300151208,133,128,261
300151209,48,31,79
300151210,71,57,128
300151211,123,103,226
300151212,519,522,1041
300151213,531,495,1026
300151214,495,518,1013
300151301,874,172,1046
300151302,126,22,148
300151303,20,21,41
300151304,594,576,1170
300151305,288,266,554
300151306,432,76,508
300151307,81,74,155
300151308,68,66,134
300151309,24,18,42
300151310,580,389,969
300151311,439,436,875
300151312,329,339,668
300151401,19,14,33
300151402,214,13,227
300151403,105,69,174
300151404,123,114,237
300151405,45,32,77
300151406,59,35,94
300151407,57,39,96
300151408,165,151,316
300151501,95,94,189
300151502,158,79,237
300151503,14,11,25
300151504,109,107,216
300151505,98,79,177
300151506,137,99,236
300151507,103,86,189
300151508,89,65,154
300151509,40,39,79
300151510,299,279,578
300151511,432,447,879
300151512,136,109,245
300151513,154,149,303
300151514,184,191,375
300151515,187,164,351
300151601,19,13,32
300151602,109,83,192
300151603,53,41,94
300151604,22,16,38
300151605,48,27,75
300151606,238,215,453
300151607,267,249,516
300210101,367,450,817
300210102,449,498,947
300210103,64,68,132
300210104,425,514,939
300210105,263,333,596
300210106,312,386,698
300210107,450,475,925
300210108,678,683,1361
300210109,239,287,526
300210110,178,223,401
300210111,213,293,506
300210112,326,362,688
300210201,369,374,743
300210202,178,207,385
300210203,389,439,828
300210204,41,38,79
300210205,241,265,506
300210206,155,171,326
300210207,327,367,694
300210208,260,263,523
300210209,208,253,461
300210210,384,479,863
300210211,402,415,817
300210212,626,639,1265
300210301,224,102,326
300210302,199,174,373
300210303,215,242,457
300210304,209,229,438
300210305,252,254,506
300210306,50,55,105
300210307,72,95,167
300210308,168,174,342
300210309,277,341,618
300210310,165,135,300
300210311,96,74,170
300210312,54,48,102
300210401,276,223,499
300210402,20,24,44
300210403,151,131,282
300210404,77,79,156
300210405,260,260,520
300210406,186,189,375
300210407,15,10,25
300210408,28,31,59
300210409,95,91,186
300210410,182,173,355
300210501,98,99,197
300210502,121,120,241
300210503,57,59,116
300210504,112,85,197
300210505,374,360,734
300210506,376,369,745
300210507,337,333,670
300210508,50,31,81
300210509,11,8,19
300210510,65,59,124
300210511,87,75,162
300210512,248,271,519
300210601,97,77,174
300210602,109,83,192
300210603,71,63,134
300210604,246,268,514
300210605,61,68,129
300210606,39,35,74
300210701,18,22,40
300210702,30,21,51
300210703,3,1,4
300210704,54,54,108
300210705,15,15,30
300210706,210,246,456
300210707,210,213,423
300210708,328,353,681
300210709,300,376,676
300210710,274,402,676
300210711,263,368,631
300210712,255,283,538
300210713,166,200,366
300210714,251,350,601
300210715,334,339,673
300210716,287,304,591
300210801,23,22,45
300210802,46,45,91
300210803,48,47,95
300210804,187,165,352
300210805,42,31,73
300210806,44,43,87
300210807,63,31,94
300210808,29,29,58
300210809,70,63,133
300210901,138,120,258
300210902,147,153,300
300210903,302,318,620
300210904,179,198,377
300210905,576,619,1195
300210906,174,168,342
300210907,333,354,687
300210908,236,271,507
300210909,263,311,574
300210910,276,287,563
300210911,347,365,712
300211001,52,44,96
300211002,237,268,505
300211003,122,134,256
300211004,263,294,557
300211005,188,192,380
300211006,330,302,632
300211007,303,358,661
300211101,69,65,134
300211102,46,57,103
300211103,49,34,83
300211104,31,33,64
300211105,22,25,47
300211201,8,8,16
300211202,5,9,14
300211203,50,43,93
300211204,72,58,130
300211205,27,27,54
300211206,52,48,100
300211207,42,35,77
300211208,73,77,150
300211209,58,55,113
300211210,312,331,643
300211211,24,21,45
300211212,69,74,143
300211301,48,27,75
300211302,21,8,29
300280101,287,468,755
300280102,620,672,1292
300280103,310,329,639
300280104,220,249,469
300280105,624,672,1296
300280106,717,628,1345
300280107,419,456,875
300280108,299,331,630
300280109,266,350,616
300280110,623,638,1261
300280111,225,243,468
300280112,318,325,643
300280113,254,234,488
300280114,96,75,171
300280201,142,152,294
300280202,87,98,185
300280203,590,559,1149
300280204,776,760,1536
300280205,708,710,1418
300280206,594,534,1128
300280301,76,49,125
300280302,12,6,18
300280303,150,134,284
300280304,10,10,20
300280305,44,29,73
300280306,89,80,169
300280307,9,3,12
300280308,176,12,188
300280401,265,279,544
300280402,464,413,877
300280403,625,604,1229
300280404,431,389,820
300280405,394,386,780
300280406,466,485,951
300280407,413,353,766
300280408,416,434,850
300280409,271,298,569
300280410,439,462,901
300280411,336,319,655
300280412,326,370,696
300280413,278,296,574
300280414,321,340,661
300280415,327,347,674
300280416,410,488,898
300280417,354,383,737
300280418,449,470,919
300280419,546,542,1088
300280501,498,520,1018
300280502,485,516,1001
300280503,506,504,1010
300280504,446,432,878
300280505,668,631,1299
300280506,204,233,437
300280507,413,501,914
300280508,223,256,479
300280509,247,316,563
300280510,177,249,426
300280511,299,335,634
300280512,490,509,999
300280513,244,244,488
300280514,446,465,911
300280515,264,316,580
300280516,171,205,376
300280517,456,499,955
300280518,484,535,1019
300280519,439,414,853
300280601,154,142,296
300280602,128,97,225
300280603,366,347,713
300280604,88,74,162
300280605,187,155,342
300280606,224,238,462
300280607,218,198,416
300280608,430,367,797
300280609,389,335,724
300280610,58,38,96
300280611,114,114,228
300280701,5,0,5
300280702,9,6,15
300280703,17,12,29
300280704,48,47,95
300280705,5,6,11
300280706,22,15,37
300280707,13,9,22
300280708,226,236,462
300280709,432,488,920
300280710,582,628,1210
300280711,332,399,731
300280712,401,419,820
300280801,83,83,166
300280802,65,54,119
300280803,125,101,226
300280804,8,4,12
300280805,142,99,241
300280806,86,76,162
300280807,47,37,84
300280808,126,117,243
300280809,636,586,1222
300280810,297,304,601
300280811,247,225,472
300280812,223,202,425
300280901,114,100,214
300280902,32,36,68
300280903,141,93,234
300280904,107,79,186
300280905,64,53,117
300280906,64,41,105
300280907,454,417,871
300281001,22,16,38
300281002,43,16,59
300281003,11,2,13
300281004,11,5,16
300281005,57,41,98
300281006,24,12,36
300281007,16,9,25
300281008,182,153,335
300281101,40,34,74
300281102,6,2,8
300281103,54,31,85
300281104,78,68,146
300281105,21,12,33
300281106,20,7,27
300281107,313,351,664
300281108,258,255,513
300281201,113,90,203
300281202,3,2,5
300281203,54,54,108
300281204,108,87,195
300281205,56,42,98
300281206,74,59,133
300281207,130,102,232
300281208,411,360,771
300281209,33,31,64
300281210,167,143,310
300281211,106,106,212
300281212,118,99,217
300281213,59,39,98
300281214,74,66,140
300281215,229,166,395
300281301,28,13,41
300281302,24,14,38
300281303,124,134,258
300281304,43,45,88
300281305,19,13,32
300281306,61,43,104
300281307,112,92,204
300281308,17,15,32
300281309,212,174,386
300281310,22,18,40
300350101,414,430,844
300350102,381,411,792
300350103,248,281,529
300350104,732,731,1463
300350105,550,554,1104
300350106,480,505,985
300350107,398,439,837
300350108,286,328,614
300350109,215,220,435
300350110,376,454,830
300350111,243,251,494
300350112,487,545,1032
300350113,341,383,724
300350114,333,329,662
300350115,356,426,782
300350116,553,572,1125
300350117,474,522,996
300350118,421,442,863
300350119,484,480,964
300350201,68,61,129
300350202,80,83,163
300350203,94,98,192
300350204,344,346,690
300350205,74,80,154
300350206,166,164,330
300350301,9,11,20
300350302,99,84,183
300350303,15,14,29
300350304,24,17,41
300350305,5,4,9
300350401,48,26,74
300350402,15,4,19
300350403,66,70,136
300350404,3,2,5
300350405,44,30,74
300350406,33,18,51
300350407,36,44,80
300350408,62,37,99
300350409,65,50,115
300350410,15,9,24
300350411,22,23,45
300350412,8,8,16
300350413,3,0,3
300350414,200,179,379
300350501,46,24,70
300350502,33,29,62
300350503,7,4,11
300350504,53,39,92
300350505,21,15,36
300350506,29,21,50
300350507,106,105,211
300350601,8,4,12
300350602,14,8,22
300350603,33,37,70
300350604,14,16,30
300350605,40,22,62
300350606,32,16,48
300350701,103,96,199
300350702,62,33,95
300350703,42,16,58
300350704,36,24,60
300350705,31,21,52
300350706,69,44,113
300350801,48,19,67
300350802,73,76,149
300350803,43,35,78
300350804,91,69,160
300350805,51,42,93
300350901,43,24,67
300350902,53,37,90
300350903,14,12,26
300350904,12,3,15
300350905,43,40,83
300350906,23,13,36
300350907,18,14,32
300351001,1,3,4
300351002,6,7,13
300351003,47,38,85
300351004,19,21,40
300351005,152,162,314
300351006,166,160,326
300351007,348,351,699
300351101,25,14,39
300351102,50,64,114
300351103,593,577,1170
300351104,267,318,585
300351105,331,350,681
300351106,199,210,409
300420101,425,438,863
300420102,520,549,1069
300420103,397,428,825
300420104,451,493,944
300420105,338,349,687
300420106,463,510,973
300420107,414,449,863
300420108,376,409,785
300420109,267,254,521
300420110,410,428,838
300420111,485,493,978
300420112,364,396,760
300420201,113,101,214
300420202,122,122,244
300420203,82,88,170
300420204,311,243,554
300420205,216,211,427
300420206,181,188,369
300420301,52,53,105
300420302,136,121,257
300420303,153,127,280
300420304,25,2,27
300420305,86,67,153
300420401,30,24,54
300420402,43,35,78
300420403,26,24,50
300420404,91,77,168
300420405,11,6,17
300420406,43,36,79
300420501,23,27,50
300420502,33,24,57
300420503,226,220,446
300420504,85,82,167
300420601,10,9,19
300420602,50,41,91
300420603,59,68,127
300420604,69,77,146
300420605,43,21,64
300420701,31,17,48
300420702,27,21,48
300420703,66,72,138
300420704,173,153,326
300490101,146,164,310
300490102,729,770,1499
300490103,409,400,809
300490104,246,272,518
300490105,418,485,903
300490106,434,505,939
300490107,453,510,963
300490108,407,489,896
300490109,176,217,393
300490110,243,280,523
300490111,379,406,785
300490112,296,345,641
300490113,215,243,458
300490114,184,229,413
300490201,357,384,741
300490202,581,643,1224
300490203,382,375,757
300490204,245,267,512
300490205,278,328,606
300490206,325,321,646
300490207,180,248,428
300490208,224,275,499
300490209,324,353,677
300490210,607,599,1206
300490211,339,412,751
300490212,143,181,324
300490213,276,327,603
300490214,184,261,445
300490215,251,182,433
300490216,224,224,448
300490217,143,131,274
300490218,382,437,819
300490219,294,350,644
300490220,420,494,914
300490221,482,473,955
300490222,432,403,835
300490301,529,597,1126
300490302,223,287,510
300490303,165,186,351
300490304,215,265,480
300490305,281,351,632
300490306,446,529,975
300490307,443,493,936
300490308,602,632,1234
300490309,675,732,1407
300490310,792,787,1579
300490311,281,296,577
300490312,543,536,1079
300490401,227,219,446
300490402,172,146,318
300490403,180,164,344
300490404,35,33,68
300490405,40,29,69
300490406,12,7,19
300490407,158,171,329
300490408,68,53,121
300490409,225,220,445
300490410,4,2,6
300490411,293,273,566
300490412,651,675,1326
300490413,595,638,1233
300490414,407,417,824
300490415,432,430,862
300490416,5,4,9
300490417,177,170,347
300490501,37,43,80
300490502,31,30,61
300490503,76,64,140
300490504,19,19,38
300490505,27,34,61
300490506,37,32,69
300490507,34,35,69
300490508,58,50,108
300490509,51,48,99
300490510,62,73,135
300490511,220,195,415
300490512,90,90,180
300490513,24,23,47
300490601,42,35,77
300490602,42,26,68
300490603,45,26,71
300490604,27,12,39
300490605,53,40,93
300490606,35,25,60
300490607,15,6,21
300490608,5,10,15
300490609,61,47,108
300490610,27,18,45
300490611,198,166,364
300490701,30,23,53
300490702,100,94,194
300490703,30,26,56
300490704,13,6,19
300490705,12,15,27
300490706,71,48,119
300490707,27,28,55
300490708,47,44,91
300490709,20,22,42
300490710,16,16,32
300490711,31,19,50
300490712,16,10,26
300490801,8,2,10
300490802,44,48,92
300490803,42,23,65
300490804,47,34,81
300490805,44,25,69
300490806,87,61,148
300490807,16,7,23
300490901,55,25,80
300490902,118,63,181
300491001,1,1,2
300491002,18,18,36
300491003,35,35,70
300491004,26,23,49
300491005,137,136,273
300491006,231,264,495
300491007,473,461,934
300491008,262,289,551
300491009,195,216,411
300491010,493,506,999
300491011,564,514,1078
300560101,532,495,1027
300560102,501,510,1011
300560103,684,661,1345
300560104,471,447,918
300560105,575,611,1186
300560106,579,627,1206
300560107,617,673,1290
300560108,513,547,1060
300560109,374,379,753
300560110,561,599,1160
300560111,489,508,997
300560112,179,213,392
300560113,178,278,456
300560114,278,324,602
300560115,551,622,1173
300560116,492,568,1060
300560117,389,454,843
300560118,145,159,304
300560119,242,291,533
300560120,250,311,561
300560121,190,239,429
300560122,269,349,618
300560201,422,459,881
300560202,392,402,794
300560203,723,760,1483
300560204,264,275,539
300560205,799,743,1542
300560206,683,739,1422
300560207,349,360,709
300560208,314,352,666
300560209,297,356,653
300560210,267,290,557
300560211,168,227,395
300560212,244,274,518
300560213,253,313,566
300560214,329,357,686
300560215,298,336,634
300560216,472,506,978
300560217,339,410,749
300560218,221,278,499
300560219,200,244,444
300560220,297,354,651
300560221,248,279,527
300560301,73,91,164
300560302,106,137,243
300560303,456,474,930
300560304,173,221,394
300560305,147,195,342
300560306,204,254,458
300560307,247,308,555
300560308,364,442,806
300560309,198,254,452
300560310,245,331,576
300560311,215,261,476
300560312,339,352,691
300560313,586,604,1190
300560314,425,437,862
300560315,186,189,375
300560316,304,326,630
300560317,515,543,1058
300560318,594,578,1172
300560319,234,231,465
300560401,298,316,614
300560402,241,301,542
300560403,177,200,377
300560404,178,211,389
300560405,388,491,879
300560406,292,344,636
300560407,398,443,841
300560408,556,585,1141
300560409,497,541,1038
300560410,585,596,1181
300560411,450,525,975
300560412,587,525,1112
300560413,462,490,952
300560414,780,784,1564
300560415,574,581,1155
300560416,342,361,703
300560417,468,513,981
300560418,476,505,981
300560501,212,234,446
300560502,245,271,516
300560503,246,262,508
300560504,449,526,975
300560505,388,385,773
300560506,226,274,500
300560507,367,406,773
300560508,401,434,835
300560509,331,359,690
300560510,429,437,866
300560511,450,456,906
300560512,294,296,590
300560513,463,495,958
300560601,121,90,211
300560602,216,190,406
300560603,51,30,81
300560604,78,81,159
300560605,801,786,1587
300560606,531,530,1061
300560607,187,216,403
300560608,644,664,1308
300560609,39,24,63
300560610,371,366,737
300560611,118,101,219
300560612,30,23,53
300560701,747,707,1454
300560702,574,613,1187
300560703,106,99,205
300560704,45,46,91
300560705,157,155,312
300560706,469,471,940
300560707,80,92,172
300560801,31,24,55
300560802,16,19,35
300560803,1,0,1
300560804,81,60,141
300560805,22,14,36
300560806,22,14,36
300560807,10,7,17
300560808,91,56,147
300560809,28,21,49
300560810,95,101,196
300560811,228,232,460
300560812,179,161,340
300560901,42,24,66
300560902,51,56,107
300560903,10,10,20
300560904,18,12,30
300560905,10,10,20
300560906,31,25,56
300560907,63,55,118
300560908,80,77,157
300560909,66,51,117
300560910,26,31,57
300560911,208,179,387
300560912,15,17,32
300560913,22,14,36
300560914,11,4,15
300560915,235,248,483
300560916,299,309,608
300561001,76,71,147
300561002,8,7,15
300561003,80,61,141
300561004,109,91,200
300561005,57,67,124
300561006,5,11,16
300561007,22,15,37
300561008,38,31,69
300561009,118,102,220
300561010,30,19,49
300561011,77,81,158
300561101,6,5,11
300561102,25,14,39
300561103,30,20,50
300561104,21,21,42
300561105,18,21,39
300561106,28,16,44
300561107,37,21,58
300561108,8,5,13
300561109,32,26,58
300561110,22,18,40
300561111,154,144,298
300561201,116,88,204
300561202,85,60,145
300561203,34,17,51
300561204,64,41,105
300561205,67,65,132
300561206,81,59,140
300561207,63,61,124
300561208,84,44,128
300561209,27,23,50
300561301,10,7,17
300561302,88,65,153
300561303,34,22,56
300561304,13,10,23
300561305,23,17,40
300561306,88,81,169
300561307,32,26,58
300561308,39,40,79
300561309,13,6,19
300561310,36,30,66
300561401,67,70,137
300561402,18,14,32
300561403,23,6,29
300561404,22,19,41
300561405,24,28,52
300561406,365,385,750
300561501,279,290,569
300561502,418,375,793
300561503,385,371,756
300561504,311,302,613
300561505,171,192,363
300561506,310,315,625
300561507,383,414,797
300561508,190,212,402
300561509,288,339,627
300561510,163,159,322
300561511,423,421,844
300561512,312,343,655
300561513,389,403,792
300561601,141,112,253
300561602,69,62,131
300561603,1,1,2
300561604,214,186,400
300561605,27,15,42
300561701,33,20,53
300561702,115,103,218
300561703,292,295,587
300561704,357,425,782
300561705,394,422,816
300561706,212,223,435
300561707,422,424,846
300561708,280,321,601
300561709,241,252,493
300561710,258,271,529
300561711,237,291,528
300561712,273,290,563
300561801,44,36,80
300561802,26,22,48
300561803,13,16,29
300561804,44,38,82
300561805,31,21,52
300561806,26,21,47
300561807,28,22,50
300561808,131,62,193
300561809,110,111,221
300561810,269,243,512
300561811,301,276,577
300561812,183,169,352
300561813,144,139,283
300561814,124,142,266
300561815,26,14,40
300630101,58,31,89
300630102,31,23,54
300630103,188,137,325
300630104,64,53,117
300630105,49,61,110
300630106,15,15,30
300630107,85,83,168
300630108,74,45,119
300630109,14,9,23
300630110,498,466,964
300630111,521,455,976
300630201,64,49,113
300630202,23,26,49
300630203,129,106,235
300630204,520,530,1050
300630205,599,643,1242
300630206,490,484,974
300630207,532,564,1096
300630301,56,14,70
300630302,28,29,57
300630303,52,31,83
300630304,300,274,574
300630401,3,0,3
300630402,1,0,1
300630403,8,3,11
300630404,10,9,19
300630405,25,18,43
300630406,92,89,181
300630407,26,17,43
300630408,25,20,45
300630409,23,18,41
300630410,1,0,1
300630411,3,0,3
300630412,346,373,719
300630413,510,501,1011
300630501,37,20,57
300630502,65,65,130
300630503,17,10,27
300630504,59,60,119
300630505,118,99,217
300630506,13,10,23
300630507,60,58,118
300630508,204,175,379
300630509,78,75,153
300630510,15,16,31
300630511,24,13,37
300630512,83,50,133
300630513,6,3,9
300630514,2,3,5
300700101,163,204,367
300700102,213,240,453
300700103,205,264,469
300700104,356,386,742
300700105,303,332,635
300700106,517,535,1052
300700107,258,333,591
300700108,332,409,741
300700109,336,434,770
300700110,311,349,660
300700111,324,389,713
300700112,226,298,524
300700113,442,508,950
300700114,683,709,1392
300700115,507,525,1032
300700201,481,573,1054
300700202,407,417,824
300700203,548,539,1087
300700204,444,470,914
300700205,332,343,675
300700206,548,583,1131
300700207,246,252,498
300700208,317,327,644
300700209,463,492,955
300700210,466,496,962
300700301,9,7,16
300700302,124,104,228
300700303,425,420,845
300700304,361,418,779
300700305,205,210,415
300700306,108,104,212
300700307,110,99,209
300700308,369,440,809
300700309,204,219,423
300700310,500,525,1025
300700311,283,308,591
300700312,152,148,300
300700313,52,43,95
300700314,18,8,26
300700401,123,114,237
300700402,84,61,145
300700403,6,5,11
300700404,22,18,40
300700405,55,39,94
300700406,180,143,323
300700407,92,93,185
300700408,150,126,276
300700409,68,56,124
300700410,3,2,5
300700411,100,85,185
300700412,25,29,54
300700413,76,44,120
300700414,78,78,156
300700415,109,102,211
300700416,43,46,89
300700501,54,36,90
300700502,61,46,107
300700503,81,70,151
300700504,20,16,36
300700505,84,70,154
300700506,72,67,139
300700507,64,77,141
300700508,12,8,20
300700509,55,33,88
300700510,260,240,500
300700511,391,434,825
300700601,13,8,21
300700602,23,21,44
300700603,17,16,33
300700604,45,43,88
300700605,8,5,13
300700606,15,15,30
300700607,38,31,69
300700608,145,140,285
300700609,61,37,98
300700701,109,95,204
300700702,45,39,84
300700703,114,93,207
300700704,41,33,74
300700705,50,45,95
300700706,72,72,144
300700801,40,36,76
300700802,30,20,50
300700803,49,43,92
300700804,28,28,56
300700805,25,13,38
300700806,36,35,71
300700807,27,23,50
300700808,17,11,28
300700809,31,26,57
300700810,236,238,474
300700901,61,51,112
300700902,29,13,42
300700903,127,105,232
300700904,51,40,91
300700905,117,95,212
300700906,10,9,19
300700907,121,91,212
300700908,46,38,84
300700909,136,145,281
300701001,1,1,2
300701002,23,11,34
300701003,210,202,412
300701004,463,497,960
300701005,437,457,894
300701006,217,236,453
300701007,231,264,495
300701008,528,569,1097
300701009,524,548,1072
300701010,513,518,1031
300701011,298,351,649
300701101,276,298,574
300701102,259,255,514
300701103,340,381,721
300701104,596,664,1260
300701105,346,371,717
300701106,560,610,1170
300701107,442,491,933
300701108,332,407,739
300701109,437,456,893
300701110,675,774,1449
300701111,645,744,1389
300701112,233,192,425
300701201,149,119,268
300701202,38,24,62
300701203,40,36,76
300701204,117,121,238
300701205,38,38,76
300701206,58,33,91
300701207,65,56,121
300701208,50,39,89
300701209,73,61,134
300701210,34,33,67
300701211,0,0,0
300701212,131,130,261
300701213,551,550,1101
300701301,148,154,302
300701302,156,155,311
300701303,54,41,95
300701304,80,68,148
300701305,19,18,37
300701306,31,31,62
300701307,48,28,76
300701308,93,100,193
300701309,387,353,740
300701310,166,166,332
300701311,307,318,625
300701312,322,304,626
300701401,29,19,48
300701402,25,39,64
300701403,26,19,45
300701404,27,29,56
300701405,695,654,1349
300701406,351,398,749
300701407,382,415,797
300701408,478,515,993
300701409,352,403,755
300701410,270,308,578
300701411,547,613,1160
300701412,406,401,807
300701413,692,697,1389
300701501,11,8,19
300770101,239,207,446
300770102,469,499,968
300770103,283,297,580
300770104,357,387,744
300770105,450,427,877
300770106,324,324,648
300770107,310,341,651
300770108,278,303,581
300770109,337,422,759
300770110,543,556,1099
300770111,169,222,391
300770112,173,163,336
300770113,437,486,923
300770114,313,414,727
300770115,266,341,607
300770201,373,380,753
300770202,372,443,815
300770203,218,219,437
300770204,255,333,588
300770205,266,320,586
300770206,274,344,618
300770207,343,405,748
300770208,257,318,575
300770209,340,316,656
300770210,417,439,856
300770211,387,421,808
300770212,175,190,365
300770213,483,556,1039
300770214,352,342,694
300770215,376,408,784
300770216,679,681,1360
300770217,212,230,442
300770301,23,14,37
300770302,112,106,218
300770303,34,38,72
300770304,158,138,296
300770305,169,161,330
300770306,138,150,288
300770401,20,18,38
300770402,28,42,70
300770403,69,54,123
300770404,55,42,97
300770405,100,75,175
300770406,41,60,101
300770407,54,54,108
300770408,81,66,147
300770409,25,27,52
300770410,59,46,105
300770411,38,29,67
300770412,23,26,49
300770413,10,14,24
300770414,71,57,128
300770415,36,41,77
300770416,63,57,120
300770417,29,23,52
300770501,54,57,111
300770502,10,8,18
300770503,42,28,70
300770504,30,24,54
300770505,88,80,168
300770506,74,60,134
300770507,65,73,138
300770508,31,25,56
300770509,12,5,17
300770510,51,45,96
300770511,15,11,26
300770512,9,7,16
300770513,42,31,73
300770514,61,58,119
300770515,35,32,67
300770516,87,73,160
300770517,47,45,92
300770518,42,33,75
300770519,10,5,15
300770601,81,74,155
300770602,18,14,32
300770603,80,56,136
300770604,9,6,15
300770605,85,84,169
300770606,71,54,125
300770607,55,51,106
300770608,20,12,32
300770609,33,21,54
300770610,64,46,110
300770611,42,32,74
300770612,157,150,307
300770613,11,5,16
300770701,78,79,157
300770702,54,46,100
300770703,27,22,49
300770704,25,25,50
300770705,36,27,63
300770706,350,323,673
300770707,444,454,898
300770708,24,20,44
300770709,47,40,87
300770710,38,25,63
300770711,11,8,19
300770801,141,144,285
300770802,213,202,415
300770803,201,209,410
300770804,170,230,400
300770805,45,42,87
300770806,97,81,178
300770807,7,8,15
300770901,35,30,65
300770902,18,26,44
300770903,34,29,63
300770904,124,90,214
300770905,20,12,32
300770906,134,114,248
300770907,31,25,56
300770908,46,32,78
300771001,43,34,77
300771002,62,48,110
300771003,32,27,59
300771004,16,10,26
300771005,14,17,31
300771006,6,5,11
300771101,51,47,98
300771102,43,34,77
300771103,95,83,178
300771104,35,28,63
300771105,30,28,58
300771106,13,10,23
300771107,5,2,7
300771108,32,36,68
300771109,49,39,88
300771110,64,70,134
300771111,35,40,75
300771112,63,53,116
300771113,58,61,119
300771114,50,37,87
300771115,43,26,69
300771201,499,498,997
300771202,205,217,422
300771203,259,321,580
300771204,239,276,515
300771205,254,297,551
300771206,248,261,509
300771207,338,349,687
300771208,69,68,137
300771209,44,44,88
300771210,17,21,38
300771211,15,16,31
300771212,12,15,27
300771213,5,1,6
300840101,489,485,974
300840102,489,492,981
300840103,188,183,371
300840104,562,570,1132
300840105,514,538,1052
300840106,376,401,777
300840107,333,337,670
300840108,764,789,1553
300840109,215,218,433
300840110,382,394,776
300840111,779,778,1557
300840112,629,642,1271
300840113,625,693,1318
300840114,788,797,1585
300840201,429,411,840
300840202,207,256,463
300840203,264,327,591
300840204,217,272,489
300840205,374,461,835
300840206,204,252,456
300840207,242,242,484
300840208,624,649,1273
300840209,268,326,594
300840210,153,163,316
300840211,216,312,528
300840212,253,312,565
300840213,260,343,603
300840214,219,240,459
300840215,310,391,701
300840216,517,594,1111
300840217,347,396,743
300840218,274,351,625
300840219,266,320,586
300840220,188,298,486
300840221,208,261,469
300840222,150,223,373
300840223,128,177,305
300840224,121,204,325
300840301,383,436,819
300840302,552,574,1126
300840303,406,434,840
300840304,316,379,695
300840305,804,868,1672
300840306,303,368,671
300840307,205,269,474
300840308,223,320,543
300840309,260,357,617
300840310,393,497,890
300840311,321,382,703
300840312,239,284,523
300840313,136,205,341
300840314,337,465,802
300840315,225,378,603
300840316,239,266,505
300840317,242,321,563
300840318,426,566,992
300840319,98,133,231
300840320,202,296,498
300840321,172,197,369
300840322,98,146,244
300840323,148,206,354
300840401,601,616,1217
300840402,542,558,1100
300840403,174,166,340
300840404,536,616,1152
300840405,412,464,876
300840406,363,427,790
300840407,268,307,575
300840408,382,416,798
300840409,572,638,1210
300840410,470,469,939
300840411,690,725,1415
300840412,658,548,1206
300840413,365,403,768
300840414,416,491,907
300840415,733,741,1474
300840416,577,704,1281
300840417,483,557,1040
300840418,544,555,1099
300840419,272,280,552
300840420,376,388,764
300840421,338,411,749
300840501,484,603,1087
300840502,335,405,740
300840503,412,462,874
300840504,500,528,1028
300840505,798,916,1714
300840506,368,411,779
300840507,375,396,771
300840508,535,558,1093
300840509,320,347,667
300840510,360,383,743
300840511,307,321,628
300840512,551,589,1140
300840513,387,434,821
300840514,631,688,1319
300840515,343,361,704
300840516,555,601,1156
300840517,431,461,892
300840518,314,376,690
300840519,303,360,663
300840520,383,465,848
300840521,265,296,561
300840522,408,510,918
300840523,479,574,1053
300840524,425,555,980
300840601,267,411,678
300840602,83,118,201
300840603,204,252,456
300840604,352,448,800
300840605,166,244,410
300840606,197,259,456
300840607,171,227,398
300840608,388,481,869
300840609,151,185,336
300840610,57,85,142
300840611,132,173,305
300840612,300,434,734
300840613,184,197,381
300840614,181,231,412
300840615,292,414,706
300840616,364,457,821
300840617,311,450,761
300840618,276,357,633
300840619,362,400,762
300840620,428,446,874
300840621,379,474,853
300840622,308,359,667
300840623,355,400,755
300840701,392,474,866
300840702,282,431,713
300840703,100,156,256
300840704,62,136,198
300840705,135,203,338
300840706,231,312,543
300840707,174,280,454
300840708,350,435,785
300840709,463,537,1000
300840710,382,470,852
300840711,360,499,859
300840712,381,514,895
300840713,668,714,1382
300840714,646,684,1330
300840715,447,524,971
300840801,326,360,686
300840802,513,536,1049
300840803,382,452,834
300840804,570,626,1196
300840805,590,672,1262
300840806,533,551,1084
300840807,465,540,1005
300840808,275,293,568
300840809,372,390,762
300840810,517,573,1090
300840811,408,463,871
300840812,464,458,922
300840813,51,33,84
300840814,487,535,1022
300840815,482,500,982
300840816,607,590,1197
300840817,468,517,985
300840818,564,608,1172
300840819,584,642,1226
300840820,471,526,997
300840821,629,657,1286
300840822,576,615,1191
300840823,287,311,598
300840901,368,450,818
300840902,367,419,786
300840903,180,194,374
300840904,358,484,842
300840905,209,277,486
300840906,325,379,704
300840907,638,736,1374
300840908,509,208,717
300840909,486,517,1003
300840910,308,392,700
300840911,476,586,1062
300840912,420,433,853
300840913,537,605,1142
300840914,472,519,991
300840915,216,221,437
300840916,482,496,978
300840917,570,596,1166
300841001,364,435,799
300841002,475,480,955
300841003,411,456,867
300841004,224,278,502
300841005,285,314,599
300841006,304,299,603
300841007,349,384,733
300841008,424,487,911
300841009,528,549,1077
300841010,291,344,635
300841011,412,449,861
300841012,361,399,760
300841013,380,433,813
300841014,598,625,1223
300841015,526,632,1158
300841016,256,338,594
300841017,532,533,1065
300841018,575,644,1219
300841019,267,240,507
300841020,624,650,1274
300841021,467,490,957
300841101,140,167,307
300841102,392,446,838
300841103,600,668,1268
300841104,515,567,1082
300841105,195,235,430
300841106,633,657,1290
300841107,561,628,1189
300841108,393,390,783
300841109,102,120,222
300841110,738,794,1532
300841111,460,520,980
300841112,406,423,829
300841113,313,343,656
300841114,574,597,1171
300841201,142,141,283
300841202,304,297,601
300841203,92,79,171
300841204,83,77,160
300841205,427,440,867
300841206,118,112,230
300841207,332,438,770
300841208,105,95,200
300841209,88,70,158
300841210,270,266,536
300841211,336,296,632
300841212,14,20,34
300841301,607,620,1227
300841302,344,327,671
300841303,87,77,164
300841304,341,320,661
300841305,111,87,198
300841306,318,338,656
300841307,327,308,635
300841401,464,541,1005
300841402,563,652,1215
300841403,486,537,1023
300841404,572,611,1183
300841405,629,622,1251
300841406,692,733,1425
300841407,577,650,1227
300841408,342,373,715
300841409,493,526,1019
300841410,488,566,1054
300841411,505,549,1054
300841412,635,640,1275
300841413,287,286,573
300841414,572,617,1189
300841415,197,217,414
300841416,506,516,1022
300841417,632,631,1263
300841501,448,490,938
300841502,255,260,515
300841503,665,699,1364
300841504,470,513,983
300841505,248,267,515
300841506,621,634,1255
300841507,657,687,1344
300841508,585,625,1210
300841509,334,357,691
300841510,498,457,955
300841511,257,275,532
300841512,592,655,1247
300841513,6,7,13
300841601,622,623,1245
300841602,363,390,753
300841603,455,489,944
300841604,371,409,780
300841605,294,323,617
300841606,485,491,976
300841607,477,533,1010
300841608,564,566,1130
300841609,430,458,888
300841610,471,484,955
300841611,556,570,1126
300841701,243,224,467
300841702,558,593,1151
300841703,464,506,970
300841704,440,488,928
300841705,390,427,817
300841706,248,313,561
300841707,628,689,1317
300841708,533,590,1123
300841709,534,584,1118
300841710,637,680,1317
300841711,449,461,910
300841712,393,422,815
300841713,495,544,1039
300841714,714,834,1548
300841715,539,544,1083
300841716,426,435,861
300841717,424,404,828
300841718,412,401,813
300841719,775,805,1580
300841801,55,50,105
300841802,513,556,1069
300841803,203,238,441
300841804,178,168,346
300841901,39,45,84
300841902,17,13,30
300841903,7,4,11
300841904,9,8,17
300841905,287,308,595
300841906,267,237,504
300841907,149,150,299
300841908,37,35,72
300841909,183,191,374
300841910,272,257,529
300841911,220,210,430
300841912,70,69,139
300842001,19,14,33
300842002,123,106,229
300842003,84,95,179
300842004,80,35,115
300842005,41,32,73
300842006,32,24,56
300842007,36,25,61
300842101,615,581,1196
300842102,206,189,395
300842103,299,310,609
300842104,290,292,582
300842105,222,198,420
300842106,839,861,1700
300842107,397,413,810
300842108,420,448,868
300842201,282,253,535
300842202,192,214,406
300842203,91,104,195
300842204,169,164,333
300842205,142,138,280
300842206,368,408,776
300842207,78,61,139
300842208,35,45,80
300842301,11,18,29
300842302,117,110,227
300842303,9,6,15
300842304,89,84,173
300842305,319,339,658
300842306,335,302,637
300842307,215,231,446
300842308,380,304,684
300842309,411,305,716
300842310,327,262,589
300842311,89,70,159
300842401,71,79,150
300842402,40,46,86
300842403,93,102,195
300842404,66,58,124
300842405,85,88,173
300842406,60,56,116
300842407,141,128,269
300842408,28,28,56
300842409,391,382,773
300842501,14,11,25
300842502,12,10,22
300842503,62,61,123
300842504,64,52,116
300842505,66,45,111
300842506,460,433,893
300842507,458,401,859
300842508,559,562,1121
300842509,461,472,933
300842510,280,297,577
300842511,343,372,715
300842512,135,140,275
300842601,8,2,10
300842602,8,5,13
300842603,11,6,17
300842604,21,17,38
300842605,40,25,65
300842606,16,24,40
300842607,59,29,88
300842608,30,17,47
300842609,93,72,165
300842610,69,56,125
300842611,37,33,70
300842612,33,39,72
300842613,75,73,148
300842614,24,18,42
300842615,235,196,431
300842616,174,197,371
300842701,36,24,60
300842702,32,28,60
300842703,325,394,719
300842704,404,445,849
300842705,348,432,780
300842706,217,197,414
300842707,528,557,1085
300842708,489,469,958
300842801,177,151,328
300842802,19,12,31
300842803,38,35,73
300842804,12,9,21
300842805,36,32,68
300842806,36,41,77
300842807,20,12,32
300842808,31,23,54
300842809,29,34,63
300842810,28,26,54
300842811,19,20,39
300842812,36,42,78
300842813,32,31,63
300842901,12,9,21
300842902,17,17,34
300842903,24,22,46
300842904,20,16,36
300842905,12,15,27
300842906,16,13,29
300842907,9,7,16
300842908,4,4,8
300842909,17,12,29
300842910,398,368,766
300843001,54,44,98
300843002,115,106,221
300843003,41,34,75
300843004,11,14,25
300843005,179,155,334
300843006,347,348,695
300843007,350,350,700
300843008,253,253,506
300843009,210,226,436
300843010,188,205,393
300843011,226,267,493
300843012,346,419,765
300843013,411,410,821
300843014,86,81,167
300843101,44,41,85
300843102,70,65,135
300843103,24,12,36
300843104,16,6,22
300843105,37,26,63
300843106,25,19,44
300843107,98,74,172
300843108,30,21,51
300843109,47,46,93
300843110,47,38,85
300843111,37,23,60
300843112,62,53,115
300843113,44,32,76
300843114,23,30,53
300843115,154,142,296
300843116,150,152,302
300843201,47,47,94
300843202,95,89,184
300843203,63,61,124
300843204,64,61,125
300843205,186,168,354
300843206,184,146,330
300843207,126,95,221
300843208,51,74,125
300843209,233,270,503
300843210,47,54,101
300843211,57,49,106
300843212,155,151,306
300843213,135,114,249
300843301,18,15,33
300843302,43,39,82
300843303,28,27,55
300843304,14,17,31
300843305,139,120,259
300843306,486,518,1004
300843307,503,594,1097
300843308,517,569,1086
300843309,355,382,737
300843310,213,177,390
300843311,236,241,477
300843312,275,341,616
300843313,374,384,758
300843314,531,571,1102
300843401,4,0,4
300843402,31,15,46
300843403,9,9,18
300843404,16,17,33
300843405,26,20,46
300843406,0,0,0
300843407,75,71,146
300843408,93,78,171
300843409,35,23,58
300843410,38,28,66
300843411,25,14,39
300843412,80,71,151
300843413,41,39,80
300843414,56,45,101
300843415,122,119,241
300843416,248,247,495
300843501,21,22,43
300843502,22,17,39
300843503,33,29,62
300843504,16,14,30
300843505,23,23,46
300843506,242,256,498
300843507,186,196,382
300843508,212,230,442
300843601,39,20,59
300843602,30,38,68
300843603,37,25,62
300843604,38,31,69
300843701,321,331,652
300843702,289,289,578
300843703,211,183,394
300843704,553,594,1147
300843705,242,295,537
300843706,360,386,746
300843707,268,312,580
300843708,216,209,425
300843709,275,277,552
300843710,336,361,697
300843711,345,420,765
300843712,370,376,746
300843713,329,321,650
300843714,424,411,835
300843715,37,42,79
300843801,9,6,15
300843802,23,17,40
300843803,27,24,51
300843804,30,24,54
300843805,51,46,97
300843806,18,18,36
300843807,50,41,91
300843808,46,37,83
300843809,25,29,54
300843901,75,111,186
300843902,53,38,91
300843903,76,69,145
300843904,63,65,128
300843905,10,13,23
300843906,12,15,27
300843907,26,27,53
300843908,51,49,100
300843909,53,48,101
300844001,87,76,163
300844002,42,33,75
300844003,40,31,71
300844004,106,105,211
300844005,39,43,82
300844006,26,19,45
300844007,59,53,112
300844008,91,62,153
300844009,73,65,138
300844101,11,11,22
300844102,24,14,38
300844103,38,30,68
300844104,35,27,62
300844105,388,441,829
300844106,414,446,860
300844107,4,2,6
300844108,458,501,959
300844109,262,306,568
300844110,229,244,473
300844201,15,14,29
300844202,85,71,156
300844203,34,26,60
300844204,84,73,157
300844205,26,17,43
300844206,18,11,29
300844207,37,36,73
300844208,48,32,80
300844209,60,65,125
300844301,548,600,1148
300844302,299,312,611
300844303,349,368,717
300844304,263,322,585
300844305,351,373,724
300844306,340,407,747
300844307,449,462,911
300844308,302,297,599
300844309,499,561,1060
300844310,216,247,463
300844311,358,369,727
300844312,373,331,704
300844313,378,367,745
300844401,377,441,818
300844402,123,151,274
300844403,506,566,1072
300844404,555,574,1129
300844405,203,229,432
300844406,250,292,542
300844407,406,432,838
300844408,466,469,935
300844409,264,248,512
300844410,459,455,914
300844411,332,362,694
300844501,62,66,128
300844502,51,57,108
300844503,65,55,120
300844504,96,82,178
300844505,82,80,162
300844506,63,59,122
300844507,222,208,430
300844508,189,205,394
300844509,103,106,209
300844510,215,219,434
300844511,42,46,88
300844601,26,2,28
300880101,377,405,782
300880102,372,359,731
300880103,524,550,1074
300880104,319,370,689
300880105,285,304,589
300880106,421,431,852
300880107,351,360,711
300880201,107,84,191
300880202,73,57,130
300880203,86,88,174
300880204,529,519,1048
300880205,835,791,1626
300880206,606,623,1229
300880207,546,598,1144
300880208,528,554,1082
300880209,400,373,773
300880210,202,201,403
300880301,235,227,462
300880302,21,12,33
300880303,5,6,11
300880304,191,171,362
300880305,245,276,521
300880306,386,385,771
300880307,216,242,458
300880308,260,271,531
300880401,9,7,16
300880402,40,36,76
300880403,10,10,20
300880404,24,21,45
300880405,57,43,100
300880501,34,31,65
300880502,9,3,12
300880503,29,15,44
300880504,42,25,67
300880601,2,1,3
300880602,16,9,25
300880603,9,11,20
300880604,15,16,31
300880605,2,1,3
300880606,10,11,21
300880701,53,44,97
300880702,32,27,59
300880703,7,11,18
300880704,35,36,71
300880705,8,9,17
300880706,37,36,73
300880707,54,43,97
300910101,565,519,1084
300910102,495,566,1061
300910103,477,592,1069
300910104,292,359,651
300910105,256,308,564
300910106,208,248,456
300910107,220,287,507
300910108,445,460,905
300910109,422,435,857
300910110,281,280,561
300910111,222,310,532
300910112,223,270,493
300910113,331,355,686
300910114,89,100,189
300910115,302,316,618
300910116,458,520,978
300910117,295,319,614
300910118,416,430,846
300910201,13,15,28
300910202,18,18,36
300910203,92,90,182
300910204,56,34,90
300910205,65,75,140
300910206,20,8,28
300910207,86,77,163
300910208,170,139,309
300910209,39,37,76
300910301,32,22,54
300910302,154,140,294
300910303,30,23,53
300910304,76,76,152
300910305,49,43,92
300910306,78,47,125
300910307,77,67,144
300910308,12,7,19
300910309,34,21,55
300910401,1,0,1
300910402,27,27,54
300910403,55,39,94
300910404,69,53,122
300910405,28,27,55
300910406,21,15,36
300910407,23,10,33
300910501,346,308,654
300910502,340,374,714
300910503,340,352,692
300910504,393,398,791
300910505,167,178,345
300910506,416,483,899
300910507,385,427,812
300910508,476,487,963
300910509,87,89,176
300910510,38,37,75
300910511,21,18,39
300910512,16,20,36
300910601,35,25,60
300910602,16,14,30
300910603,8,14,22
300910604,44,43,87
300910605,14,20,34
300910606,243,248,491
300910701,18,15,33
300910702,100,101,201
300910703,39,22,61
300910704,8,5,13
300910705,8,9,17
300910706,15,8,23
300910801,22,20,42
300910802,32,25,57
300910803,18,18,36
300910804,12,7,19
300910805,12,12,24
300910806,13,6,19
300910807,17,14,31
300910808,122,96,218
300910901,15,23,38
300910902,8,9,17
300910903,52,50,102
300910904,12,7,19
300910905,38,24,62
300910906,5,6,11
300911001,204,209,413
300911002,269,256,525
300911003,251,255,506
300911004,299,303,602
300911005,124,126,250
300911101,13,12,25
300911102,19,13,32
300911103,19,16,35
300911104,9,7,16
300911105,74,62,136
300911106,32,24,56
300980101,744,680,1424
300980102,448,446,894
300980103,416,393,809
300980104,396,423,819
300980105,402,493,895
300980106,630,643,1273
300980107,366,370,736
300980108,380,382,762
300980109,447,498,945
300980110,462,449,911
300980111,580,565,1145
300980112,493,556,1049
300980113,463,551,1014
300980114,272,309,581
300980115,360,374,734
300980116,685,744,1429
300980117,500,513,1013
300980118,393,404,797
300980119,407,401,808
300980120,255,247,502
300980201,454,484,938
300980202,513,534,1047
300980203,432,495,927
300980204,385,452,837
300980205,382,450,832
300980206,194,196,390
300980207,287,319,606
300980208,408,474,882
300980209,549,598,1147
300980210,402,403,805
300980211,544,514,1058
300980212,566,565,1131
300980213,359,371,730
300980214,490,503,993
300980215,339,353,692
300980301,214,267,481
300980302,251,282,533
300980303,375,492,867
300980304,382,443,825
300980305,396,420,816
300980306,274,321,595
300980307,263,327,590
300980308,221,253,474
300980309,235,285,520
300980310,172,257,429
300980311,54,65,119
300980312,151,267,418
300980313,159,200,359
300980314,270,288,558
300980315,184,178,362
300980316,361,370,731
300980317,168,217,385
300980318,242,304,546
300980401,239,289,528
300980402,300,334,634
300980403,336,375,711
300980404,180,243,423
300980405,169,211,380
300980406,211,291,502
300980407,157,203,360
300980408,201,272,473
300980409,280,331,611
300980410,518,501,1019
300980411,434,463,897
300980412,304,313,617
300980413,476,494,970
300980414,369,395,764
300980415,315,230,545
300980416,288,294,582
300980417,287,335,622
300980418,456,498,954
300980419,260,254,514
300980420,189,202,391
300980421,227,234,461
300980501,206,191,397
300980502,268,223,491
300980503,92,65,157
300980504,548,576,1124
300980505,34,47,81
300980506,625,609,1234
300980507,423,452,875
300980508,681,646,1327
300980509,774,806,1580
300980510,434,499,933
300980511,475,575,1050
300980512,448,479,927
300980513,462,532,994
300980514,124,128,252
300980601,28,22,50
300980602,101,102,203
300980603,139,120,259
300980604,130,136,266
300980605,407,364,771
300980606,748,703,1451
300980607,578,605,1183
300980608,526,607,1133
300980609,226,207,433
300980610,420,409,829
300980611,578,600,1178
300980612,66,51,117
300980613,66,59,125
300980614,110,78,188
300980701,504,571,1075
300980702,147,171,318
300980703,368,396,764
300980704,255,306,561
300980705,197,218,415
300980706,230,241,471
300980707,427,478,905
300980708,233,277,510
300980709,274,326,600
300980710,232,276,508
300980711,270,280,550
300980712,208,236,444
300980713,295,308,603
300980714,275,278,553
300980715,430,381,811
300980716,207,190,397
300980801,21,16,37
300980802,29,16,45
300980803,8,8,16
300980804,19,15,34
300980805,59,66,125
300980901,18,13,31
300980902,20,13,33
300980903,196,187,383
300980904,3,7,10
300980905,11,14,25
300980906,77,60,137
300980907,161,159,320
300980908,171,148,319
300980909,46,33,79
300980910,62,40,102
300980911,21,12,33
300980912,111,97,208
300980913,125,114,239
300980914,85,79,164
300980915,32,33,65
300980916,24,17,41
300980917,28,26,54
300981001,282,279,561
300981002,313,313,626
300981003,67,61,128
300981004,38,27,65
300981005,71,63,134
300981006,25,15,40
300981007,13,8,21
300981101,166,180,346
300981102,186,178,364
300981103,193,208,401
300981104,161,155,316
300981105,21,20,41
300981106,12,15,27
300981201,21,17,38
300981202,11,6,17
300981203,17,15,32
300981204,8,4,12
300981205,11,11,22
300981206,11,12,23
300981301,19,13,32
300981302,11,6,17
300981303,24,22,46
300981304,8,10,18
300981305,27,21,48
300981306,41,27,68
300981307,81,60,141
300981308,37,25,62
300981309,214,213,427
300981310,217,240,457
300981311,171,196,367
300981312,100,85,185
300981313,41,27,68
300981314,36,24,60
300981401,56,49,105
300981402,56,43,99
300981403,61,61,122
300981404,19,18,37
300981405,352,344,696
300981406,57,51,108
300981407,42,37,79
300981408,19,11,30
300981409,481,495,976
300981410,162,128,290
300981411,172,131,303
300981412,32,19,51
300981413,73,81,154
300981414,89,66,155
300981415,44,36,80
300981416,57,60,117
300981501,47,49,96
300981502,150,157,307
300981503,444,424,868
300981504,188,185,373
300981505,37,45,82
300981506,29,24,53
300981507,58,62,120
300981508,70,55,125
300981509,85,101,186
300981510,206,215,421
300981511,322,322,644
300981512,181,165,346
300981513,176,175,351
300981514,24,17,41
300981515,36,23,59
300981516,52,41,93
300981601,10,6,16
300981602,18,12,30
300981603,67,61,128
300981604,123,46,169
300981605,135,126,261
300981606,68,53,121
300981701,38,40,78
300981702,161,153,314
300981703,221,193,414
300981704,171,156,327
300981705,50,41,91
300981706,17,17,34
300981707,29,16,45
300981708,43,33,76
300981709,49,47,96
300981801,3,0,3
300981802,20,14,34
301050101,340,360,700
301050102,321,298,619
301050103,326,337,663
301050104,498,522,1020
301050105,240,257,497
301050106,195,239,434
301050107,351,413,764
301050108,345,394,739
301050109,313,293,606
301050110,348,390,738
301050111,180,214,394
301050112,182,258,440
301050201,245,263,508
301050202,383,401,784
301050203,373,392,765
301050204,265,306,571
301050205,298,321,619
301050206,345,337,682
301050207,397,410,807
301050208,401,393,794
301050209,384,411,795
301050210,299,382,681
301050211,193,265,458
301050212,256,327,583
301050213,343,337,680
301050301,415,438,853
301050302,51,57,108
301050303,540,560,1100
301050304,419,396,815
301050305,244,303,547
301050306,391,421,812
301050307,381,440,821
301050308,334,386,720
301050309,321,356,677
301050310,329,408,737
301050401,120,185,305
301050402,169,213,382
301050403,230,310,540
301050404,440,461,901
301050405,265,273,538
301050406,488,538,1026
301050407,373,365,738
301050408,125,134,259
301050409,502,451,953
301050410,621,579,1200
301050501,133,110,243
301050502,23,16,39
301050503,117,97,214
301050504,103,112,215
301050601,76,56,132
301050602,32,33,65
301050603,15,9,24
301050604,31,28,59
301050605,98,92,190
301050606,178,170,348
301050607,29,17,46
301050608,16,11,27
301050609,78,70,148
301050610,317,280,597
301050611,68,58,126
301050612,103,86,189
301050701,19,16,35
301050702,40,28,68
301050703,61,63,124
301050704,25,13,38
301050705,44,36,80
301050706,28,33,61
301050707,46,32,78
301050708,94,68,162
301050709,38,26,64
301050710,10,1,11
301050711,212,208,420
301050712,292,235,527
301050713,32,25,57
301050714,19,19,38
301050715,100,111,211
301050801,32,0,32
301050802,26,20,46
301050803,18,5,23
301050804,32,18,50
301050805,43,16,59
301050806,51,29,80
301050807,38,18,56
301050808,37,17,54
301050809,25,14,39
301050810,56,30,86
301050811,51,29,80
301050812,99,54,153
301130101,181,182,363
301130102,1,0,1
301130103,539,586,1125
301130104,418,410,828
301130105,592,648,1240
301130106,390,438,828
301130107,277,315,592
301130108,418,466,884
301130109,485,562,1047
301130110,360,412,772
301130111,442,482,924
301130112,419,473,892
301130113,303,331,634
301130114,258,288,546
301130115,493,540,1033
301130116,321,334,655
301130117,344,344,688
301130118,407,443,850
301130119,274,345,619
301130120,108,157,265
301130121,186,223,409
301130122,489,580,1069
301130123,395,483,878
301130201,315,399,714
301130202,127,170,297
301130203,212,293,505
301130204,339,372,711
301130205,304,402,706
301130206,139,173,312
301130207,127,186,313
301130208,251,349,600
301130209,279,378,657
301130210,299,331,630
301130211,479,530,1009
301130212,492,536,1028
301130213,246,276,522
301130214,454,465,919
301130215,347,397,744
301130216,377,403,780
301130301,13,15,28
301130302,122,98,220
301130303,365,352,717
301130304,172,87,259
301130305,389,403,792
301130306,97,86,183
301130307,525,583,1108
301130308,227,249,476
301130309,523,495,1018
301130310,662,685,1347
301130311,437,411,848
301130312,30,22,52
301130401,11,9,20
301130402,6,3,9
301130403,16,19,35
301130404,378,359,737
301130405,367,407,774
301130406,621,594,1215
301130501,21,12,33
301130502,0,0,0
301130503,21,13,34
301130504,335,307,642
301130505,211,242,453
301130506,159,195,354
301130507,168,174,342
301130601,27,23,50
301130602,32,25,57
301130603,127,130,257
301130604,34,20,54
301130605,18,16,34
301130606,235,213,448
301130607,72,57,129
301130608,166,118,284
301130609,82,67,149
301130610,46,44,90
301130701,47,22,69
301130702,152,149,301
301130703,92,87,179
301130704,50,43,93
301130705,83,72,155
301130706,165,148,313
301130801,32,30,62
301130802,20,11,31
301130803,26,14,40
301130804,41,29,70
301130805,86,68,154
301130806,134,128,262
301130807,73,60,133
301130808,66,65,131
301130809,29,17,46
301130810,22,14,36
301130811,27,16,43
301130812,26,19,45
301130813,37,23,60
301130814,38,24,62
301130815,57,33,90
301130901,43,30,73
301130902,34,31,65
301130903,48,39,87
301130904,35,28,63
301130905,32,24,56
301130906,90,77,167
301130907,35,34,69
301130908,23,17,40
301131001,57,24,81
301131002,122,90,212
301131003,58,39,97
301131004,92,77,169
301131005,76,75,151
301131006,31,32,63
301131007,72,65,137
301131008,83,84,167
301131101,19,21,40
301131102,9,6,15
301131103,78,72,150
301131104,87,84,171
301131105,64,58,122
301131106,174,139,313
301131107,24,12,36
301131108,31,24,55
301131109,48,32,80
301131110,65,54,119
301131201,30,36,66
301131202,26,20,46
301131203,192,204,396
301131204,109,101,210
301131205,12,17,29
301131206,50,34,84
301131207,27,18,45
301131208,66,53,119
301131209,67,71,138
301131301,7,6,13
301131302,62,55,117
301131303,27,18,45
301131304,46,32,78
301131305,17,11,28
301131306,35,22,57
301131307,9,6,15
301131308,186,178,364
301131309,144,123,267
301131401,27,21,48
301131402,63,43,106
301131403,17,9,26
301131404,19,15,34
301131405,52,54,106
301131406,17,20,37
301131407,16,13,29
301131408,12,10,22
301131409,12,8,20
301131410,5,6,11
301131411,202,197,399
340070101,256,246,502
340070102,904,801,1705
340070201,519,424,943
340070202,85,52,137
340070203,430,331,761
340070204,388,348,736
340070301,143,103,246
340070401,129,93,222
340070402,281,264,545
340070403,342,266,608
340070404,247,265,512
340070405,468,442,910
340070406,388,363,751
340070407,242,246,488
340070408,236,234,470
340070409,249,211,460
340070501,366,293,659
340070502,77,87,164
340070503,375,314,689
340070504,74,22,96
340070505,274,254,528
340070601,51,29,80
340070602,204,167,371
340070603,30,16,46
340070701,51,32,83
340070702,326,320,646
340070703,210,159,369
340070801,194,125,319
340140101,641,636,1277
340140102,450,452,902
340140103,130,141,271
340140104,281,355,636
340140105,329,398,727
340140106,407,509,916
340140107,340,401,741
340140108,715,857,1572
340140109,577,598,1175
340140110,711,705,1416
340140111,323,400,723
340140112,416,503,919
340140113,404,496,900
340140114,416,509,925
340140115,283,289,572
340140116,398,476,874
340140117,407,427,834
340140118,313,314,627
340140119,224,247,471
340140120,462,564,1026
340140121,210,274,484
340140122,430,450,880
340140123,337,442,779
340140124,364,381,745
340140125,333,367,700
340140126,290,293,583
340140201,774,774,1548
340140202,557,565,1122
340140203,509,604,1113
340140204,315,347,662
340140205,646,710,1356
340140206,649,710,1359
340140207,484,417,901
340140208,437,501,938
340140209,585,627,1212
340140210,341,401,742
340140211,380,436,816
340140212,392,433,825
340140213,244,269,513
340140214,348,486,834
340140215,429,410,839
340140216,272,369,641
340140217,280,365,645
340140218,294,363,657
340140219,313,359,672
340140220,665,689,1354
340140221,397,418,815
340140222,381,410,791
340140223,524,517,1041
340140301,372,468,840
340140302,427,534,961
340140303,359,461,820
340140304,352,404,756
340140305,315,391,706
340140306,372,416,788
340140307,496,626,1122
340140308,514,581,1095
340140309,374,405,779
340140310,662,720,1382
340140311,597,630,1227
340140312,473,464,937
340140313,585,598,1183
340140401,356,358,714
340140402,262,307,569
340140403,666,723,1389
340140404,551,612,1163
340140405,293,374,667
340140406,593,709,1302
340140407,398,515,913
340140408,364,469,833
340140409,517,613,1130
340140410,356,419,775
340140411,340,394,734
340140412,445,547,992
340140413,545,582,1127
340140414,448,492,940
340140415,708,769,1477
340140416,554,597,1151
340140417,493,500,993
340140418,415,503,918
340140419,454,502,956
340140501,26,21,47
340140502,697,665,1362
340140503,24,17,41
340140504,256,262,518
340140505,168,182,350
340140506,381,323,704
340140601,6,0,6
340140602,236,242,478
340140603,237,250,487
340140604,38,25,63
340140605,138,131,269
340140606,110,110,220
340140607,199,162,361
340140608,6,0,6
340140609,0,0,0
340140701,414,320,734
340140702,469,418,887
340140703,442,519,961
340140704,475,452,927
340140705,686,735,1421
340140706,672,679,1351
340140707,496,571,1067
340140708,652,675,1327
340140709,740,764,1504
340140710,618,622,1240
340140711,757,783,1540
340140712,13,13,26
340140713,538,576,1114
340140714,655,688,1343
340140715,712,713,1425
340140716,229,190,419
340140717,365,347,712
340140801,56,24,80
340140802,32,9,41
340140803,93,87,180
340140804,98,95,193
340140901,235,219,454
340140902,67,19,86
340141001,104,96,200
340141002,11,10,21
340141003,7,3,10
340141004,165,187,352
340141005,284,280,564
340141101,60,77,137
340141102,20,9,29
340141103,89,84,173
340141104,205,205,410
340141201,127,100,227
340141301,71,43,114
340141302,9,3,12
340141401,62,57,119
340141402,86,53,139
340141403,301,287,588
340141404,193,177,370
340141501,711,742,1453
340141502,460,463,923
340141503,324,376,700
340141504,586,741,1327
340141505,466,526,992
340141506,516,575,1091
340141507,744,759,1503
340141508,588,705,1293
340141509,542,550,1092
340141510,396,441,837
340141511,186,255,441
340141512,516,643,1159
340141513,511,579,1090
340141514,731,810,1541
340141515,304,346,650
340141516,471,541,1012
340141517,486,677,1163
340141518,437,537,974
340141519,419,452,871
340141520,250,266,516
340141521,434,470,904
340141522,404,428,832
340141523,436,492,928
340141524,343,394,737
340141525,494,557,1051
340141526,306,343,649
340141527,320,386,706
340141528,489,540,1029
340141601,424,421,845
340141602,706,737,1443
340141603,320,381,701
340141604,398,445,843
340141605,670,618,1288
340141606,601,661,1262
340141607,437,488,925
340141608,664,735,1399
340141609,482,532,1014
340141610,512,586,1098
340141611,386,472,858
340141612,394,426,820
340141613,407,465,872
340141614,339,326,665
340141615,439,524,963
340141616,527,616,1143
340141617,474,554,1028
340141618,357,387,744
340141619,388,437,825
340141620,449,500,949
340141621,606,692,1298
340141622,951,729,1680
340141623,475,530,1005
340141624,362,447,809
340141625,392,425,817
340141626,438,411,849
340141627,409,420,829
340141628,365,400,765
340141701,341,329,670
340141702,411,372,783
340141703,484,500,984
340141704,491,540,1031
340141705,828,850,1678
340141706,589,649,1238
340141707,299,294,593
340141708,544,577,1121
340141709,434,521,955
340141710,432,478,910
340141711,518,541,1059
340141712,524,514,1038
340141713,198,168,366
340141714,507,543,1050
340141715,341,387,728
340141716,701,719,1420
340141717,493,512,1005
340141801,20,3,23
340141802,8,4,12
340141901,57,29,86
340141902,10,1,11
340142001,69,49,118
340142002,628,577,1205
340142003,35,21,56
340142004,537,477,1014
340142005,47,35,82
340142006,632,630,1262
340142007,79,50,129
340142008,7,7,14
340142009,30,24,54
340142010,5,2,7
340142011,57,38,95
340142012,219,238,457
340142013,512,554,1066
340142014,427,457,884
340142015,690,670,1360
340142016,584,599,1183
340142017,465,437,902
340142018,402,363,765
340142019,541,507,1048
340142020,369,372,741
340142021,0,0,0
340142022,1,0,1
340142023,690,681,1371
340142024,452,440,892
340142025,507,537,1044
340142026,519,546,1065
340142027,664,656,1320
340142101,386,332,718
340142102,376,434,810
340142103,437,487,924
340142104,525,545,1070
340142105,212,265,477
340142106,215,278,493
340142107,237,320,557
340142108,255,328,583
340142109,269,316,585
340142110,250,295,545
340142111,350,419,769
340142112,202,255,457
340142113,317,370,687
340142114,340,413,753
340142115,763,768,1531
340142116,741,779,1520
340142117,537,518,1055
340142118,395,424,819
340142119,512,540,1052
340142201,410,468,878
340142202,546,608,1154
340142203,340,368,708
340142204,657,665,1322
340142205,754,800,1554
340142206,712,779,1491
340142207,748,760,1508
340142208,806,786,1592
340142209,711,742,1453
340142210,836,883,1719
340142211,741,760,1501
340142212,774,803,1577
340142213,706,785,1491
340142214,763,768,1531
340142215,450,495,945
340142216,608,626,1234
340142217,569,588,1157
340142218,589,601,1190
340142219,714,712,1426
340142220,360,408,768
340142221,387,359,746
340142222,49,39,88
340210101,10,8,18
340210102,55,32,87
340210201,291,268,559
340210202,108,91,199
340210203,15,9,24
340210204,14,4,18
340210205,6,6,12
340210206,83,68,151
340210207,18,11,29
340210208,175,156,331
340210209,48,41,89
340210210,97,82,179
340210211,314,316,630
340210212,380,368,748
340210213,525,591,1116
340210214,663,669,1332
340210215,229,272,501
340210301,132,95,227
340210302,280,260,540
340210303,116,101,217
340210304,349,354,703
340210305,341,324,665
340210306,161,135,296
340210307,437,444,881
340210401,27,13,40
340210402,159,109,268
340210403,541,515,1056
340210501,7,5,12
340210502,232,201,433
340210601,133,90,223
340210602,233,209,442
340210603,349,336,685
340210604,433,427,860
340210701,38,19,57
340210702,21,6,27
340210703,105,47,152
340210704,43,19,62
340210705,11,7,18
340210706,539,591,1130
340210707,479,441,920
340210708,392,360,752
340210709,183,191,374
340280101,363,291,654
340280102,348,346,694
340280103,557,591,1148
340280104,421,454,875
340280105,529,547,1076
340280106,411,444,855
340280107,503,522,1025
340280108,291,313,604
340280109,598,632,1230
340280110,325,336,661
340280111,257,256,513
340280112,333,389,722
340280113,513,499,1012
340280114,345,368,713
340280115,440,435,875
340280201,601,580,1181
340280301,234,183,417
340280302,69,51,120
340350101,458,419,877
340350102,115,72,187
340350103,290,277,567
340350104,47,13,60
340350105,86,55,141
340350106,375,336,711
340350107,18,2,20
340350108,519,488,1007
340350201,423,367,790
340350202,121,95,216
340350203,254,201,455
340350204,166,133,299
340350205,45,25,70
340350206,165,102,267
340350207,10,10,20
340350301,503,462,965
340350302,39,29,68
340350303,215,150,365
340350304,14,2,16
340350401,23,13,36
340350402,614,528,1142
340350403,128,61,189
340350404,63,28,91
340350405,359,362,721
340350406,236,206,442
340350501,880,777,1657
340350502,46,28,74
340350503,2,0,2
340350601,224,187,411
340350602,325,281,606
340350603,275,197,472
340350604,328,355,683
340350605,246,261,507
340350606,299,301,600
340350607,396,371,767
340350608,282,287,569
340350609,307,287,594
340350610,240,241,481
340350611,527,537,1064
340350612,554,608,1162
340350613,368,415,783
340350614,225,216,441
340350615,286,309,595
340350701,287,203,490
340350702,313,230,543
340350703,329,233,562
340350704,504,542,1046
340350705,412,401,813
340350706,238,241,479
340350707,401,380,781
340350801,219,245,464
340350802,376,440,816
340350803,408,437,845
340350804,413,399,812
340350805,486,526,1012
340350806,284,290,574
340350901,279,287,566
340350902,327,357,684
340350903,427,437,864
340350904,336,389,725
340350905,264,302,566
340350906,548,546,1094
340350907,389,399,788
340350908,379,401,780
340350909,527,575,1102
340350910,284,282,566
340350911,367,317,684
340351001,314,322,636
340351002,514,576,1090
340351003,340,341,681
340351004,565,606,1171
340351005,321,343,664
340351006,350,339,689
340351007,241,281,522
340351101,161,117,278
340351102,67,47,114
340351103,506,421,927
340351104,335,322,657
340351105,325,278,603
340351201,563,575,1138
340351202,528,582,1110
340351203,413,425,838
340351204,273,330,603
340351205,427,472,899
340351206,450,361,811
340351207,593,632,1225
340351208,279,292,571
340351209,306,305,611
340351210,180,187,367
340351301,114,93,207
340351302,33,20,53
340351303,48,39,87
340351401,93,60,153
340351402,90,65,155
340351403,62,49,111
340351501,5,1,6
340351502,160,153,313
340351503,196,177,373
340351601,190,167,357
340351701,72,25,97
340351702,44,15,59
340351703,17,5,22
340351704,33,10,43
340351801,314,230,544
340351802,260,247,507
340351803,126,83,209
340351804,95,69,164
340351805,261,241,502
340351806,306,304,610
340351807,264,299,563
340351808,406,368,774
340351809,338,328,666
340351810,257,243,500
340351811,260,285,545
340351812,182,175,357
340351901,83,49,132
340351902,89,51,140
340351903,218,148,366
340351904,350,346,696
340351905,390,358,748
340351906,467,444,911
340351907,281,294,575
340351908,378,389,767
340351909,83,99,182
340352001,117,91,208
340352002,203,142,345
340352003,104,81,185
340352101,67,39,106
340352102,26,6,32
340352103,101,59,160
340420101,81,58,139
340420102,345,319,664
340420103,148,111,259
340420104,330,273,603
340420105,431,323,754
340420106,262,242,504
340420107,239,237,476
340420108,240,228,468
340420109,651,667,1318
340420110,508,518,1026
340420111,527,598,1125
340420112,195,183,378
340420201,34,20,54
340420202,177,161,338
340420203,69,55,124
340420204,575,502,1077
340420205,443,435,878
340420301,194,159,353
340420302,25,13,38
340420303,357,309,666
340420304,43,39,82
340420305,653,596,1249
340420306,450,492,942
340420307,325,331,656
340420401,342,225,567
340420402,26,15,41
340420403,20,7,27
340420501,432,408,840
340420502,55,33,88
340420503,13,9,22
340420504,477,432,909
340420505,486,480,966
340420506,372,396,768
340490101,543,532,1075
340490102,704,790,1494
340490103,492,538,1030
340490104,366,399,765
340490105,402,432,834
340490106,547,651,1198
340490107,392,443,835
340490108,408,513,921
340490109,671,791,1462
340490110,463,501,964
340490111,358,481,839
340490112,315,399,714
340490113,406,546,952
340490114,860,898,1758
340490115,716,807,1523
340490116,469,470,939
340490117,459,470,929
340490118,415,442,857
340490119,608,728,1336
340490120,565,575,1140
340490121,634,704,1338
340490122,615,662,1277
340490123,445,493,938
340490124,706,685,1391
340490125,553,556,1109
340490126,407,454,861
340490127,317,311,628
340490128,364,429,793
340490201,3,1,4
340490301,23,5,28
340490302,318,280,598
340490303,81,90,171
340490304,80,90,170
340490305,90,82,172
340490306,152,138,290
340490401,70,42,112
340490402,60,60,120
340490403,321,318,639
340490501,34,18,52
340490601,204,152,356
340490602,433,383,816
340490603,382,307,689
340490604,185,171,356
340490605,14,16,30
340490606,146,135,281
340490607,33,10,43
340490608,15,5,20
340490609,207,168,375
340490610,564,579,1143
340490611,258,248,506
340490612,493,512,1005
340490613,319,331,650
340490614,356,390,746
340490701,435,345,780
340490702,204,154,358
340490703,757,705,1462
340490704,325,319,644
340490705,77,84,161
340490706,352,314,666
340490707,58,46,104
340490708,332,291,623
340490709,128,112,240
340490710,278,308,586
340490801,456,436,892
340490802,177,161,338
340490803,205,189,394
340490804,1232,1180,2412
340490805,1129,971,2100
340490806,477,488,965
340490807,287,298,585
340490808,322,353,675
340490901,269,224,493
340490902,608,572,1180
340490903,423,387,810
340490904,17,13,30
340491001,12,5,17
340491002,118,98,216
340491003,579,548,1127
340491004,640,681,1321
340491005,626,688,1314
340491006,671,742,1413
340491007,485,540,1025
340491008,451,548,999
340491009,443,541,984
340491010,677,752,1429
340491011,468,470,938
340491012,664,664,1328
340491013,543,574,1117
340491014,563,553,1116
340491015,485,496,981
340491016,560,655,1215
340491017,437,430,867
340491018,616,667,1283
340491019,613,616,1229
340491020,566,572,1138
340491021,546,564,1110
340491022,223,235,458
340491023,1,0,1
340491024,69,58,127
340491101,550,537,1087
340491102,250,242,492
340491103,380,377,757
340491104,464,488,952
340491105,299,323,622
340491106,515,570,1085
340491107,235,256,491
340491108,195,189,384
340491109,304,327,631
340560101,594,626,1220
340560102,226,202,428
340560103,441,496,937
340560104,433,482,915
340560105,425,412,837
340560106,585,633,1218
340560107,332,399,731
340560108,260,266,526
340560109,368,449,817
340560110,425,442,867
340560111,492,543,1035
340560112,630,612,1242
340560113,428,448,876
340560114,133,143,276
340560115,325,298,623
340560116,479,493,972
340560117,345,363,708
340560201,5,4,9
340560202,351,292,643
340560203,7,7,14
340560204,13,8,21
340560205,30,10,40
340560301,121,96,217
340560302,40,28,68
340560303,314,280,594
340560304,5,5,10
340560401,15,14,29
340560402,397,364,761
340560403,157,139,296
340560404,31,22,53
340560405,486,429,915
340560406,328,373,701
340560407,302,341,643
340560408,470,551,1021
340560409,509,562,1071
340560501,330,272,602
340560502,226,187,413
340560503,180,146,326
340560504,333,328,661
340560601,178,136,314
340560602,126,105,231
340560603,157,144,301
340560604,65,58,123
340560605,182,144,326
340560701,394,323,717
340560702,109,98,207
340560703,43,43,86
340560704,48,46,94
340560705,454,453,907
340560706,381,428,809
340560707,453,488,941
340560708,527,582,1109
340560709,309,297,606
340560801,102,90,192
340560802,121,111,232
340560803,30,19,49
340560804,47,43,90
340560805,109,88,197
340560901,97,75,172
340560902,114,93,207
340560903,22,23,45
340561001,263,224,487
340561002,75,46,121
340561003,192,166,358
340561004,95,103,198
340561005,49,40,89
340561101,486,527,1013
340561102,446,476,922
340561103,313,341,654
340561104,447,390,837
340561105,432,469,901
340561106,301,328,629
340561107,329,344,673
340561108,473,536,1009
340561109,504,503,1007
340561110,392,424,816
340561111,324,398,722
340561112,440,463,903
340561113,322,349,671
340561114,290,318,608
340561115,359,382,741
340561116,509,525,1034
340561117,489,469,958
340561118,358,389,747
340561119,527,555,1082
340561120,285,294,579
340561121,451,443,894
340561122,351,340,691
340561123,247,275,522
340561201,22,20,42
340561202,212,205,417
340561203,15,12,27
340561301,110,71,181
340561302,46,45,91
340561401,180,152,332
340561402,361,346,707
340561403,61,50,111
340561404,42,32,74
340561405,61,60,121
340561406,90,80,170
340561407,107,83,190
340561408,460,351,811
340561409,677,614,1291
340561501,297,230,527
340561502,50,38,88
340561503,143,122,265
340561504,34,15,49
340561505,11,3,14
340561506,286,292,578
340561507,342,340,682
340561508,455,484,939
340561509,381,442,823
340561510,494,506,1000
340561511,393,414,807
340561512,519,525,1044
340561513,394,390,784
340561601,118,80,198
340561602,34,22,56
340561603,36,14,50
340561604,127,109,236
340561701,56,43,99
340561702,72,29,101
340561801,146,125,271
340561802,111,83,194
340561803,27,12,39
340630101,976,917,1893
340630102,1294,1226,2520
340630201,719,667,1386
340630202,910,854,1764
340630203,666,514,1180
340630204,818,835,1653
340630205,706,750,1456
340630206,378,364,742
340630207,550,610,1160
380070101,276,363,639
380070102,58,65,123
380070103,32,35,67
380070104,118,137,255
380070105,462,502,964
380070106,377,371,748
380070107,430,422,852
380070108,587,657,1244
380070109,569,654,1223
380070110,293,316,609
380070111,381,432,813
380070201,103,104,207
380070202,56,68,124
380070203,48,51,99
380070204,557,647,1204
380070205,266,310,576
380070301,56,62,118
380070302,58,71,129
380070303,141,159,300
380070401,28,33,61
380070402,125,149,274
380070403,325,302,627
380070404,87,111,198
380070405,82,96,178
380070501,120,151,271
380070502,54,70,124
380070503,197,215,412
380070504,108,109,217
380140101,89,82,171
380140102,175,150,325
380140103,365,326,691
380140104,256,203,459
380140105,765,660,1425
380140106,157,154,311
380140107,438,348,786
380140108,211,194,405
380140109,384,319,703
380140115,25,20,45
380140116,362,338,700
380140117,438,426,864
380140201,544,461,1005
380140202,32,32,64
380140203,733,628,1361
380140204,465,387,852
380140205,556,541,1097
380140206,249,248,497
380140301,245,190,435
380140302,577,513,1090
380140303,289,239,528
380140304,1303,1324,2627
380140305,879,853,1732
380140401,895,787,1682
380140402,523,462,985
380140403,545,445,990
380140404,788,625,1413
380140405,633,600,1233
380140406,878,886,1764
380140407,725,749,1474
380140408,633,681,1314
380140409,906,938,1844
380140410,635,616,1251
380140411,678,662,1340
380140412,422,405,827
380140413,699,722,1421
380140414,658,663,1321
380140501,436,409,845
380140502,373,309,682
380140503,632,647,1279
380140504,113,70,183
380140505,47,41,88
380140506,301,252,553
380140507,663,651,1314
380140508,675,751,1426
380140509,632,632,1264
380140510,415,491,906
380140511,618,667,1285
380140512,513,572,1085
380140513,550,589,1139
380140514,725,773,1498
380140515,798,778,1576
380140516,429,452,881
380140517,241,256,497
380140601,469,570,1039
380140602,598,648,1246
380140603,437,473,910
380140604,686,739,1425
380140605,623,629,1252
380140606,514,560,1074
380140607,561,535,1096
380140608,543,538,1081
380140609,975,1044,2019
380140610,435,486,921
380140611,753,771,1524
380140612,607,628,1235
380140613,586,557,1143
380140614,537,547,1084
380140615,872,834,1706
380140616,537,542,1079
380140617,625,623,1248
380140618,653,663,1316
380140619,633,603,1236
380140701,431,407,838
380140702,147,152,299
380140703,107,111,218
380140704,111,103,214
380140705,426,481,907
380140706,467,445,912
380140707,509,529,1038
380140708,717,703,1420
380140709,661,698,1359
380140710,866,882,1748
380140711,1223,1225,2448
380140712,1118,1100,2218
380140713,776,804,1580
380140714,443,461,904
380140715,417,461,878
380140716,782,788,1570
380140717,402,367,769
380140718,278,274,552
380210101,22,23,45
380210102,46,34,80
380210103,218,210,428
380210104,13,12,25
380210105,230,218,448
380210106,313,352,665
380210107,309,353,662
380210108,681,650,1331
380210109,100,116,216
380210110,301,329,630
380210201,91,96,187
380210202,54,51,105
380210203,11,0,11
380210204,9,6,15
380210301,27,18,45
380210302,30,19,49
380210303,108,101,209
380210304,47,28,75
380210305,76,48,124
380210306,20,17,37
380210307,624,604,1228
380210401,4,4,8
380210402,206,188,394
380210403,16,17,33
380210404,119,110,229
380210405,540,495,1035
380210406,397,394,791
380210407,89,76,165
380210408,176,168,344
380210409,757,830,1587
380210410,482,493,975
380210411,554,545,1099
380210412,559,566,1125
380210413,642,621,1263
380210414,377,411,788
380210415,504,574,1078
380210416,245,273,518
380210417,542,593,1135
380210418,218,218,436
380210419,166,165,331
380210501,463,495,958
380210502,479,548,1027
380210503,635,660,1295
380210504,765,819,1584
380210505,475,542,1017
380210506,321,324,645
380210507,526,565,1091
380210508,482,480,962
380210509,504,552,1056
380210510,892,970,1862
380210511,400,470,870
380210512,503,546,1049
380210513,662,689,1351
380210514,741,777,1518
380210515,500,506,1006
380210516,508,546,1054
380210517,443,465,908
380210518,399,424,823
380210519,515,510,1025
380210520,592,666,1258
380210521,586,617,1203
380210522,538,596,1134
380210523,572,651,1223
380210524,648,700,1348
380210525,290,327,617
380210526,333,386,719
380210527,378,363,741
380210601,393,446,839
380210602,433,506,939
380210603,730,757,1487
380210604,741,751,1492
380210605,229,311,540
380210606,87,93,180
380210607,264,363,627
380210608,514,515,1029
380210609,206,288,494
380210610,225,360,585
380210611,477,502,979
380210612,270,288,558
380210613,294,370,664
380210614,545,545,1090
380210615,279,409,688
380210616,365,428,793
380210617,534,564,1098
380210618,660,712,1372
380210619,553,565,1118
380210620,362,365,727
380210621,432,434,866
380210701,576,637,1213
380210702,323,388,711
380210703,161,127,288
380210704,499,523,1022
380210705,573,614,1187
380210706,185,272,457
380210707,424,577,1001
380210708,296,308,604
380210709,368,509,877
380210710,287,467,754
380210711,516,562,1078
380210712,365,409,774
380210713,290,366,656
380210714,390,462,852
380210715,497,635,1132
380210716,631,726,1357
380210717,576,673,1249
380210718,315,406,721
380210719,532,580,1112
380210720,372,413,785
380210721,273,304,577
380210801,317,352,669
380210802,477,521,998
380210803,222,260,482
380210804,379,408,787
380210805,480,505,985
380210806,598,747,1345
380210807,691,728,1419
380210808,739,784,1523
380210809,524,522,1046
380210810,428,473,901
380210811,428,445,873
380210812,594,697,1291
380210813,361,415,776
380210814,480,479,959
380210815,400,458,858
380210816,746,883,1629
380210817,468,528,996
380210818,593,650,1243
380210819,568,569,1137
380210820,288,302,590
380210821,485,531,1016
380210822,544,602,1146
380210823,454,473,927
380210824,444,420,864
380210825,345,396,741
380210826,412,479,891
380210827,288,354,642
380210901,571,608,1179
380210902,326,340,666
380210903,268,341,609
380210904,204,248,452
380210905,588,646,1234
380210906,899,452,1351
380210907,511,577,1088
380210908,469,491,960
380210909,355,404,759
380210910,577,631,1208
380210911,753,823,1576
380210912,754,744,1498
380210913,538,670,1208
380210914,473,515,988
380210915,672,715,1387
380210916,893,889,1782
380210917,602,660,1262
380210918,656,726,1382
380210919,269,295,564
380210920,446,531,977
380210921,406,449,855
380210922,485,505,990
380210923,231,236,467
380211001,555,577,1132
380211002,620,751,1371
380211003,496,599,1095
380211004,454,464,918
380211005,715,736,1451
380211006,540,557,1097
380211007,669,669,1338
380211008,508,516,1024
380211009,560,654,1214
380211010,466,584,1050
380211011,296,384,680
380211012,439,491,930
380211013,461,502,963
380211014,712,728,1440
380211101,616,719,1335
380211102,500,569,1069
380211103,629,635,1264
380211104,479,495,974
380211105,610,695,1305
380211106,428,473,901
380211107,470,526,996
380211108,757,814,1571
380211109,329,342,671
380211110,568,622,1190
380211111,569,607,1176
380211112,349,422,771
380211113,463,511,974
380211114,426,465,891
380211115,375,430,805
380211116,430,504,934
380211117,524,580,1104
380211118,253,266,519
380211201,531,544,1075
380211202,576,621,1197
380211203,802,905,1707
380211204,574,591,1165
380211205,528,584,1112
380211206,707,749,1456
380211207,710,759,1469
380211208,332,422,754
380211209,510,653,1163
380211210,587,598,1185
380211211,494,500,994
380211212,498,552,1050
380211213,401,398,799
380211214,768,829,1597
380211215,506,572,1078
380211216,366,411,777
380211217,452,508,960
380211218,513,517,1030
380211219,594,655,1249
380211220,735,835,1570
380211221,648,690,1338
380211301,709,729,1438
380211302,33,13,46
380211303,88,154,242
380211304,460,507,967
380211305,579,634,1213
380211306,447,413,860
380211307,805,810,1615
380211308,780,848,1628
380211309,687,704,1391
380211310,587,632,1219
380211311,747,750,1497
380211312,635,678,1313
380211313,705,803,1508
380211314,486,499,985
380211315,623,672,1295
380211316,524,591,1115
380211317,553,634,1187
380211318,374,421,795
380211319,612,666,1278
380211320,439,487,926
380211321,382,424,806
380211322,550,603,1153
380211401,538,579,1117
380211402,684,763,1447
380211403,608,700,1308
380211404,684,716,1400
380211405,947,855,1802
380211406,788,836,1624
380211407,930,957,1887
380211408,919,910,1829
380211409,811,832,1643
380211410,492,478,970
380211411,512,535,1047
380211412,605,687,1292
380211413,499,563,1062
380211414,896,926,1822
380211415,787,872,1659
380211416,578,579,1157
380211417,967,1053,2020
380211418,704,734,1438
380211419,658,702,1360
380211501,733,779,1512
380211502,321,323,644
380211503,152,172,324
380211504,239,261,500
380211505,353,394,747
380211506,437,473,910
380211507,496,523,1019
380211508,527,582,1109
380211509,388,392,780
380211510,566,625,1191
380211511,618,725,1343
380211512,585,626,1211
380211513,371,430,801
380211514,534,589,1123
380211515,377,419,796
380211516,145,158,303
380211517,283,289,572
380211518,716,803,1519
380211519,248,212,460
380211520,54,51,105
380280101,166,170,336
380280102,104,130,234
380280103,143,177,320
380280201,128,103,231
380280202,122,105,227
380280203,211,167,378
380280204,71,70,141
380280205,83,61,144
380280301,298,257,555
380280302,116,92,208
380280303,242,266,508
380280401,176,217,393
380280402,135,132,267
380280403,413,455,868
380280404,320,340,660
380280405,333,359,692
380280406,309,366,675
380280407,465,541,1006
380280408,227,315,542
380280409,320,363,683
380280410,553,633,1186
380280411,522,596,1118
380280412,276,306,582
380280413,477,539,1016
380280414,239,256,495
380280415,356,377,733
380280501,37,46,83
380280502,156,200,356
380280503,325,252,577
380280504,446,421,867
380280505,453,367,820
380280601,41,48,89
380280602,179,197,376
380350101,603,539,1142
380350102,162,148,310
380350103,19,7,26
380350104,17,12,29
380350105,645,656,1301
380350106,845,767,1612
380350107,653,593,1246
380350108,560,516,1076
380350109,670,629,1299
380350110,483,447,930
380350111,607,570,1177
380350112,350,378,728
380350113,384,400,784
380350114,503,455,958
380350115,342,347,689
380350201,2,0,2
380350202,4,4,8
380350203,0,0,0
380350204,352,392,744
380350205,359,368,727
380350206,67,71,138
380350207,83,62,145
380350208,102,88,190
380350209,131,108,239
380350210,519,553,1072
380350211,795,743,1538
380350212,448,428,876
380350213,307,289,596
380350214,392,375,767
380350215,335,376,711
380350216,300,305,605
380350217,579,560,1139
380350301,56,28,84
380350302,41,32,73
380350303,28,45,73
380350304,28,16,44
380350305,27,2,29
380350306,380,418,798
380350401,232,192,424
380350403,192,163,355
380350404,538,524,1062
380350405,0,0,0
380350406,0,0,0
380350407,590,588,1178
380350408,892,843,1735
380350409,640,650,1290
380350410,640,674,1314
380350411,473,504,977
380350412,775,751,1526
380350413,716,686,1402
380350414,634,655,1289
380350415,403,428,831
380350416,750,750,1500
380350501,649,698,1347
380350502,564,630,1194
380350503,633,686,1319
380350504,731,752,1483
380350505,508,509,1017
380350506,493,533,1026
380350507,569,620,1189
380350508,329,371,700
380350509,267,270,537
380350510,624,563,1187
380350511,257,345,602
380350512,224,259,483
380350513,384,435,819
380350514,513,573,1086
380350515,723,706,1429
380350516,909,932,1841
380350517,304,361,665
380350601,769,809,1578
380350602,681,710,1391
380350603,714,695,1409
380350604,778,794,1572
380350605,542,547,1089
380350606,722,720,1442
380350607,531,543,1074
380350608,491,481,972
380350609,473,423,896
380350610,760,689,1449
380350611,544,567,1111
380350612,624,611,1235
380350613,662,722,1384
380350614,797,812,1609
380350615,648,698,1346
380350616,817,773,1590
380350617,818,854,1672
380350618,712,724,1436
380350619,409,414,823
380420101,100,68,168
380420102,16,12,28
380420103,26,19,45
380420104,306,277,583
380420105,194,208,402
380420201,122,107,229
380420202,95,99,194
380420203,4,1,5
380420204,149,109,258
380420205,516,510,1026
380420206,274,258,532
380420207,258,269,527
380420208,720,764,1484
380420301,211,189,400
380420302,98,98,196
380420401,852,775,1627
380420402,644,651,1295
380420403,628,640,1268
380420404,745,726,1471
380420405,471,560,1031
380420406,416,463,879
380420407,735,739,1474
380420408,634,644,1278
380420409,550,573,1123
380420410,523,592,1115
380420411,600,683,1283
380420412,269,277,546
380420413,495,509,1004
380420414,811,816,1627
380420501,715,737,1452
380420502,604,607,1211
380420503,631,638,1269
380420504,539,529,1068
380420505,599,574,1173
380420506,663,674,1337
380420507,438,495,933
380420508,434,468,902
380420509,617,642,1259
380420510,462,462,924
380420511,447,458,905
380420512,691,743,1434
380420513,491,505,996
380420601,435,501,936
380420602,511,506,1017
380420603,480,534,1014
380420604,568,600,1168
380420605,382,422,804
380420606,343,408,751
380420607,794,808,1602
380420608,476,523,999
380420609,859,865,1724
380420610,777,816,1593
380420611,455,485,940
380420612,422,465,887
380420613,619,616,1235
380490101,36,38,74
380490102,76,105,181
380490103,22,26,48
380490104,40,57,97
380490105,100,121,221
380490106,175,176,351
380490201,68,72,140
380490202,63,38,101
380490301,126,146,272
380490302,155,176,331
380490303,529,143,672
380560101,21,10,31
380560102,307,247,554
380560103,113,88,201
380560104,351,404,755
380560105,319,356,675
380560201,273,236,509
380560202,389,350,739
380560203,93,83,176
380560204,340,373,713
380560301,10,4,14
380560302,10,5,15
380560303,35,24,59
380560304,14,11,25
380630101,30,20,50
380630102,122,144,266
380630103,576,529,1105
380630104,628,559,1187
380630106,637,529,1166
380630107,454,401,855
380630108,97,93,190
380630109,402,356,758
380630110,517,536,1053
380630111,501,461,962
380630112,54,55,109
380630119,871,845,1716
380630124,729,817,1546
380630201,69,57,126
380630202,188,145,333
380630203,288,303,591
380630204,241,205,446
380630205,104,77,181
380630206,666,649,1315
380630207,702,652,1354
380630208,475,491,966
380630209,220,196,416
380630301,278,267,545
380630302,128,99,227
380630303,384,254,638
380630401,667,673,1340
380630402,442,452,894
380630403,427,503,930
380630404,645,708,1353
380630405,671,688,1359
380630406,724,716,1440
380630407,586,658,1244
380630408,374,365,739
380630409,504,528,1032
380630410,476,486,962
380630411,365,407,772
380630412,434,463,897
380630413,720,738,1458
380630414,677,703,1380
380630415,733,824,1557
380630416,329,376,705
380630417,337,365,702
380630418,575,557,1132
380630419,450,471,921
380630420,653,640,1293
380630421,479,545,1024
380630501,645,657,1302
380630502,751,735,1486
380630503,527,552,1079
380630504,333,381,714
380630505,319,408,727
380630506,219,279,498
380630507,368,431,799
380630508,526,587,1113
380630509,562,586,1148
380630510,559,555,1114
380630511,956,912,1868
380630512,376,470,846
380630513,290,314,604
380630514,411,487,898
380630515,571,556,1127
380630516,529,560,1089
380630517,379,405,784
380630518,422,432,854
380630519,393,458,851
380630520,467,455,922
380630601,557,610,1167
380630602,545,561,1106
380630603,2,0,2
380630604,45,29,74
380630605,236,253,489
380630606,128,164,292
380630607,636,705,1341
380630608,0,0,0
380630609,275,283,558
380630610,179,197,376
380630611,415,431,846
380630612,342,368,710
380630613,702,744,1446
380630614,539,561,1100
380630615,607,697,1304
380630616,581,626,1207
380630617,491,527,1018
380630618,442,501,943
380700101,390,315,705
380700102,15,5,20
380700105,693,664,1357
380700106,775,769,1544
380700107,232,242,474
380700201,78,27,105
380700202,286,224,510
380700203,335,252,587
380700204,879,882,1761
380700205,390,392,782
380700206,348,368,716
380700207,233,258,491
380700301,53,7,60
380700302,26,9,35
380700303,25,12,37
380700401,50,31,81
380700402,68,48,116
380700403,610,555,1165
380700404,687,669,1356
380700501,522,509,1031
380700502,191,174,365
380700503,26,4,30
380700504,273,239,512
380700505,113,100,213
380700506,743,712,1455
380700507,616,600,1216
380700508,410,429,839
380700601,53,41,94
380700602,58,15,73
380770101,133,154,287
380770102,77,96,173
380770103,154,151,305
380770201,73,64,137
380770202,174,173,347
380770203,94,98,192
380770204,152,134,286
380770301,235,213,448
380770302,78,85,163
380770303,100,119,219
380770304,109,134,243
380840101,181,163,344
380840102,83,101,184
380840201,175,120,295
380840202,107,118,225
380840301,66,95,161
380840302,293,329,622
380840303,601,513,1114
380840401,82,82,164
380840402,36,12,48
380840403,68,86,154
380840501,23,30,53
380840502,186,241,427
380940101,18,20,38
380940102,295,295,590
380940103,333,348,681
380940104,310,328,638
380940201,44,47,91
380940202,33,29,62
380940203,19,15,34
380940301,38,33,71
380940302,51,59,110
380940401,121,121,242
380940402,498,497,995
380940403,212,215,427
380940404,345,351,696
380940405,614,628,1242
380940406,372,418,790
380940407,344,359,703
380940408,338,352,690
380940501,359,371,730
380940502,82,76,158
380940503,279,282,561
380940504,391,421,812
380940505,305,329,634
380940506,329,315,644
380940507,258,272,530
380940601,34,27,61
380940602,40,23,63
380940603,33,23,56
380980101,141,155,296
380980102,33,50,83
380980201,17,19,36
380980202,29,24,53
380980203,243,229,472
380980204,334,315,649
380980205,134,108,242
380980301,80,61,141
380980302,36,40,76
380980303,50,30,80
380980401,63,58,121
380980402,146,127,273
380980403,123,134,257
380980404,195,233,428
380980405,532,589,1121
380980501,117,125,242
380980502,33,55,88
381050101,13,13,26
381050102,119,138,257
381050103,200,216,416
381050201,31,19,50
381050202,142,116,258
381050203,12,7,19
381050204,129,134,263
381050205,275,263,538
381050301,92,77,169
381050302,44,30,74
381050303,33,22,55
381050401,35,34,69
381050402,129,128,257
381120101,155,166,321
381120102,376,460,836
381120103,440,492,932
381120104,521,592,1113
381120105,344,421,765
381120106,422,462,884
381120107,424,495,919
381120108,491,575,1066
381120109,485,583,1068
381120110,603,623,1226
381120111,500,566,1066
381120112,458,509,967
381120113,553,583,1136
381120114,327,365,692
381120115,404,508,912
381120116,350,404,754
381120117,542,582,1124
381120201,77,109,186
381120202,246,256,502
381120203,81,81,162
381120204,82,96,178
381120205,536,573,1109
381120206,83,104,187
381120301,51,54,105
381120302,225,255,480
381120303,155,202,357
381120304,121,90,211
381120401,24,25,49
381120402,74,86,160
381120501,85,102,187
381120502,194,208,402
381120503,87,94,181
381120601,44,63,107
381120602,68,89,157
381120603,38,34,72
381120604,108,125,233
420070101,296,313,609
420070102,218,198,416
420070103,15,4,19
420070104,32,10,42
420070105,10,4,14
420070106,17,8,25
420070107,10,8,18
420070108,39,29,68
420070109,24,18,42
420070110,273,288,561
420070201,204,201,405
420070202,202,206,408
420070203,37,23,60
420070204,59,47,106
420070205,11,5,16
420070206,13,9,22
420070207,333,347,680
420070208,259,282,541
420070301,153,154,307
420070302,34,20,54
420070303,8,2,10
420070401,372,359,731
420070402,327,311,638
420070403,190,215,405
420070404,213,234,447
420070405,229,255,484
420070406,351,338,689
420070407,25,15,40
420070408,14,5,19
420070409,430,433,863
420070410,6,4,10
420070411,12,11,23
420070412,0,0,0
420070413,293,308,601
420070501,209,195,404
420070502,9,6,15
420070503,3,3,6
420070504,10,9,19
420070505,19,20,39
420070506,9,4,13
420070507,6,4,10
420070508,142,132,274
420140101,21,9,30
420140102,22,11,33
420140103,32,19,51
420140201,334,351,685
420140202,39,29,68
420140203,56,25,81
420140204,0,0,0
420140205,66,39,105
420140206,8,7,15
420140207,2,4,6
420140208,0,0,0
420140209,13,7,20
420140210,329,355,684
420140211,266,269,535
420210101,72,38,110
420210102,16,8,24
420210103,30,20,50
420210104,12,9,21
420210105,214,226,440
420210106,54,46,100
420210107,35,36,71
420210108,35,13,48
420210109,13,6,19
420210110,60,48,108
420210111,463,531,994
420210112,624,676,1300
420210113,554,600,1154
420210114,256,267,523
420210115,0,0,0
420210116,0,0,0
420210117,244,229,473
420210118,355,299,654
420210201,204,188,392
420210202,32,22,54
420210203,4,3,7
420210204,21,22,43
420210205,31,24,55
420210206,31,26,57
420210207,20,15,35
420210208,21,11,32
420210209,380,403,783
420210210,257,273,530
420210301,500,571,1071
420210302,559,558,1117
420210303,449,420,869
420210304,453,451,904
420210305,443,403,846
420210306,647,636,1283
420210307,468,487,955
420210308,455,456,911
420210309,377,364,741
420210310,438,426,864
420210311,670,758,1428
420210312,660,716,1376
420210401,363,394,757
420210402,359,344,703
420210403,291,338,629
420210404,359,380,739
420210405,295,331,626
420210406,345,398,743
420210407,443,506,949
420210408,358,375,733
420210409,397,24,421
420210410,156,189,345
420210411,170,197,367
420210412,179,231,410
420210413,268,321,589
420210414,348,399,747
420210415,236,294,530
420210416,209,250,459
420210417,268,271,539
420210418,293,296,589
420210419,279,304,583
420210420,431,418,849
420210421,267,267,534
420210501,435,483,918
420210502,653,658,1311
420210503,563,588,1151
420210504,343,358,701
420210505,497,491,988
420210506,488,533,1021
420210507,458,504,962
420210508,27,10,37
420210509,274,295,569
420210510,473,463,936
420210511,484,456,940
420210512,612,613,1225
420210513,387,390,777
420210514,285,295,580
420210515,377,439,816
420210516,518,556,1074
420210601,351,341,692
420210602,335,357,692
420210603,375,421,796
420210604,316,421,737
420210605,188,217,405
420210606,151,184,335
420210607,222,304,526
420210608,141,180,321
420210609,103,179,282
420210610,10,64,74
420210611,165,255,420
420210612,160,213,373
420210613,245,319,564
420210614,279,355,634
420210615,131,204,335
420210616,145,213,358
420210701,190,242,432
420210702,169,198,367
420210703,234,322,556
420210704,229,308,537
420210705,310,425,735
420210706,162,260,422
420210707,248,338,586
420210708,331,334,665
420210709,222,257,479
420210710,246,241,487
420210711,214,222,436
420210712,301,336,637
420210713,300,378,678
420210714,339,389,728
420210715,422,430,852
420210716,244,254,498
420210717,237,289,526
420210718,260,278,538
420210719,459,480,939
420210720,465,448,913
420210721,483,471,954
420210722,508,501,1009
420210723,416,402,818
420210724,304,283,587
420210725,208,211,419
420210801,161,215,376
420210802,174,226,400
420210803,127,207,334
420210804,233,306,539
420210805,276,339,615
420210806,276,335,611
420210807,295,302,597
420210808,384,444,828
420210809,308,329,637
420210810,403,436,839
420210811,233,252,485
420210812,223,241,464
420210813,189,230,419
420210814,278,341,619
420210815,426,389,815
420210816,463,465,928
420210817,344,362,706
420210818,345,379,724
420210819,360,394,754
420210820,357,394,751
420210821,483,560,1043
420210822,293,336,629
420210823,222,237,459
420210824,296,291,587
420210901,87,144,231
420210902,327,381,708
420210903,372,470,842
420210904,411,449,860
420210905,633,654,1287
420210906,381,262,643
420210907,451,482,933
420210908,540,599,1139
420210909,240,248,488
420210910,242,270,512
420210911,316,326,642
420210912,607,608,1215
420210913,354,332,686
420210914,224,269,493
420210915,292,350,642
420210916,555,586,1141
420210917,389,387,776
420211001,599,633,1232
420211002,616,624,1240
420211003,367,367,734
420211004,471,549,1020
420211005,497,557,1054
420211006,492,512,1004
420280101,241,250,491
420280102,25,21,46
420280103,79,41,120
420280104,38,23,61
420280105,241,232,473
420280201,458,483,941
420280202,172,137,309
420280203,238,252,490
420280301,431,433,864
420280302,325,333,658
420280303,625,611,1236
420280304,394,387,781
420280305,336,329,665
420280401,62,31,93
420280402,41,24,65
420350101,123,96,219
420350102,3,1,4
420350103,8,8,16
420350104,26,9,35
420350105,29,18,47
420350106,10,10,20
420350201,236,228,464
420350202,138,73,211
420350301,4,3,7
420350302,18,8,26
420350303,11,9,20
420350304,6,1,7
420350305,9,4,13
420350306,323,305,628
420350307,13,8,21
420350308,36,24,60
420350309,229,250,479
420350310,522,556,1078
420350401,302,261,563
420350402,270,260,530
420350403,343,380,723
420350404,269,333,602
420350405,326,348,674
420350406,206,204,410
420350407,237,246,483
420350408,183,238,421
420350409,235,280,515
420350410,202,200,402
420350411,201,202,403
420350412,323,352,675
420350413,337,343,680
420350501,97,103,200
420350502,40,29,69
420350503,24,11,35
420350504,26,16,42
420350505,133,137,270
420350601,311,315,626
420350602,264,266,530
420350603,21,9,30
420350604,22,24,46
420350605,38,26,64
420350606,31,19,50
420350607,19,17,36
420350608,86,71,157
420350609,322,322,644
420350610,205,217,422
420350701,138,153,291
420350702,11,8,19
420350703,11,7,18
420350704,26,20,46
420350705,26,20,46
420420101,4,0,4
420420102,1,0,1
420420103,3,1,4
420420104,2,0,2
420420105,0,0,0
420420106,5,3,8
420420107,10,2,12
420420201,208,212,420
420420202,79,37,116
420420301,235,178,413
420420302,18,5,23
420420303,5,0,5
420420304,0,0,0
420420305,2,1,3
420420306,10,8,18
420420307,3,1,4
420420308,5,2,7
420490101,283,282,565
420490102,415,475,890
420490103,242,213,455
420490104,16,3,19
420490105,94,64,158
420490106,87,24,111
420490107,236,213,449
420490108,169,169,338
420560101,324,352,676
420560102,60,28,88
420560201,98,106,204
420560202,24,17,41
420560301,169,178,347
420560302,84,45,129
420560303,445,435,880
420560304,143,129,272
420560401,165,158,323
420560402,67,38,105
420560501,329,362,691
420560502,332,399,731
420560503,254,288,542
420560504,230,249,479
420560505,41,25,66
420560506,189,154,343
420560507,36,22,58
420560508,21,8,29
420560509,23,26,49
420560510,44,28,72
420560511,360,406,766
420560512,225,198,423
420560513,225,242,467
420560514,268,255,523
420560515,541,533,1074
420560516,445,486,931
420560517,313,256,569
420560601,358,330,688
420560602,34,20,54
420630101,168,161,329
420630102,206,217,423
420630103,195,165,360
420630104,0,1,1
420630105,7,6,13
420630106,63,49,112
420630107,155,109,264
420700101,219,222,441
420700102,8,1,9
420700103,144,100,244
420700104,171,190,361
420700105,244,273,517
420700106,202,238,440
420700201,501,434,935
420700202,81,46,127
420700203,2,2,4
420700301,20,19,39
420700302,44,16,60
420700401,235,231,466
420700402,88,63,151
420700501,460,432,892
420700502,311,344,655
420700503,246,270,516
420700504,600,547,1147
420700505,204,196,400
420700506,39,54,93
420700507,379,405,784
420700508,259,291,550
420770101,163,149,312
420770102,3,0,3
420770103,12,5,17
420770104,8,5,13
420770105,12,12,24
420770106,8,5,13
420770107,30,11,41
420770108,67,32,99
420770201,267,264,531
420770202,251,239,490
420770203,193,185,378
420770204,24,15,39
420770205,12,8,20
420770206,28,22,50
420770207,29,15,44
420770208,18,12,30
420770209,6,3,9
420770210,198,205,403
420770211,189,195,384
420770212,195,195,390
420770301,287,310,597
420770302,207,193,400
420770303,9,5,14
420770304,32,31,63
420770305,33,16,49
420770306,117,120,237
420770307,180,163,343
420770401,386,397,783
420770402,291,310,601
420770403,8,6,14
420770404,19,7,26
420770405,6,3,9
420770406,23,21,44
420770407,5,2,7
420770408,7,6,13
420770409,280,286,566
420770410,232,252,484
420840101,104,104,208
420840102,53,22,75
420840201,19,5,24
420840202,35,16,51
420840203,19,5,24
420840204,0,0,0
420840205,3,0,3
420840206,32,14,46
420840207,5,3,8
420910101,41,34,75
420910102,69,36,105
420910103,43,12,55
420910104,29,18,47
420910105,114,107,221
420980101,310,304,614
420980102,225,216,441
420980103,287,314,601
420980104,247,285,532
420980105,255,278,533
420980106,181,170,351
420980107,221,231,452
420980108,208,210,418
420980109,265,321,586
420980110,294,274,568
420980111,297,310,607
420980112,60,51,111
420980113,48,29,77
420980114,25,15,40
420980201,343,346,689
420980202,33,28,61
420980301,311,319,630
420980302,147,63,210
420980303,293,317,610
420980401,161,140,301
420980402,131,56,187
421050101,185,182,367
421050102,4,2,6
421050103,49,30,79
421050201,27,19,46
421050202,40,27,67
421050203,81,52,133
421050204,45,10,55
421050205,13,7,20
421050206,360,290,650
421050207,265,264,529
421050301,389,420,809
421050302,257,267,524
421050303,344,295,639
421050304,271,285,556
421050305,279,280,559
421050306,191,243,434
421050307,171,178,349
421050308,207,275,482
421050309,216,259,475
421050310,247,227,474
421050311,287,295,582
421050312,258,267,525
421050313,191,251,442
421050314,139,213,352
421050401,469,501,970
421050402,612,619,1231
421050403,556,573,1129
421050404,678,681,1359
421050405,444,457,901
421050406,569,588,1157
421050407,57,67,124
421050408,279,303,582
421050409,270,324,594
421050410,192,253,445
421050411,251,258,509
421050412,244,263,507
421050413,229,245,474
421050414,256,293,549
421050415,211,260,471
421050416,161,196,357
421050417,175,237,412
421050418,202,230,432
421050419,336,276,612
421050501,187,190,377
421050502,16,5,21
421050503,94,59,153
421050504,27,18,45
421050601,151,133,284
421050602,55,40,95
421050701,425,420,845
421050702,273,276,549
421050703,366,361,727
421050704,263,316,579
421050705,382,433,815
421050706,481,498,979
421050707,163,160,323
421050708,401,394,795
421050709,411,412,823
421050710,290,328,618
421050711,343,358,701
421050712,439,473,912
421050713,475,477,952
421050714,457,459,916
421050715,379,370,749
421050716,335,342,677
421050717,464,488,952
421050718,424,459,883
421050801,805,870,1675
421050802,305,332,637
421050803,401,467,868
421050804,666,691,1357
421050805,530,532,1062
421050806,545,551,1096
421050807,642,673,1315
421050808,341,313,654
421050901,455,434,889
421050902,230,235,465
421050903,235,265,500
421050904,474,552,1026
421050905,493,522,1015
421050906,446,507,953
421051001,460,466,926
421051002,449,466,915
421051003,366,362,728
421051004,293,323,616
421051005,434,452,886
421051006,267,289,556
421051007,346,359,705
421051008,279,292,571
421051009,214,229,443
421051010,288,275,563
421051011,352,427,779
421051012,555,530,1085
421120101,178,179,357
421120102,250,205,455
421120201,31,13,44
421120301,396,352,748
421120302,269,286,555
421120303,413,391,804
421120304,93,92,185
421120305,509,480,989
421120306,647,652,1299
421120307,386,390,776
421120308,611,592,1203
421120309,379,367,746
421120310,100,54,154
421120311,22,15,37
421120312,503,416,919
421120313,25,4,29
421120314,21,2,23
421120315,42,27,69
421120316,20,10,30
421120317,1,0,1
421120318,4,4,8
421120319,6,2,8
421120320,6,2,8
421120321,9,2,11
421120322,6,4,10
421190101,278,268,546
421190102,4,4,8
421190103,17,10,27
421190104,23,20,43
421190201,173,170,343
421190202,191,170,361
421190203,352,375,727
421190204,376,356,732
421190205,31,31,62
421190206,25,20,45
421190207,8,4,12
421190208,16,15,31
421190209,22,12,34
421190210,14,9,23
421190211,268,264,532
421190212,495,524,1019
421190301,319,367,686
421190302,329,384,713
421190303,19,13,32
421190304,4,2,6
421190305,20,15,35
421190306,23,19,42
421190307,35,28,63
421190308,39,23,62
421190309,2,0,2
421190310,4,5,9
421190311,361,380,741
421190312,329,335,664
421190401,423,380,803
421190402,64,56,120
421190403,36,39,75
421190404,20,16,36
421190405,20,9,29
421260101,352,380,732
421260102,326,361,687
421260103,347,368,715
421260104,13,13,26
421260105,32,26,58
421260106,13,7,20
421260107,40,26,66
421260108,68,52,120
421260109,28,22,50
421260110,37,13,50
421260111,353,351,704
421260112,215,228,443
421260201,431,421,852
421260202,237,242,479
421260203,192,200,392
421260204,10,9,19
421260205,187,179,366
421260206,10,7,17
421260207,145,144,289
421260208,197,213,410
421260301,13,14,27
421260302,57,36,93
421260303,13,7,20
421260304,9,3,12
421260401,277,244,521
421260402,21,31,52
421260403,20,10,30
421260404,19,8,27
421260405,64,40,104
421260406,23,14,37
421260407,289,316,605
421260501,223,225,448
421260502,110,118,228
421260503,46,31,77
421260504,19,7,26
421260505,16,4,20
421260506,145,116,261
421260507,6,4,10
421260508,6,3,9
421260509,231,249,480
421260510,353,366,719
421260511,177,190,367
421330101,148,152,300
421330102,10,7,17
421330103,21,10,31
421330201,406,419,825
421330202,161,214,375
421330203,332,349,681
421330204,240,251,491
421330205,283,345,628
421330206,39,19,58
421330207,659,637,1296
421330208,0,0,0
421330209,2,0,2
421330210,1,0,1
421330211,317,310,627
421330212,204,207,411
421330213,190,193,383
421330214,244,268,512
421330215,282,294,576
421330216,380,345,725
421330301,140,132,272
421330302,22,15,37
421330401,84,93,177
421330402,28,22,50
421330403,21,15,36
421330501,250,267,517
421330502,219,244,463
421330503,279,279,558
421330504,267,264,531
421330505,307,273,580
421330506,11,3,14
421330507,35,28,63
421330508,381,447,828
421330509,249,220,469
421330510,335,378,713
421330601,301,301,602
421330602,321,314,635
421330603,7,5,12
421330604,93,73,166
421330605,13,3,16
421330701,358,327,685
421330702,299,291,590
421330703,37,33,70
421330704,67,61,128
421330705,17,15,32
421330706,13,7,20
421330707,18,6,24
421400101,18,8,26
421400102,46,15,61
421400103,20,7,27
421400104,2,0,2
421400201,313,330,643
421400202,370,356,726
421400203,313,354,667
421400204,407,456,863
421400205,275,271,546
421400206,332,360,692
421400207,358,343,701
421400208,251,245,496
421400209,313,343,656
421400210,311,374,685
421400211,569,548,1117
421400212,295,330,625
421400213,109,102,211
421400214,195,117,312
421400215,219,195,414
421400216,247,209,456
421400217,231,251,482
421400218,214,205,419
421400219,233,188,421
421400220,118,46,164
421400221,40,34,74
421400222,315,301,616
421400223,78,70,148
421400301,2,1,3
421400302,95,52,147
421400303,6,3,9
421470101,223,206,429
421470102,5,1,6
421470103,3,2,5
421470104,21,13,34
421470105,8,5,13
421470106,18,22,40
421470107,21,17,38
421470108,29,21,50
421470109,283,314,597
421470201,413,396,809
421470202,217,213,430
421470203,29,22,51
421470204,2,2,4
421470205,11,6,17
421470206,20,8,28
421470207,8,6,14
421470208,10,3,13
421470209,30,20,50
421470210,50,45,95
421470211,15,7,22
421470212,8,9,17
421470213,5,2,7
421470214,350,347,697
421470215,443,440,883
421470216,273,295,568
421470301,263,220,483
421470302,15,11,26
421540101,125,101,226
421540102,56,38,94
421540103,67,12,79
421540201,222,200,422
421540202,119,55,174
421540301,330,377,707
421540302,76,42,118
421540401,58,28,86
421540402,54,39,93
421540403,75,66,141
421540404,54,15,69
421540501,143,153,296
421540502,338,347,685
421540503,303,312,615
421540504,306,318,624
421540505,358,372,730
421540506,210,273,483
421540507,270,296,566
421540508,315,345,660
421540509,369,417,786
421540510,245,284,529
421540511,298,320,618
421540512,521,502,1023
421540513,524,581,1105
421540514,331,351,682
421540515,370,411,781
421540516,466,486,952
421540517,464,561,1025
421540601,158,131,289
421540602,21,7,28
421540701,37,32,69
421540702,52,32,84
460070101,612,582,1194
460070102,432,469,901
460070103,680,664,1344
460070104,631,653,1284
460070105,524,595,1119
460070106,178,165,343
460070107,493,468,961
460070108,638,637,1275
460070109,441,411,852
460070110,364,358,722
460070111,734,739,1473
460070112,819,814,1633
460070201,564,526,1090
460070202,202,205,407
460070203,18,17,35
460070204,401,384,785
460140101,339,280,619
460140102,50,33,83
460140103,852,795,1647
460140104,342,365,707
460140105,480,488,968
460140106,715,692,1407
460140107,836,780,1616
460140108,467,426,893
460140109,1008,975,1983
460140110,1082,1061,2143
460140111,615,651,1266
460140201,47,28,75
460140202,165,159,324
460140301,79,49,128
460140302,179,133,312
460140401,521,513,1034
460140402,429,500,929
460140403,383,441,824
460140404,666,726,1392
460140405,496,513,1009
460140406,565,559,1124
460140407,443,496,939
460140408,570,661,1231
460140409,483,555,1038
460140410,321,399,720
460140411,789,801,1590
460140412,493,516,1009
460140413,625,656,1281
460140414,382,412,794
460140415,397,425,822
460140416,483,491,974
460140417,391,445,836
460140418,372,401,773
460140501,399,431,830
460140502,435,481,916
460140503,487,514,1001
460140504,852,916,1768
460140505,645,628,1273
460140506,463,457,920
460140507,819,835,1654
460140508,827,904,1731
460140509,793,876,1669
460140510,683,698,1381
460140511,599,585,1184
460140512,634,638,1272
460140513,682,681,1363
460140514,742,762,1504
460140515,786,796,1582
460140516,758,791,1549
460140517,815,812,1627
460140518,673,699,1372
460140519,527,522,1049
460140601,593,706,1299
460140602,405,446,851
460140603,264,294,558
460140604,376,451,827
460140605,355,417,772
460140606,317,402,719
460140607,323,394,717
460140608,282,331,613
460140609,313,360,673
460140610,385,497,882
460140611,395,472,867
460140701,196,180,376
460140702,973,980,1953
460140703,878,848,1726
460140704,741,745,1486
460140705,784,801,1585
460140706,569,621,1190
460140707,520,557,1077
460140708,652,691,1343
460140709,539,519,1058
460140710,580,642,1222
460140711,508,510,1018
460140712,671,673,1344
460140713,813,799,1612
460140714,837,855,1692
460140715,559,575,1134
460140716,466,433,899
460140717,192,198,390
460140718,331,313,644
460140801,543,600,1143
460140802,501,547,1048
460140803,620,704,1324
460140804,568,628,1196
460140805,504,552,1056
460140806,741,725,1466
460140807,723,790,1513
460140808,438,445,883
460140809,645,693,1338
460140810,663,800,1463
460140811,719,779,1498
460140812,566,575,1141
460140813,399,472,871
460140814,724,769,1493
460140901,648,605,1253
460140902,421,492,913
460140903,364,375,739
460140904,392,458,850
460140905,379,424,803
460140906,806,842,1648
460140907,620,746,1366
460140908,684,765,1449
460140909,664,679,1343
460140910,1045,1174,2219
460140911,98,64,162
460140912,711,703,1414
460140913,429,462,891
460140914,706,880,1586
460140915,896,857,1753
460140916,708,719,1427
460140917,885,994,1879
460140918,687,758,1445
460140919,762,799,1561
460140920,648,674,1322
460140921,579,565,1144
460140922,649,678,1327
460141001,564,612,1176
460141002,335,301,636
460141003,515,530,1045
460141004,440,403,843
460141005,899,947,1846
460141006,864,863,1727
460141007,434,460,894
460141008,690,754,1444
460141009,443,440,883
460141010,486,545,1031
460141011,510,508,1018
460141012,1265,1343,2608
460141013,890,871,1761
460141014,772,793,1565
460141015,480,529,1009
460141016,688,740,1428
460141017,1581,1321,2902
460141018,542,549,1091
460141101,820,789,1609
460141102,710,779,1489
460141103,468,462,930
460141104,727,744,1471
460141105,1001,1039,2040
460141106,712,712,1424
460141107,500,557,1057
460141108,720,747,1467
460141109,630,735,1365
460141110,971,945,1916
460141111,740,815,1555
460141112,551,642,1193
460141113,552,577,1129
460141114,687,676,1363
460141115,739,752,1491
460210101,435,398,833
460210102,602,617,1219
460210103,118,126,244
460210104,209,209,418
460210105,224,200,424
460210106,179,175,354
460210201,199,191,390
460210202,193,193,386
460280101,245,271,516
460280102,516,526,1042
460280103,489,524,1013
460280104,256,256,512
460280105,445,416,861
460280106,291,282,573
460280107,380,377,757
460280108,342,357,699
460280109,279,262,541
460280201,187,176,363
460280202,690,656,1346
460280203,343,295,638
460280204,414,373,787
460350101,593,642,1235
460350102,405,436,841
460350103,920,978,1898
460350104,1018,1007,2025
460350105,345,357,702
460350106,552,568,1120
460350107,580,600,1180
460350108,838,859,1697
460350109,681,690,1371
460350201,708,660,1368
460350202,309,249,558
460350203,87,78,165
460420101,942,949,1891
460420102,340,332,672
460420103,425,461,886
460420104,399,432,831
460420105,257,333,590
460420106,652,756,1408
460420107,391,402,793
460420108,498,504,1002
460420109,699,785,1484
460420110,778,828,1606
460420111,494,567,1061
460420112,683,713,1396
460420113,1308,1396,2704
460420114,592,670,1262
460420115,510,563,1073
460420116,725,708,1433
460420117,500,491,991
460420118,672,716,1388
460420119,402,405,807
460420120,1083,1134,2217
460420121,625,635,1260
460420122,551,615,1166
460420123,627,700,1327
460420201,825,843,1668
460420202,968,820,1788
460420203,416,439,855
460420204,745,731,1476
460420205,409,402,811
460420206,405,324,729
460420301,1153,1102,2255
460420302,1195,1179,2374
460420303,421,452,873
460420304,478,454,932
460420305,395,310,705
460420306,1139,1169,2308
460420401,728,639,1367
460420402,833,806,1639
460420403,249,155,404
460490101,725,678,1403
460490102,526,537,1063
460490103,331,286,617
460490104,56,48,104
460490201,422,427,849
460490202,451,441,892
460490203,112,109,221
460490204,238,204,442
460490205,128,144,272
460560101,590,574,1164
460560102,508,433,941
460560103,188,124,312
460560104,339,317,656
460630101,499,544,1043
460630102,730,796,1526
460630103,556,578,1134
460630104,412,432,844
460630105,374,357,731
460630106,459,355,814
460630201,456,447,903
460630202,37,35,72
460630203,163,140,303
460700101,682,653,1335
460700102,540,465,1005
460700103,226,170,396
460700201,513,504,1017
460700202,46,38,84
460700203,150,121,271
460770101,402,399,801
460770102,7,4,11
460770103,17,9,26
460770104,439,457,896
460840101,410,442,852
460840102,397,315,712
460840103,457,383,840
460840104,432,411,843
460840201,440,428,868
460840202,355,359,714
460840203,122,81,203
460840204,123,78,201
460840205,351,372,723
460840206,578,611,1189
460910101,119,72,191
460910102,241,244,485
460910201,685,758,1443
460910202,298,260,558
460910203,277,228,505
460910204,876,886,1762
460980101,725,665,1390
460980102,514,497,1011
460980103,24,15,39
460980104,126,104,230
460980105,42,19,61
461050101,480,466,946
461050102,404,458,862
461050103,252,208,460
461050104,99,60,159
461120101,697,713,1410
461120102,575,540,1115
461120103,472,526,998
461120104,681,701,1382
461120105,467,503,970
461120106,653,663,1316
461120107,481,516,997
461120108,700,730,1430
461120109,656,765,1421
461120201,363,370,733
461120202,551,479,1030
461120203,84,69,153
461120301,339,275,614
461120302,271,214,485
461190101,334,313,647
461190102,555,572,1127
461190103,592,648,1240
461190104,209,230,439
461190201,244,230,474
461260101,605,625,1230
461260102,44,26,70
461260103,528,517,1045
500070101,436,511,947
500070102,428,454,882
500070103,290,413,703
500070104,195,324,519
500070105,233,338,571
500070106,303,361,664
500070107,313,391,704
500070108,293,375,668
500070109,284,350,634
500070110,146,176,322
500070111,151,198,349
500070112,175,216,391
500070113,163,232,395
500070114,182,229,411
500070115,168,243,411
500070116,220,246,466
500070117,192,235,427
500070201,515,550,1065
500070202,363,400,763
500070203,505,618,1123
500070204,412,464,876
500070205,363,415,778
500070206,494,559,1053
500070207,372,413,785
500070208,274,311,585
500070209,405,401,806
500070210,330,424,754
500070211,430,533,963
500070212,222,248,470
500070213,394,414,808
500070214,367,383,750
500070215,232,285,517
500070301,346,411,757
500070302,412,429,841
500070303,354,389,743
500070304,299,338,637
500070305,129,137,266
500070306,125,180,305
500070307,79,139,218
500070308,129,153,282
500070309,125,171,296
500070310,216,242,458
500070311,347,352,699
500070312,198,204,402
500070313,294,291,585
500070314,128,182,310
500070315,170,257,427
500070316,175,206,381
500070317,64,99,163
500070401,405,476,881
500070402,153,245,398
500070403,96,134,230
500070404,131,208,339
500070405,119,149,268
500070406,47,68,115
500070407,108,208,316
500070408,102,177,279
500070409,156,236,392
500070410,102,159,261
500070411,123,192,315
500070412,326,384,710
500070501,329,336,665
500070502,319,353,672
500070503,318,421,739
500070504,153,199,352
500070505,246,265,511
500070506,361,409,770
500070507,177,222,399
500070508,333,401,734
500070509,357,405,762
500070510,335,432,767
500070511,222,326,548
500070512,147,172,319
500070601,283,329,612
500070602,274,307,581
500070603,309,382,691
500070604,272,348,620
500070605,235,269,504
500070606,607,648,1255
500070607,384,410,794
500070608,414,535,949
500070609,238,260,498
500070610,418,428,846
500070611,159,199,358
500070701,317,326,643
500070702,454,564,1018
500070703,311,403,714
500070704,318,351,669
500070705,283,373,656
500070706,371,413,784
500070707,303,363,666
500070708,231,254,485
500070709,203,249,452
500070710,396,435,831
500070711,417,507,924
500070801,278,284,562
500070802,225,296,521
500070803,434,586,1020
500070804,113,164,277
500070805,233,239,472
500070806,254,317,571
500070807,225,369,594
500070808,167,234,401
500070809,244,284,528
500070810,280,351,631
500070811,138,171,309
500070901,262,317,579
500070902,252,312,564
500070903,247,320,567
500070904,303,397,700
500070905,334,363,697
500070906,326,346,672
500070907,292,355,647
500070908,340,341,681
500070909,128,136,264
500070910,311,345,656
500070911,291,292,583
500070912,160,180,340
500071001,592,587,1179
500071002,354,387,741
500071003,443,478,921
500071004,787,800,1587
500071005,610,634,1244
500071006,775,839,1614
500071007,279,333,612
500071008,574,600,1174
500071009,611,648,1259
500071010,646,730,1376
500071011,371,374,745
500071012,234,349,583
500071013,9,3,12
500071014,502,555,1057
500071015,319,325,644
500071016,242,234,476
500071017,493,523,1016
500071018,1373,0,1373
500071019,562,628,1190
500071020,443,405,848
500071021,492,534,1026
500071022,267,250,517
500071101,303,340,643
500071102,413,465,878
500071103,332,432,764
500071104,370,426,796
500071105,372,453,825
500071106,458,561,1019
500071107,366,404,770
500071108,454,531,985
500071109,315,361,676
500071110,394,459,853
500071111,250,325,575
500071112,235,275,510
500071113,220,280,500
500071201,138,202,340
500071202,108,116,224
500071203,135,214,349
500071204,115,144,259
500071205,149,165,314
500071206,193,233,426
500071207,114,176,290
500071208,148,253,401
500071209,197,282,479
500071210,234,307,541
500071301,770,760,1530
500071302,568,556,1124
500071303,661,653,1314
500071304,589,626,1215
500071305,348,400,748
500071306,498,541,1039
500071307,672,664,1336
500071308,577,571,1148
500071309,662,703,1365
500071310,4,1,5
500071311,79,69,148
500140101,180,124,304
500140201,87,43,130
500140301,68,54,122
500140302,187,155,342
500140303,140,110,250
500140304,447,494,941
500140305,125,81,206
500140401,344,293,637
500140402,187,177,364
500140403,12,8,20
500140404,453,483,936
500140405,594,496,1090
500140406,540,540,1080
500140407,21,16,37
500140408,536,571,1107
500140409,503,555,1058
500140410,473,512,985
500140411,342,292,634
500140412,247,228,475
500140501,558,552,1110
500140502,424,440,864
500140503,323,306,629
500140504,443,415,858
500140505,368,357,725
500140506,348,312,660
500140601,581,598,1179
500140602,398,427,825
500140603,307,359,666
500140604,340,452,792
500140605,277,347,624
500140606,328,401,729
500140607,362,390,752
500140608,237,282,519
500140609,480,521,1001
500140610,329,381,710
500140611,534,615,1149
500140612,522,576,1098
500140613,373,441,814
500140614,281,315,596
500140615,753,789,1542
500140616,531,577,1108
500140617,399,381,780
500140701,782,811,1593
500140702,597,613,1210
500140703,792,806,1598
500140704,245,260,505
500140705,583,654,1237
500140706,348,396,744
500140707,421,482,903
500140708,512,599,1111
500140709,456,490,946
500140710,421,562,983
500140711,349,427,776
500140712,285,373,658
500140713,313,338,651
500140714,408,431,839
500140715,501,518,1019
500140716,555,653,1208
500210101,305,344,649
500210102,382,462,844
500210103,195,229,424
500210104,429,517,946
500210105,404,512,916
500210106,564,576,1140
500210107,1433,1354,2787
500210108,529,556,1085
500210109,414,451,865
500210110,318,395,713
500210111,660,758,1418
500210112,331,370,701
500210113,436,466,902
500210114,368,404,772
500210115,857,777,1634
500210116,630,641,1271
500210117,233,259,492
500210118,285,339,624
500210119,249,220,469
500210201,449,483,932
500210202,391,454,845
500210203,459,451,910
500210204,704,762,1466
500210205,463,543,1006
500210206,444,487,931
500210207,542,565,1107
500210208,345,447,792
500210209,392,462,854
500210210,277,338,615
500210211,311,405,716
500210212,452,541,993
500210213,484,453,937
500210214,363,385,748
500210215,502,552,1054
500210216,662,612,1274
500210217,583,556,1139
500210218,128,128,256
500210219,226,244,470
500210301,383,460,843
500210302,174,244,418
500210303,191,241,432
500210304,429,485,914
500210305,234,247,481
500210306,287,323,610
500210307,234,280,514
500210308,515,583,1098
500210309,471,565,1036
500210310,351,379,730
500210311,408,470,878
500210312,239,279,518
500210313,213,266,479
500210314,261,325,586
500210315,230,254,484
500210316,232,240,472
500210317,275,322,597
500210401,608,601,1209
500210402,377,399,776
500210403,457,523,980
500210404,438,469,907
500210405,244,287,531
500210406,354,382,736
500210407,469,498,967
500210408,508,558,1066
500210409,484,525,1009
500210410,235,314,549
500210411,600,664,1264
500210412,571,593,1164
500210413,374,438,812
500210414,669,742,1411
500210415,340,355,695
500210416,260,302,562
500210417,407,437,844
500210418,569,613,1182
500210419,233,229,462
500210420,305,304,609
500210501,222,257,479
500210502,390,403,793
500210503,464,472,936
500210504,108,104,212
500210505,443,469,912
500210506,380,471,851
500210507,421,481,902
500210508,653,711,1364
500210509,548,613,1161
500210510,395,460,855
500210511,352,397,749
500210512,461,487,948
500210513,357,408,765
500210601,519,634,1153
500210602,371,456,827
500210603,479,467,946
500210604,476,559,1035
500210605,529,625,1154
500210606,525,606,1131
500210607,458,585,1043
500210608,655,723,1378
500210609,315,324,639
500210610,321,350,671
500210611,470,483,953
500210612,485,476,961
500210613,707,779,1486
500210701,357,400,757
500210702,422,510,932
500210703,470,569,1039
500210704,389,408,797
500210705,381,424,805
500210706,487,504,991
500210707,309,344,653
500210708,463,515,978
500210709,484,507,991
500210710,239,268,507
500210801,603,623,1226
500210802,521,544,1065
500210803,653,723,1376
500210804,240,227,467
500210805,402,447,849
500210806,691,708,1399
500210807,754,845,1599
500210808,545,590,1135
500210809,323,387,710
500210810,420,481,901
500210811,690,778,1468
500210812,428,471,899
500210813,294,217,511
500210901,284,305,589
500210902,379,425,804
500210903,241,288,529
500210904,324,384,708
500210905,417,494,911
500210906,388,415,803
500210907,354,420,774
500210908,180,249,429
500210909,398,484,882
500210910,409,481,890
500210911,456,480,936
500210912,340,407,747
500210913,356,406,762
500210914,237,285,522
500210915,265,364,629
500210916,292,351,643
500210917,255,335,590
500211001,372,456,828
500211002,395,526,921
500211003,304,322,626
500211004,399,477,876
500211005,246,279,525
500211006,565,589,1154
500211007,507,621,1128
500211008,375,398,773
500211009,391,480,871
500211010,335,375,710
500211011,233,291,524
500211012,261,270,531
500211101,245,322,567
500211102,53,65,118
500211103,179,227,406
500211104,244,276,520
500211105,171,197,368
500211106,294,373,667
500211107,250,288,538
500211108,203,224,427
500211109,286,401,687
500211110,276,321,597
500211111,266,287,553
500211112,244,298,542
500211201,210,243,453
500211202,459,552,1011
500211203,278,301,579
500211204,372,376,748
500211205,594,622,1216
500211206,519,542,1061
500211207,702,748,1450
500211208,539,512,1051
500211209,445,496,941
500211210,369,401,770
500211211,398,457,855
500211301,291,332,623
500211302,269,276,545
500211303,542,610,1152
500211304,462,511,973
500211305,469,527,996
500211306,295,340,635
500211307,587,639,1226
500211308,380,422,802
500211309,500,561,1061
500211310,385,436,821
500211311,460,548,1008
500211312,447,472,919
500211313,595,638,1233
500211314,409,474,883
500211315,296,357,653
500211401,332,311,643
500211402,432,499,931
500211403,687,686,1373
500211404,447,481,928
500211405,600,650,1250
500211406,617,670,1287
500211407,706,787,1493
500211408,475,509,984
500211409,591,603,1194
500211410,562,583,1145
500211501,530,613,1143
500211502,341,382,723
500211503,231,259,490
500211504,228,290,518
500211505,225,275,500
500211506,230,304,534
500211507,328,433,761
500211508,206,242,448
500211509,210,249,459
500211601,929,916,1845
500211602,800,889,1689
500211603,425,470,895
500211604,771,784,1555
500211605,570,628,1198
500211606,780,857,1637
500211607,675,676,1351
500211608,598,666,1264
500211609,403,425,828
500211610,335,351,686
500280101,240,237,477
500280102,354,457,811
500280103,345,388,733
500280104,254,329,583
500280105,350,405,755
500280106,456,546,1002
500280107,300,366,666
500280108,365,411,776
500280109,287,372,659
500280110,396,470,866
500280111,474,541,1015
500280112,248,285,533
500280201,348,424,772
500280202,379,384,763
500280203,389,464,853
500280204,283,279,562
500280205,447,520,967
500280206,474,546,1020
500280207,322,361,683
500280208,295,348,643
500280209,406,480,886
500280210,308,372,680
500280211,454,464,918
500280212,424,462,886
500280213,274,285,559
500280214,298,317,615
500280301,699,677,1376
500280302,636,703,1339
500280303,521,516,1037
500280304,856,840,1696
500280305,650,642,1292
500280306,751,740,1491
500280307,606,639,1245
500280308,569,582,1151
500280309,460,492,952
500280310,798,845,1643
500280311,515,582,1097
500280312,582,654,1236
500280313,821,820,1641
500280314,745,779,1524
500280315,893,974,1867
500280316,576,569,1145
500280317,495,525,1020
500280401,380,351,731
500280402,406,420,826
500280403,811,824,1635
500280404,424,414,838
500280405,402,427,829
500280406,490,496,986
500280407,487,533,1020
500280408,587,620,1207
500280409,658,720,1378
500280410,578,557,1135
500280411,687,739,1426
500280412,579,599,1178
500280413,859,869,1728
500280414,710,659,1369
500280415,517,594,1111
500280501,364,362,726
500280502,705,679,1384
500280503,725,686,1411
500280504,503,481,984
500280505,420,364,784
500280506,507,524,1031
500280507,997,961,1958
500280508,1025,997,2022
500280509,661,650,1311
500280510,704,688,1392
500280511,827,816,1643
500280512,303,322,625
500280513,614,650,1264
500280514,638,615,1253
500280515,391,397,788
500280516,985,962,1947
500280517,1090,1133,2223
500280518,319,309,628
500280519,612,550,1162
500280520,381,331,712
500280601,471,487,958
500280602,353,362,715
500280603,353,338,691
500280604,672,725,1397
500280605,603,578,1181
500280606,894,943,1837
500280607,657,669,1326
500280608,484,542,1026
500280609,223,211,434
500280610,665,677,1342
500280611,458,505,963
500280612,190,199,389
500280613,511,544,1055
500280614,571,616,1187
500280701,381,391,772
500280702,381,372,753
500280703,440,441,881
500280704,575,581,1156
500280705,361,390,751
500280706,561,605,1166
500280707,447,534,981
500280708,426,473,899
500280709,558,628,1186
500280710,329,369,698
500280711,446,404,850
500280712,542,563,1105
500280801,591,727,1318
500280802,256,294,550
500280803,280,318,598
500280804,281,331,612
500280805,430,497,927
500280806,425,461,886
500280807,412,491,903
500280808,483,553,1036
500280809,510,586,1096
500280810,408,427,835
500280811,573,628,1201
500280812,450,514,964
500280813,543,595,1138
500280814,287,310,597
500280815,505,585,1090
500280816,355,380,735
500280817,375,379,754
500280818,233,265,498
500280819,251,246,497
500280820,290,298,588
500280901,528,529,1057
500280902,308,384,692
500280903,374,468,842
500280904,229,292,521
500280905,516,560,1076
500280906,565,668,1233
500280907,233,251,484
500280908,493,596,1089
500280909,384,505,889
500280910,522,552,1074
500280911,213,259,472
500280912,436,454,890
500280913,500,552,1052
500280914,259,298,557
500281001,470,520,990
500281002,411,417,828
500281003,332,364,696
500281004,589,636,1225
500281005,300,321,621
500281006,521,586,1107
500281007,624,660,1284
500281008,603,684,1287
500281009,373,425,798
500281010,510,535,1045
500281101,462,501,963
500281102,505,485,990
500281103,767,815,1582
500281104,824,896,1720
500281105,685,659,1344
500281106,535,587,1122
500281107,705,708,1413
500281108,596,664,1260
500281109,549,615,1164
500281110,642,684,1326
500281111,344,390,734
500281112,460,547,1007
500281113,330,341,671
500281114,461,468,929
500281115,577,617,1194
500281116,389,382,771
500281117,433,510,943
500281118,419,474,893
500281201,780,817,1597
500281202,452,536,988
500281203,519,591,1110
500281204,618,681,1299
500281205,390,486,876
500281206,416,490,906
500281207,362,401,763
500281208,312,315,627
500281209,492,523,1015
500281210,670,689,1359
500281211,482,476,958
500281212,438,471,909
500281213,413,401,814
500281214,439,487,926
500281215,366,409,775
500281216,427,520,947
500281217,422,479,901
500281218,380,461,841
500281219,605,692,1297
500281301,464,498,962
500281302,465,542,1007
500281303,552,625,1177
500281304,476,545,1021
500281305,500,527,1027
500281306,316,367,683
500281307,287,301,588
500281308,455,536,991
500281309,325,366,691
500281310,460,461,921
500281311,336,392,728
500281312,292,321,613
500281401,256,279,535
500281402,269,329,598
500281403,240,308,548
500281404,354,486,840
500281405,411,509,920
500281406,409,468,877
500281407,490,489,979
500281408,465,485,950
500281409,377,461,838
500281410,340,402,742
500281411,289,333,622
500281412,457,539,996
500281413,452,491,943
500281414,326,322,648
500281415,401,392,793
500281501,684,678,1362
500281502,1030,1007,2037
500281503,249,257,506
500281504,566,560,1126
500281505,863,933,1796
500281506,852,802,1654
500281507,647,667,1314
500281508,510,464,974
500281601,378,458,836
500281602,291,338,629
500281603,340,382,722
500281604,424,487,911
500281605,627,617,1244
500281606,278,340,618
500281607,261,295,556
500281608,531,529,1060
500281609,662,701,1363
500281610,420,498,918
500281611,513,577,1090
500281701,387,397,784
500281702,461,513,974
500281703,554,620,1174
500281704,358,423,781
500281705,367,395,762
500281706,629,684,1313
500281707,785,749,1534
500281708,400,434,834
500281709,363,367,730
500281710,516,537,1053
500281711,252,259,511
500281712,1069,1079,2148
500281713,499,450,949
500281714,422,432,854
500281715,513,521,1034
500281716,675,664,1339
500281801,511,521,1032
500281802,542,575,1117
500281803,848,871,1719
500281804,600,624,1224
500281805,732,789,1521
500281806,460,472,932
500281807,778,792,1570
500281808,509,496,1005
500281809,543,585,1128
500281810,484,489,973
500281811,492,442,934
500281812,425,464,889
500281901,796,855,1651
500281902,416,460,876
500281903,380,407,787
500281904,652,671,1323
500281905,1069,1079,2148
500281906,645,675,1320
500281907,411,434,845
500281908,570,624,1194
500281909,649,688,1337
500281910,596,648,1244
500282001,535,603,1138
500282002,386,458,844
500282003,297,346,643
500282004,291,314,605
500282005,376,440,816
500282006,407,468,875
500282007,463,537,1000
500282008,258,332,590
500282009,450,535,985
500282010,309,362,671
500282011,380,414,794
500350101,775,821,1596
500350102,434,415,849
500350103,513,498,1011
500350104,393,395,788
500350105,589,540,1129
500350201,650,679,1329
500350202,602,624,1226
500350203,798,845,1643
500350204,332,389,721
500350205,582,652,1234
500350206,250,290,540
500350207,537,540,1077
500350208,388,396,784
500350209,585,670,1255
500350210,535,596,1131
500350211,443,464,907
500350212,399,453,852
500350213,457,484,941
500350214,612,643,1255
500350215,395,445,840
500350216,762,815,1577
500350217,418,419,837
500350218,499,567,1066
500350301,891,881,1772
500350302,613,640,1253
500350303,616,592,1208
500350401,237,205,442
500350402,284,253,537
500350403,715,697,1412
500350404,289,294,583
500350501,980,1001,1981
500350502,312,264,576
500350503,191,178,369
500350504,747,740,1487
500350505,242,208,450
500350506,189,211,400
500350507,408,393,801
500420101,323,318,641
500420102,138,103,241
500420201,93,64,157
500420301,72,40,112
500420302,41,29,70
500420401,107,108,215
500420402,201,224,425
500420403,226,211,437
500420404,414,428,842
500420405,233,262,495
500420406,828,832,1660
500420407,415,418,833
500420408,489,556,1045
500420409,392,401,793
500420410,345,357,702
500420411,421,414,835
500420412,244,265,509
500490101,11,6,17
500490201,863,764,1627
500490202,132,118,250
500490203,390,380,770
500490204,625,599,1224
500490205,592,661,1253
500490206,658,676,1334
500490207,834,875,1709
500490208,562,560,1122
500490209,647,666,1313
500490210,654,691,1345
500490211,575,588,1163
500490212,696,748,1444
500490213,734,761,1495
500490214,595,573,1168
500490215,637,708,1345
500490216,846,934,1780
500490217,510,509,1019
500490218,580,589,1169
500490219,948,941,1889
500490220,610,629,1239
500490221,852,956,1808
500490301,584,609,1193
500490302,628,578,1206
500490303,653,688,1341
500490304,635,669,1304
500490305,606,615,1221
500490306,766,715,1481
500490307,75,38,113
500490308,574,569,1143
500490309,907,884,1791
500490310,283,347,630
500490311,304,344,648
500490312,410,437,847
500490313,1005,934,1939
500490314,904,818,1722
500490315,695,634,1329
500490316,697,693,1390
500490317,638,659,1297
500490318,457,446,903
500490319,536,509,1045
500490320,565,573,1138
500490321,695,650,1345
500490401,419,474,893
500490402,574,616,1190
500490403,525,589,1114
500490404,477,557,1034
500490405,325,392,717
500490406,314,380,694
500490407,461,521,982
500490408,299,357,656
500490409,624,662,1286
500490410,428,475,903
500490411,516,580,1096
500490412,400,445,845
500490413,241,252,493
500490414,504,555,1059
500490501,9,3,12
500490502,355,329,684
500490503,1023,931,1954
500490504,651,651,1302
500490505,965,944,1909
500490506,252,226,478
500490507,688,689,1377
500490601,138,24,162
500490602,65,63,128
500490603,93,69,162
500490701,464,492,956
500490702,466,486,952
500490703,429,483,912
500490704,732,705,1437
500490705,653,759,1412
500490706,372,390,762
500490707,376,426,802
500490708,387,447,834
500490709,553,527,1080
500490710,248,270,518
500490711,435,500,935
500490712,436,468,904
500490713,406,484,890
500490714,239,281,520
500490715,436,465,901
500490801,512,557,1069
500490802,544,633,1177
500490803,384,441,825
500490804,605,603,1208
500490805,825,790,1615
500490806,550,556,1106
500490807,635,652,1287
500490808,833,815,1648
500490809,685,738,1423
500490810,531,592,1123
500490811,717,739,1456
500490812,832,880,1712
500490813,230,262,492
500490814,491,578,1069
500490815,654,687,1341
500490816,356,407,763
500490817,572,628,1200
500490818,489,494,983
500490819,362,410,772
500490820,401,436,837
500490901,589,618,1207
500490902,400,402,802
500490903,378,386,764
500490904,321,317,638
500490905,532,601,1133
500490906,520,551,1071
500490907,432,477,909
500490908,334,333,667
500490909,481,520,1001
500490910,438,472,910
500490911,593,652,1245
500490912,273,290,563
500490913,453,480,933
500490914,432,503,935
500490915,420,538,958
500490916,553,601,1154
500490917,374,391,765
500490918,323,382,705
500490919,261,280,541
500491001,858,918,1776
500491002,567,651,1218
500491003,367,401,768
500491004,244,299,543
500491005,426,471,897
500491006,323,381,704
500491007,706,721,1427
500491008,344,332,676
500491009,344,392,736
500491010,455,495,950
500491011,378,431,809
500491012,453,564,1017
500491013,349,381,730
500491101,10,12,22
500491102,53,58,111
500491103,704,699,1403
500491104,308,290,598
500491105,264,249,513
500491106,345,378,723
500491107,200,221,421
500491108,301,326,627
500491109,342,326,668
500491110,585,678,1263
500491111,425,478,903
500491112,574,643,1217
500491113,213,237,450
500491114,503,512,1015
500491115,338,372,710
500491116,567,614,1181
500491117,699,779,1478
500491118,406,415,821
500491119,537,530,1067
500491201,369,361,730
500491202,478,492,970
500491203,716,745,1461
500491204,347,322,669
500491205,510,549,1059
500491206,381,446,827
500491207,547,606,1153
500491208,373,390,763
500491209,324,329,653
500491210,394,394,788
500491211,264,327,591
500491212,600,664,1264
500491213,407,450,857
500491214,289,391,680
500491215,621,682,1303
500491216,477,566,1043
500491217,352,381,733
500491301,555,559,1114
500491302,1038,978,2016
500491303,582,640,1222
500491304,641,675,1316
500491305,464,469,933
500491306,488,468,956
500491307,736,810,1546
500491308,736,746,1482
500491309,674,724,1398
500491310,688,717,1405
500491311,670,701,1371
500491312,768,835,1603
500491313,481,510,991
500491314,355,359,714
500491401,483,515,998
500491402,734,781,1515
500491403,455,517,972
500491404,245,298,543
500491405,604,650,1254
500491406,589,655,1244
500491407,503,591,1094
500491408,546,599,1145
500491409,419,463,882
500491410,650,656,1306
500491411,350,318,668
500491412,687,664,1351
500491413,689,724,1413
500491414,377,390,767
500560101,563,479,1042
500560201,532,447,979
500560301,469,390,859
500560401,362,316,678
500560402,425,424,849
500560403,738,710,1448
500560404,853,767,1620
500560405,336,326,662
500560406,523,525,1048
500560407,980,978,1958
500560408,323,338,661
500560409,560,564,1124
500560501,655,619,1274
500560502,260,228,488
500560503,492,481,973
500560504,602,600,1202
500560505,334,316,650
500560506,501,483,984
500560507,590,621,1211
500560601,251,239,490
500560602,523,497,1020
500560603,578,630,1208
500560604,763,785,1548
500560605,708,811,1519
500560606,682,728,1410
500560607,202,241,443
500560608,479,466,945
500560609,720,680,1400
500560610,489,455,944
500560611,640,665,1305
500560612,457,424,881
500560613,496,485,981
500560614,155,149,304
500560615,582,561,1143
500560616,425,406,831
500560701,362,294,656
500630101,476,499,975
500630102,382,417,799
500630103,719,716,1435
500630104,575,607,1182
500630105,332,340,672
500630106,297,308,605
500630107,602,603,1205
500630108,327,318,645
500630109,616,666,1282
500630110,281,294,575
500630111,258,249,507
500630112,248,257,505
500630113,545,575,1120
500630201,369,434,803
500630202,532,553,1085
500630203,437,500,937
500630204,342,425,767
500630205,336,423,759
500630206,237,258,495
500630207,256,321,577
500630208,320,378,698
500630209,289,333,622
500630210,336,357,693
500630211,621,606,1227
500630212,359,388,747
500630213,377,385,762
500630214,297,406,703
500630215,358,426,784
500630216,381,391,772
500630217,84,77,161
500630218,566,606,1172
500630301,661,40,701
500630302,481,443,924
500630303,124,124,248
500630304,264,261,525
500630305,668,635,1303
500630306,641,693,1334
500630307,614,688,1302
500630308,418,421,839
500630309,603,668,1271
500630310,1367,1376,2743
500630311,530,549,1079
500630312,1040,1053,2093
500630401,587,497,1084
500630402,829,798,1627
500630403,617,632,1249
500630404,201,182,383
500630405,637,593,1230
500630406,1195,1119,2314
500630407,541,525,1066
500630408,487,437,924
500630409,681,687,1368
500630410,736,699,1435
500630411,1084,1127,2211
500630501,609,655,1264
500630502,474,453,927
500630503,423,352,775
500630504,464,392,856
500630601,62,77,139
500630602,84,88,172
500630701,14,8,22
500630702,61,43,104
500630703,335,318,653
500630704,105,83,188
500630705,90,85,175
500630706,35,34,69
500630707,102,92,194
500630801,405,427,832
500630802,460,486,946
500630803,462,549,1011
500630804,550,676,1226
500630805,431,510,941
500630806,250,278,528
500630807,375,417,792
500630808,468,524,992
500630809,673,691,1364
500630810,310,340,650
500630811,489,533,1022
500630812,598,600,1198
500630813,425,453,878
500630814,623,670,1293
500630901,521,517,1038
500630902,0,0,0
500630903,372,336,708
500630904,461,509,970
500630905,692,723,1415
500630906,637,753,1390
500630907,884,867,1751
500630908,427,455,882
500630909,537,567,1104
500630910,613,581,1194
500630911,315,337,652
500630912,548,540,1088
500630913,405,440,845
500630914,749,813,1562
500630915,556,634,1190
500631001,405,422,827
500631002,277,313,590
500631003,484,467,951
500631004,335,341,676
500631005,504,535,1039
500631006,473,521,994
500631007,385,372,757
500631008,627,663,1290
500631009,365,350,715
500631010,491,556,1047
500631011,521,553,1074
500631012,317,349,666
500631013,557,618,1175
500631014,297,330,627
500631015,342,347,689
500631016,218,233,451
500631017,694,702,1396
500631101,616,682,1298
500631102,261,276,537
500631103,908,921,1829
500631104,665,628,1293
500631105,759,789,1548
500631106,437,438,875
500631107,278,259,537
500631108,504,547,1051
500631109,487,544,1031
500631110,198,208,406
500631111,285,322,607
500631112,292,288,580
500631113,554,577,1131
500631114,564,602,1166
500631115,358,401,759
500631116,342,410,752
500700101,555,537,1092
500700102,597,611,1208
500700103,688,739,1427
500700104,354,373,727
500700105,914,956,1870
500700106,710,746,1456
500700107,314,310,624
500700108,316,354,670
500700109,1349,1268,2617
500700110,1527,1531,3058
500700111,688,637,1325
500700112,592,574,1166
500700113,504,470,974
500700114,652,603,1255
500700115,302,284,586
500700116,1148,1158,2306
500700117,1005,1018,2023
500700118,466,443,909
500700201,449,379,828
500700202,742,615,1357
500700203,443,399,842
500700204,648,626,1274
500700205,602,537,1139
500700206,572,549,1121
500700207,965,1039,2004
500700208,455,560,1015
500700209,507,544,1051
500700210,765,708,1473
500700211,803,732,1535
500700212,623,634,1257
500700213,676,690,1366
500700214,440,443,883
500700215,272,251,523
500700301,900,915,1815
500700302,1074,1084,2158
500700303,742,708,1450
500700304,586,539,1125
500700305,1041,1024,2065
500700306,387,343,730
500700307,376,318,694
500700308,506,492,998
500700401,250,240,490
500700402,572,596,1168
500700403,726,763,1489
500700404,911,879,1790
500700405,756,750,1506
500700406,802,841,1643
500700407,866,907,1773
500700408,1104,1104,2208
500700409,886,953,1839
500700410,240,217,457
500700411,579,570,1149
500700412,724,781,1505
500700413,832,839,1671
500700414,590,624,1214
500700415,416,397,813
500700416,763,795,1558
500700417,708,698,1406
500700418,590,574,1164
500700419,708,652,1360
500700420,605,607,1212
500700421,647,628,1275
500700422,520,545,1065
500700423,644,630,1274
500700424,359,376,735
500700425,465,455,920
500700501,936,971,1907
500700502,577,607,1184
500700503,292,310,602
500700504,394,420,814
500700505,575,635,1210
500700506,526,601,1127
500700507,470,487,957
500700508,427,460,887
500700509,338,336,674
500700510,670,733,1403
500700511,576,648,1224
500700512,701,720,1421
500700513,595,618,1213
500700514,508,559,1067
500700601,785,880,1665
500700602,858,896,1754
500700603,727,805,1532
500700604,319,366,685
500700605,395,418,813
500700606,478,513,991
500700607,539,557,1096
500700608,872,883,1755
500700609,363,408,771
500700610,318,383,701
500700611,304,375,679
500700612,725,755,1480
500700613,458,493,951
500700701,292,375,667
500700702,401,547,948
500700703,513,609,1122
500700704,348,370,718
500700705,576,597,1173
500700706,824,860,1684
500700707,417,466,883
500700708,426,517,943
500700709,266,306,572
500700710,241,294,535
500700711,385,447,832
500700712,285,300,585
500700801,553,558,1111
500700802,443,496,939
500700803,444,494,938
500700804,556,641,1197
500700805,820,854,1674
500700806,547,620,1167
500700807,349,405,754
500700808,479,521,1000
500700809,428,405,833
500700810,565,637,1202
500700811,446,467,913
500700812,540,614,1154
500700813,421,430,851
500700814,485,530,1015
500700815,364,413,777
500700816,578,600,1178
500700901,465,482,947
500700902,798,775,1573
500700903,1430,1445,2875
500700904,640,650,1290
500700905,353,407,760
500700906,321,318,639
500700907,473,533,1006
500700908,631,675,1306
500700909,407,441,848
500700910,444,466,910
500700911,823,794,1617
500700912,584,598,1182
500700913,385,427,812
500701001,660,613,1273
500701002,476,496,972
500701003,473,468,941
500701004,556,539,1095
500701005,284,285,569
500701006,709,731,1440
500701007,382,395,777
500701008,318,352,670
500701009,338,359,697
500701010,460,531,991
500701011,260,329,589
500701012,596,580,1176
500701013,405,364,769
500770101,239,155,394
500770102,176,109,285
500770103,324,295,619
500770104,187,120,307
500770105,497,537,1034
500770106,477,445,922
500770107,307,368,675
500770108,463,469,932
500770109,403,412,815
500770110,428,389,817
500770111,72,71,143
500770112,430,486,916
500770113,474,503,977
500770114,814,891,1705
500770115,412,448,860
500770116,675,796,1471
500770117,504,530,1034
500770118,409,407,816
500770119,616,587,1203
500770120,466,428,894
500770121,410,354,764
500770122,690,677,1367
500770123,577,654,1231
500770124,468,504,972
500770125,503,499,1002
500770126,467,526,993
500770127,580,553,1133
500770128,5,4,9
500770201,307,263,570
500770202,160,146,306
500770203,37,15,52
500770301,416,336,752
500770302,136,49,185
500770401,41,17,58
500770402,581,348,929
500770403,358,160,518
500840101,656,630,1286
500840102,332,312,644
500840103,523,465,988
500840104,337,387,724
500840105,421,399,820
500840201,998,930,1928
500840202,580,612,1192
500840203,419,457,876
500840204,708,840,1548
500840205,621,648,1269
500840206,485,538,1023
500840207,623,636,1259
500840208,317,337,654
500840209,203,297,500
500840210,394,425,819
500840211,454,495,949
500840212,418,444,862
500840213,477,524,1001
500840214,494,567,1061
500840215,630,621,1251
500840216,329,362,691
500840217,187,202,389
500840301,368,379,747
500840302,778,815,1593
500840303,444,493,937
500840304,626,683,1309
500840305,600,578,1178
500840306,524,498,1022
500840307,491,478,969
500840308,497,469,966
500840309,441,481,922
500840401,145,121,266
500840402,370,352,722
500840403,652,610,1262
500840404,173,183,356
500840405,374,345,719
500840406,396,387,783
500840407,410,392,802
500840501,170,123,293
500840601,107,96,203
500840701,255,216,471
500840702,441,456,897
500840703,323,316,639
500840704,333,316,649
500840705,596,596,1192
500840706,333,297,630
500840801,359,375,734
500840802,649,707,1356
500840803,663,664,1327
500840804,384,392,776
500840805,617,688,1305
500840806,634,725,1359
500840807,340,398,738
500840808,571,657,1228
500840809,622,641,1263
500840810,599,667,1266
500840811,485,522,1007
500840812,522,590,1112
500840813,840,801,1641
500910101,1037,1067,2104
500910102,346,309,655
500910103,346,309,655
500910104,360,328,688
500910105,667,718,1385
500910106,344,353,697
500910107,360,404,764
500910108,617,645,1262
500910109,453,482,935
500910110,354,360,714
500910111,663,685,1348
500910112,460,423,883
500910113,455,423,878
500910201,680,672,1352
500910202,976,984,1960
500910203,737,728,1465
500910204,493,576,1069
500910205,518,479,997
500910206,556,589,1145
500910207,560,559,1119
500910208,554,651,1205
500910209,557,602,1159
500910301,518,450,968
500910302,664,685,1349
500910303,511,450,961
500910304,434,422,856
500910305,628,617,1245
500910306,688,656,1344
500910307,514,514,1028
500910401,63,39,102
500910501,56,25,81
500910601,144,114,258
500980101,632,582,1214
500980102,1091,969,2060
500980103,650,517,1167
500980104,861,770,1631
500980105,543,512,1055
500980106,692,699,1391
500980107,304,242,546
500980108,603,602,1205
500980201,63,40,103
500980202,429,381,810
500980203,154,137,291
500980204,256,252,508
500980205,213,200,413
500980206,70,39,109
500980301,502,496,998
500980302,333,315,648
500980303,691,699,1390
500980304,445,470,915
500980305,534,527,1061
500980306,727,758,1485
500980307,302,315,617
500980308,669,677,1346
500980401,418,438,856
500980402,484,570,1054
500980403,483,582,1065
500980404,531,618,1149
500980405,444,499,943
500980406,597,618,1215
500980407,716,724,1440
500980408,483,519,1002
500980409,509,577,1086
500980410,311,361,672
500980411,447,494,941
500980412,352,428,780
500980413,273,373,646
500980414,45,38,83
500980415,664,727,1391
500980416,242,274,516
500980417,623,641,1264
500980501,371,363,734
500980502,131,97,228
500980503,512,513,1025
500980504,641,697,1338
500980505,654,692,1346
500980506,665,664,1329
500980507,404,415,819
500980508,793,790,1583
500980509,330,358,688
500980510,371,343,714
500980511,317,373,690
500980512,608,671,1279
500980601,417,354,771
500980602,497,449,946
500980603,540,514,1054
500980604,604,510,1114
500980605,629,580,1209
500980606,678,632,1310
500980607,449,444,893
500980608,551,542,1093
500980609,520,453,973
500980610,317,288,605
500980611,655,645,1300
500980612,453,429,882
500980701,338,345,683
500980702,600,665,1265
500980703,429,506,935
500980704,413,497,910
500980705,653,716,1369
500980706,375,461,836
500980707,392,478,870
500980708,257,317,574
500980709,393,415,808
500980710,214,241,455
500980711,276,314,590
500980712,324,386,710
500980713,264,296,560
500980714,426,469,895
500980715,918,979,1897
500980716,584,590,1174
500980717,292,363,655
500980718,356,444,800
500980719,678,710,1388
500980720,237,287,524
500980721,435,393,828
500980722,403,393,796
500980801,577,601,1178
500980802,838,846,1684
500980803,880,924,1804
500980804,781,830,1611
500980805,843,898,1741
500980806,689,788,1477
500980807,528,592,1120
500980808,452,555,1007
500980809,449,510,959
500980810,448,526,974
500980811,750,823,1573
500980812,308,346,654
500980813,395,438,833
500980814,297,360,657
500980815,291,327,618
500980816,213,278,491
500980817,339,362,701
500980818,726,798,1524
500980819,605,573,1178
500980820,472,454,926
500980821,273,278,551
500980901,368,428,796
500980902,261,293,554
500980903,622,654,1276
500980904,618,677,1295
500980905,508,567,1075
500980906,504,574,1078
500980907,1020,1114,2134
500980908,617,647,1264
500980909,726,775,1501
500980910,467,513,980
500980911,712,709,1421
500980912,555,519,1074
501050101,9,1,10
501050102,637,669,1306
501050103,525,456,981
501050104,516,524,1040
501050105,443,451,894
501050106,565,648,1213
501050107,561,570,1131
501050108,551,624,1175
501050109,155,182,337
501050110,402,373,775
501050111,477,485,962
501050112,713,745,1458
501050113,495,467,962
501050201,5,4,9
501050202,729,742,1471
501050203,509,446,955
501050204,794,797,1591
501050205,711,698,1409
501050301,28,7,35
501050302,380,375,755
501050303,434,426,860
501050304,1033,1023,2056
501050305,402,420,822
501050306,757,773,1530
501050307,475,507,982
501050308,427,396,823
501050309,524,540,1064
501050310,408,410,818
501050401,442,564,1006
501050402,504,568,1072
501050403,361,414,775
501050404,317,327,644
501050405,636,656,1292
501050406,470,522,992
501050407,747,741,1488
501050408,540,593,1133
501050409,349,383,732
501050410,402,423,825
501050411,493,608,1101
501050412,330,368,698
501050413,398,466,864
501050414,424,488,912
501050415,225,293,518
501050416,321,413,734
501050417,416,515,931
501050418,536,649,1185
501050419,748,792,1540
501050420,286,341,627
501050421,939,967,1906
501050422,131,160,291
501050501,228,281,509
501050502,99,159,258
501050503,276,339,615
501050504,369,506,875
501050505,238,269,507
501050506,381,424,805
501050507,355,391,746
501050508,270,314,584
501050509,403,464,867
501050510,337,453,790
501050511,299,385,684
501050512,202,265,467
501050513,344,483,827
501050514,445,497,942
501050515,405,434,839
501050516,412,485,897
501050517,249,301,550
501050518,191,237,428
501050519,288,350,638
501050520,290,315,605
501050521,242,300,542
501050601,79,45,124
501050602,486,507,993
501050603,86,80,166
501050604,2,2,4
501050605,273,307,580
501050606,516,522,1038
501050607,450,507,957
501050608,115,141,256
501050701,16,5,21
501050702,414,363,777
501050703,441,443,884
501050704,495,485,980
501050705,524,554,1078
501050706,503,540,1043
501050707,356,403,759
501050708,362,393,755
501050801,439,385,824
501050802,259,245,504
501050803,224,221,445
501050804,39,29,68
501050805,12,5,17
501050806,135,80,215
501050807,360,267,627
501050808,197,222,419
501050901,292,270,562
501050902,28,20,48
501050903,482,420,902
501050904,582,605,1187
501050905,323,328,651
501050906,482,492,974
501050907,396,457,853
501051001,32,14,46
501051002,566,555,1121
501051003,90,66,156
501051004,192,154,346
501051005,126,70,196
501051006,568,598,1166
501051007,538,556,1094
501051008,723,718,1441
501051009,452,457,909
501051010,77,69,146
501051011,376,354,730
501051012,409,503,912
501051101,598,627,1225
501051102,458,460,918
501051103,412,427,839
501051104,352,334,686
501051105,1077,1035,2112
501051106,869,840,1709
501051107,811,781,1592
501051108,325,329,654
501051109,233,206,439
501051110,441,412,853
501051201,199,195,394
501051202,232,207,439
501051203,171,173,344
501051204,143,122,265
501051205,516,517,1033
501051206,243,256,499
501051207,188,159,347
501051208,484,447,931
501051209,422,424,846
501051301,251,253,504
501051302,278,319,597
501051303,302,358,660
501051304,236,278,514
501051305,191,242,433
501051306,218,263,481
501051307,319,391,710
501051308,176,196,372
501051309,297,385,682
501051310,306,428,734
501051311,144,221,365
501051312,240,342,582
501051401,442,492,934
501051402,163,170,333
501051403,233,289,522
501051404,244,295,539
501051405,382,434,816
501051406,209,239,448
501051407,245,277,522
501051408,256,307,563
501051409,241,273,514
501051410,246,315,561
501051411,323,347,670
501051412,303,403,706
501051413,425,467,892
501051501,532,631,1163
501051502,299,327,626
501051503,352,371,723
501051504,309,314,623
501051505,478,554,1032
501051506,385,405,790
501051507,355,384,739
501051508,501,535,1036
501051509,319,384,703
501051510,381,449,830
501051511,468,493,961
501051512,293,350,643
501051513,528,624,1152
501051514,396,430,826
501051515,247,278,525
501051516,655,342,997
501051517,611,621,1232
501051518,670,701,1371
501051519,555,516,1071
501051601,685,662,1347
501051602,730,752,1482
501051603,768,743,1511
501051604,487,548,1035
501051605,1150,1011,2161
501051606,96,80,176
501051607,369,340,709
501051608,116,116,232
501051609,436,409,845
501051701,572,669,1241
501051702,451,491,942
501051703,444,444,888
501051704,395,435,830
501051705,357,413,770
501051706,425,444,869
501051707,225,253,478
501051708,341,402,743
501051709,340,450,790
501051710,325,376,701
501051711,355,431,786
501051712,449,562,1011
501051713,281,347,628
501051714,232,231,463
501051801,562,629,1191
501051802,182,222,404
501051803,352,379,731
501051804,563,689,1252
501051805,434,508,942
501051806,366,440,806
501051807,230,274,504
501051808,332,343,675
501051809,378,405,783
501051810,474,515,989
501051811,342,403,745
501051812,298,389,687
501051813,270,331,601
501051814,286,352,638
501051815,393,460,853
501051816,328,409,737
501051817,296,297,593
501051818,589,650,1239
501051901,297,306,603
501051902,629,702,1331
501051903,291,331,622
501051904,412,427,839
501051905,507,547,1054
501051906,864,824,1688
501051907,614,651,1265
501051908,607,656,1263
501051909,526,576,1102
501051910,697,727,1424
501051911,219,237,456
501051912,560,577,1137
501051913,472,427,899
501051914,628,635,1263
501051915,326,277,603
501120101,466,424,890
501120102,998,1065,2063
501120103,437,368,805
501120104,802,721,1523
501120105,310,310,620
501120201,575,565,1140
501120202,483,457,940
501120203,200,233,433
501120204,652,671,1323
501120205,635,678,1313
501120301,161,171,332
501120302,498,453,951
501120303,211,219,430
501120304,573,556,1129
501120305,473,495,968
501120401,417,329,746
501120501,153,99,252
501120601,268,248,516
501190101,3,6,9
501190201,179,125,304
501190202,267,272,539
501190203,113,99,212
501190204,848,732,1580
501190205,739,630,1369
501190206,582,490,1072
501190301,804,851,1655
501190302,641,670,1311
501190303,714,721,1435
501190304,673,722,1395
501190305,655,711,1366
501190306,751,827,1578
501190307,587,646,1233
501190308,1083,1141,2224
501190309,992,1012,2004
501190310,640,686,1326
501190311,514,526,1040
501190312,333,309,642
501190401,769,849,1618
501190402,336,292,628
501190403,831,857,1688
501190404,308,223,531
501190405,319,308,627
501190406,528,531,1059
501190407,947,955,1902
501190408,850,851,1701
501190409,848,802,1650
501190501,231,161,392
501190601,489,490,979
501190602,178,211,389
501190603,659,740,1399
501190604,571,596,1167
501190605,337,450,787
501190606,505,532,1037
501190607,669,789,1458
501190608,379,453,832
501190609,257,308,565
501190610,359,451,810
501190611,345,380,725
501190612,681,708,1389
501190613,1053,1138,2191
501190614,857,783,1640
501260101,211,200,411
501260102,17,5,22
501260201,23,15,38
501260202,231,191,422
501260203,196,158,354
501260204,208,184,392
501260205,5,1,6
501260301,1670,1543,3213
501260302,369,381,750
501260303,1058,1038,2096
501260304,654,707,1361
501260305,559,604,1163
501260306,600,632,1232
501260307,438,497,935
501260308,305,268,573
501260309,737,682,1419
501260310,495,473,968
501260311,605,652,1257
501260312,722,723,1445
501260313,451,409,860
501260314,702,731,1433
501260315,387,396,783
501260316,407,417,824
501260317,583,566,1149
501260318,154,136,290
501260319,563,553,1116
501260401,601,530,1131
501260402,24,22,46
501260501,1537,1433,2970
501260502,657,597,1254
501260503,605,545,1150
501260504,759,702,1461
540070101,66,65,131
540070102,439,468,907
540070103,643,702,1345
540070104,178,162,340
540070105,249,251,500
540070106,23,12,35
540070107,351,381,732
540070108,549,600,1149
540070109,544,550,1094
540070110,332,310,642
540070201,80,71,151
540070202,36,33,69
540070301,73,42,115
540070302,194,209,403
540070303,625,646,1271
540070304,184,165,349
540070305,122,96,218
540070306,84,60,144
540070307,101,70,171
540070308,48,54,102
540070309,56,56,112
540070310,396,392,788
540070311,427,496,923
540070312,951,960,1911
540070313,543,573,1116
540070314,254,257,511
540070315,504,532,1036
540070316,539,562,1101
540070317,365,358,723
540070318,571,607,1178
540070319,556,540,1096
540070401,101,107,208
540070402,181,190,371
540070403,341,317,658
540070404,67,51,118
540070405,19,19,38
540070406,30,23,53
540070501,46,26,72
540070502,141,124,265
540070503,199,169,368
540070504,411,403,814
540070505,12,11,23
540070506,209,192,401
540070507,83,60,143
540070508,639,644,1283
540070509,379,365,744
540070601,55,56,111
540070602,452,562,1014
540070603,492,499,991
540070604,395,411,806
540070605,336,388,724
540070606,478,532,1010
540070607,687,696,1383
540070608,211,257,468
540070609,197,211,408
540070610,285,343,628
540070611,371,424,795
540070612,363,406,769
540070613,542,540,1082
540070614,255,297,552
540070615,695,696,1391
540070616,721,706,1427
540070617,296,332,628
540070618,365,365,730
540070619,478,499,977
540070620,228,205,433
540140101,95,67,162
540140102,252,212,464
540140103,425,493,918
540140104,453,456,909
540140105,63,73,136
540140106,129,102,231
540140107,286,279,565
540140108,362,398,760
540140109,496,519,1015
540140110,381,447,828
540140111,663,705,1368
540140112,154,142,296
540140201,263,241,504
540140202,349,352,701
540140203,320,340,660
540140204,377,361,738
540140205,357,381,738
540140206,264,273,537
540140207,262,266,528
540140208,438,491,929
540140209,538,538,1076
540140210,505,501,1006
540140211,671,642,1313
540140212,482,480,962
540140301,157,139,296
540140302,154,145,299
540140303,542,541,1083
540140304,324,273,597
540140305,161,112,273
540140306,66,65,131
540140307,652,631,1283
540140308,237,213,450
540140309,383,344,727
540140401,280,218,498
540140402,155,116,271
540140403,176,159,335
540140404,538,448,986
540140501,268,261,529
540140502,379,346,725
540140503,365,288,653
540140504,374,363,737
540140505,403,414,817
540140506,419,409,828
540140507,264,255,519
540140508,433,484,917
540140509,342,370,712
540140510,208,208,416
540140511,787,678,1465
540140512,309,321,630
540140601,219,178,397
540140602,524,441,965
540140603,161,135,296
540140604,434,413,847
540140605,257,230,487
540140606,405,321,726
540140607,876,812,1688
540140608,733,684,1417
540140609,338,320,658
540140701,268,266,534
540140702,156,147,303
540140703,383,323,706
540140704,386,334,720
540140705,304,287,591
540140801,286,315,601
540140802,172,181,353
540140803,96,91,187
540140804,147,108,255
540140805,145,110,255
540140806,630,587,1217
540140807,285,354,639
540140808,499,517,1016
540140901,165,152,317
540140902,239,201,440
540140903,213,185,398
540140904,73,67,140
540140905,165,166,331
540140906,400,332,732
540141001,274,252,526
540141002,314,295,609
540141003,127,123,250
540141004,257,228,485
540141005,181,162,343
540141006,232,221,453
540210101,368,108,476
540210102,269,248,517
540210103,74,46,120
540210201,86,44,130
540210202,541,513,1054
540210203,94,93,187
540210301,76,54,130
540210302,103,75,178
540210303,41,29,70
540210304,76,53,129
540210305,83,59,142
540210306,346,338,684
540210401,203,214,417
540210402,81,62,143
540210403,38,20,58
540210404,8,3,11
540210501,176,133,309
540210502,117,133,250
540210503,57,45,102
540210504,602,638,1240
540210505,642,457,1099
540210506,374,386,760
540210507,450,497,947
540210508,425,504,929
540210509,470,535,1005
540210510,417,474,891
540210511,408,413,821
540210512,585,633,1218
540210513,317,344,661
540210514,530,534,1064
540210515,438,466,904
540210516,447,516,963
540210517,267,291,558
540210518,247,212,459
540210601,475,495,970
540210602,423,401,824
540210603,254,231,485
540210604,100,64,164
540210605,56,33,89
540210606,46,45,91
540210607,542,549,1091
540210608,376,395,771
540210609,457,461,918
540210610,237,195,432
540210611,120,104,224
540210701,125,90,215
540210702,63,55,118
540210703,97,83,180
540210704,469,485,954
540210705,438,450,888
540280101,288,329,617
540280102,472,452,924
540280103,757,787,1544
540280104,328,365,693
540280105,110,111,221
540280106,149,167,316
540280107,417,469,886
540280108,289,349,638
540280109,253,253,506
540280110,235,314,549
540280111,333,400,733
540280112,413,519,932
540280113,242,253,495
540280114,210,256,466
540280116,6,7,13
540280117,214,290,504
540280118,150,217,367
540280119,228,288,516
540280201,200,278,478
540280202,200,248,448
540280203,273,403,676
540280204,239,346,585
540280205,306,320,626
540280206,252,295,547
540280207,278,354,632
540280208,197,280,477
540280209,160,210,370
540280210,258,342,600
540280211,177,276,453
540280212,128,182,310
540280213,167,289,456
540280214,135,179,314
540280215,182,277,459
540280216,129,135,264
540280217,229,344,573
540280218,122,160,282
540280301,765,846,1611
540280302,470,556,1026
540280303,597,554,1151
540280304,329,353,682
540280305,557,583,1140
540280306,409,455,864
540280307,804,831,1635
540280308,744,796,1540
540280309,305,411,716
540280310,397,441,838
540280311,648,670,1318
540280312,505,549,1054
540280313,392,451,843
540280314,361,401,762
540280401,581,621,1202
540280402,726,813,1539
540280403,317,370,687
540280404,224,294,518
540280405,398,468,866
540280406,375,450,825
540280407,388,430,818
540280408,629,723,1352
540280409,420,501,921
540280410,697,789,1486
540280411,495,515,1010
540280412,762,796,1558
540280413,603,658,1261
540280414,354,422,776
540280415,373,429,802
540280416,330,395,725
540280417,629,688,1317
540280418,477,489,966
540280419,741,819,1560
540280501,329,419,748
540280502,347,443,790
540280504,274,326,600
540280505,548,698,1246
540280506,469,569,1038
540280507,359,400,759
540280508,309,375,684
540280509,368,420,788
540280510,157,181,338
540280511,466,512,978
540280601,534,573,1107
540280602,440,509,949
540280603,623,711,1334
540280604,298,300,598
540280605,452,437,889
540280606,301,344,645
540280607,481,545,1026
540280608,409,443,852
540280609,417,464,881
540280610,242,300,542
540280611,503,534,1037
540280612,600,708,1308
540280613,563,629,1192
540280614,405,431,836
540280615,93,102,195
540280616,449,461,910
540280617,418,439,857
540280618,925,956,1881
540280701,456,512,968
540280702,504,556,1060
540280703,527,591,1118
540280704,393,439,832
540280705,407,452,859
540280706,239,310,549
540280707,243,274,517
540280708,360,418,778
540280709,266,397,663
540280710,421,549,970
540280711,315,344,659
540280712,522,522,1044
540280713,738,740,1478
540280714,583,677,1260
540280715,424,502,926
540280716,569,590,1159
540280717,379,438,817
540280718,307,342,649
540280719,396,443,839
540280720,488,527,1015
540280721,379,434,813
540280803,619,619,1238
540280804,419,445,864
540280805,382,402,784
540280806,568,603,1171
540280807,1030,1005,2035
540280808,783,832,1615
540280809,741,795,1536
540280810,694,697,1391
540280811,416,466,882
540280812,823,636,1459
540280813,371,409,780
540280814,464,437,901
540280815,470,489,959
540280816,469,517,986
540280817,308,341,649
540280818,645,679,1324
540280819,413,452,865
540280820,821,878,1699
540280821,514,516,1030
540280822,288,282,570
540280901,254,360,614
540280902,251,329,580
540280903,192,227,419
540280906,269,311,580
540280907,398,504,902
540280908,312,436,748
540280909,169,224,393
540280910,173,231,404
540280911,210,253,463
540281001,236,292,528
540281002,149,237,386
540281003,370,421,791
540281004,525,593,1118
540281005,295,385,680
540281006,270,320,590
540281007,285,345,630
540281008,576,693,1269
540281009,558,663,1221
540281010,497,559,1056
540281011,418,478,896
540281012,375,451,826
540281013,216,306,522
540281014,256,347,603
540281015,284,339,623
540281101,259,229,488
540281102,249,176,425
540281103,292,247,539
540281201,824,817,1641
540281202,302,353,655
540281203,93,81,174
540281204,143,129,272
540281205,495,578,1073
540281206,560,575,1135
540281207,487,526,1013
540281208,592,580,1172
540281209,694,769,1463
540281210,824,891,1715
540281211,895,959,1854
540281212,801,848,1649
540281213,1029,1088,2117
540281214,746,874,1620
540281215,450,484,934
540281216,743,782,1525
540281217,533,571,1104
540281218,974,945,1919
540281219,733,802,1535
540281220,451,523,974
540281301,215,199,414
540281302,138,141,279
540281303,116,100,216
540281304,9,12,21
540281305,206,173,379
540281306,627,633,1260
540281307,290,297,587
540281308,517,573,1090
540281309,265,307,572
540281310,457,455,912
540281311,477,537,1014
540281312,601,602,1203
540281313,645,699,1344
540281314,881,892,1773
540281315,866,840,1706
540281316,544,577,1121
540281317,365,363,728
540281318,228,226,454
540281319,864,883,1747
540281320,312,348,660
540281321,314,326,640
540281322,695,695,1390
540281323,307,317,624
540281401,581,543,1124
540281402,0,0,0
540281403,2,4,6
540281501,123,100,223
540281502,108,62,170
540281503,110,106,216
540281504,695,756,1451
540281505,650,697,1347
540281601,919,776,1695
540281602,13,12,25
540281701,100,90,190
540281702,40,28,68
540281703,34,31,65
540281704,15,22,37
540281801,800,802,1602
540281802,477,464,941
540281803,507,516,1023
540281804,595,602,1197
540281805,391,405,796
540281806,300,328,628
540281807,690,680,1370
540281808,362,354,716
540281809,440,452,892
540281810,504,554,1058
540281811,549,549,1098
540281812,445,470,915
540281813,797,816,1613
540281814,707,716,1423
540281815,639,660,1299
540281816,417,452,869
540281817,432,394,826
540281818,339,381,720
540281819,376,447,823
540281820,353,331,684
540281821,454,421,875
540281822,343,377,720
540281901,844,880,1724
540281902,311,308,619
540281903,570,728,1298
540281904,629,625,1254
540281905,687,809,1496
540281906,501,616,1117
540281907,533,635,1168
540281908,684,816,1500
540281909,645,705,1350
540281910,370,438,808
540281911,481,607,1088
540281912,687,716,1403
540281913,851,890,1741
540281914,624,670,1294
540281915,495,538,1033
540281916,611,689,1300
540281917,831,843,1674
540281918,570,620,1190
540281919,816,829,1645
540281920,645,758,1403
540281921,713,776,1489
540281922,589,649,1238
540281923,880,940,1820
540281924,968,1019,1987
540281925,767,801,1568
540281926,631,721,1352
540281927,488,509,997
540281928,528,599,1127
540282001,820,899,1719
540282002,846,950,1796
540282003,716,808,1524
540282004,839,913,1752
540282005,549,603,1152
540282006,531,593,1124
540282007,561,578,1139
540282008,223,230,453
540282009,520,533,1053
540282010,374,398,772
540282011,872,928,1800
540282012,306,337,643
540282013,479,493,972
540282014,381,391,772
540282015,580,576,1156
540282016,608,616,1224
540282017,532,501,1033
540282018,418,430,848
540282019,669,708,1377
540282020,372,390,762
540282021,607,635,1242
540282101,11,4,15
540282102,202,149,351
540282103,38,29,67
540282201,341,374,715
540282202,685,720,1405
540282203,250,329,579
540282204,468,504,972
540282205,248,316,564
540282206,452,596,1048
540282207,362,462,824
540282208,287,341,628
540282209,542,641,1183
540282210,427,487,914
540282211,262,326,588
540282212,329,365,694
540282213,244,315,559
540282301,724,792,1516
540282302,401,417,818
540282303,530,565,1095
540282304,607,630,1237
540282305,768,856,1624
540282306,615,617,1232
540282307,407,467,874
540282308,368,406,774
540282309,467,516,983
540282310,336,397,733
540282311,847,889,1736
540282312,752,744,1496
540282313,558,590,1148
540282314,268,308,576
540282401,557,581,1138
540282402,511,537,1048
540282403,609,634,1243
540282404,979,1002,1981
540282405,603,625,1228
540282406,491,512,1003
540282407,843,924,1767
540282408,855,881,1736
540282409,569,583,1152
540282410,542,630,1172
540282411,514,546,1060
540282412,846,857,1703
540282413,336,412,748
540282414,513,553,1066
540282415,913,857,1770
540282416,796,775,1571
540282417,96,95,191
540350101,143,130,273
540350102,47,40,87
540350103,276,243,519
540350104,46,45,91
540350105,3,3,6
540350106,19,12,31
540350201,130,131,261
540350202,21,21,42
540350203,21,19,40
540350204,42,44,86
540350205,6,6,12
540350206,23,14,37
540350207,55,49,104
540350301,149,146,295
540350302,9,2,11
540350303,30,30,60
540350304,90,79,169
540350305,5,5,10
540350306,9,11,20
540350307,35,23,58
540350308,50,50,100
540350401,311,281,592
540350402,98,90,188
540350403,439,484,923
540350404,388,426,814
540350405,88,84,172
540350406,44,34,78
540350407,17,9,26
540350408,0,0,0
540350409,39,29,68
540350410,425,411,836
540350411,335,352,687
540350412,644,757,1401
540350413,247,229,476
540350414,497,507,1004
540420101,231,249,480
540420102,215,204,419
540420103,133,119,252
540420104,26,13,39
540420105,48,31,79
540420106,34,29,63
540420107,611,605,1216
540420201,1,0,1
540420202,0,0,0
540420203,63,53,116
540420301,385,355,740
540420302,245,230,475
540420303,472,486,958
540420304,116,128,244
540420305,869,889,1758
540420306,419,538,957
540420307,491,572,1063
540420308,278,274,552
540420309,708,769,1477
540420310,263,316,579
540420311,193,195,388
540420312,271,281,552
540420313,306,337,643
540420314,448,490,938
540420315,423,400,823
540420316,421,402,823
540420317,518,536,1054
540420318,278,298,576
540420401,417,418,835
540420402,637,629,1266
540420403,602,615,1217
540420404,408,420,828
540420405,723,766,1489
540420406,685,699,1384
540420407,716,728,1444
540420408,296,318,614
540420409,549,589,1138
540420410,642,682,1324
540420411,785,765,1550
540420412,401,399,800
540420413,365,406,771
540420414,542,517,1059
540420415,553,513,1066
540420416,424,428,852
540420417,399,400,799
540420418,536,538,1074
540420419,392,434,826
540420420,496,506,1002
540420501,408,434,842
540420502,599,670,1269
540420503,344,349,693
540420504,402,435,837
540420505,549,622,1171
540420506,356,449,805
540420507,371,389,760
540420508,393,442,835
540420509,307,315,622
540420510,216,225,441
540420511,321,386,707
540420512,459,457,916
540420513,400,474,874
540420514,354,421,775
540420515,385,433,818
540420516,400,406,806
540420517,394,409,803
540420518,425,479,904
540420519,370,377,747
540420520,280,325,605
540420601,645,594,1239
540420602,785,524,1309
540420603,429,410,839
540420604,79,87,166
540420605,234,217,451
540420606,187,151,338
540420607,408,389,797
540420608,69,59,128
540420609,32,24,56
540420610,571,532,1103
540420611,298,257,555
540420612,731,794,1525
540420613,1058,1014,2072
540420614,583,602,1185
540420701,543,543,1086
540420702,279,268,547
540420703,210,192,402
540420704,263,268,531
540420705,56,55,111
540420706,46,32,78
540420707,32,15,47
540420708,31,23,54
540420709,164,155,319
540420710,328,336,664
540420801,312,270,582
540420802,307,282,589
540420803,285,252,537
540420804,10,7,17
540420805,111,91,202
540420806,14,9,23
540420901,79,60,139
540420902,16,9,25
540420903,8,4,12
540420904,34,22,56
540421001,628,551,1179
540421002,86,71,157
540421003,176,141,317
540421004,46,36,82
540421005,516,509,1025
540421006,331,320,651
540421007,235,249,484
540421008,460,432,892
540421009,421,396,817
540490101,812,692,1504
540490102,1188,1055,2243
540490103,571,518,1089
540490104,1115,890,2005
540490105,1204,1124,2328
540490106,468,459,927
540490107,593,588,1181
540490108,652,616,1268
540490109,665,619,1284
540490110,358,267,625
540490111,364,280,644
540490112,418,321,739
540490113,525,484,1009
540490114,642,588,1230
540490115,444,448,892
540490116,527,486,1013
540490201,203,195,398
540490202,950,817,1767
540490203,1338,1118,2456
540490204,356,384,740
540490205,604,513,1117
540490206,990,1022,2012
540490207,322,341,663
540490301,1097,1071,2168
540490302,332,309,641
540490303,565,593,1158
540490304,441,498,939
540490305,514,487,1001
540490306,317,311,628
540490307,377,403,780
540490308,366,415,781
540490309,598,628,1226
540490310,404,416,820
540490311,452,491,943
540490312,402,395,797
540490401,896,789,1685
540490402,73,58,131
540490403,41,29,70
540560101,361,322,683
540560102,535,454,989
540560103,457,438,895
540560104,400,343,743
540560105,217,188,405
540560106,195,172,367
540560201,616,639,1255
540560202,311,317,628
540560203,161,169,330
540560204,285,240,525
540560205,589,523,1112
540560206,502,502,1004
540560207,275,228,503
540560208,513,617,1130
540560209,291,336,627
540560210,500,549,1049
540560301,931,816,1747
540560302,491,451,942
540560303,1207,1053,2260
540560304,256,254,510
540560305,690,558,1248
540560306,331,270,601
540560307,224,196,420
540560308,486,429,915
540560309,275,290,565
540560401,1,0,1
540560402,12,1,13
540560403,109,81,190
540560501,657,579,1236
540560502,2,0,2
540560503,2,1,3
540560601,1228,1106,2334
540560602,1064,879,1943
540560603,971,902,1873
540560604,1199,1215,2414
540560605,524,469,993
540560606,354,271,625
540560607,501,449,950
540560608,937,884,1821
540560609,514,436,950
540560610,685,713,1398
540560611,712,667,1379
540560612,767,744,1511
540560613,814,800,1614
540560614,482,451,933
540560701,169,163,332
540560702,560,495,1055
540560703,95,85,180
540560704,128,97,225
540560705,206,188,394
540560706,155,129,284
540560707,200,185,385
540560708,714,601,1315
540560709,560,495,1055
540560710,581,486,1067
540560711,459,505,964
540560801,1067,986,2053
540560802,1032,908,1940
540560803,525,453,978
540560901,539,631,1170
540560902,1030,1024,2054
540560903,760,780,1540
540560904,512,551,1063
540560905,458,484,942
540560906,364,388,752
540560907,394,422,816
540560908,498,582,1080
540560909,609,591,1200
540560910,338,392,730
540560911,325,362,687
540630101,229,187,416
540630102,278,264,542
540630103,2,2,4
540630104,2,2,4
540630105,403,351,754
540630106,549,478,1027
540630107,477,503,980
540630108,423,462,885
540630109,747,706,1453
540630110,699,712,1411
540630111,635,591,1226
540630112,562,578,1140
540630113,501,523,1024
540630114,379,362,741
540630115,436,394,830
540630201,9,10,19
540630202,22,26,48
540630203,0,0,0
540630301,93,47,140
540630302,186,150,336
540630401,56,41,97
540630402,26,15,41
540630403,177,149,326
540630404,113,96,209
540630405,433,488,921
540630406,711,705,1416
540630407,431,433,864
540630408,465,419,884
540630409,363,362,725
540630410,348,387,735
540630501,320,277,597
540630502,47,30,77
540630503,73,52,125
540630504,107,79,186
540630505,112,65,177
540630601,1,0,1
540630602,43,19,62
540630701,13,7,20
540630702,4,1,5
540630703,34,25,59
540630704,128,103,231
540630705,59,36,95
540630801,398,352,750
540630802,844,777,1621
540630803,224,227,451
540630804,303,335,638
540630805,804,783,1587
540630806,52,44,96
540630807,85,66,151
540630808,11,9,20
540630809,7,7,14
540630810,163,134,297
540630811,241,258,499
540630812,568,519,1087
540630813,722,749,1471
540630814,853,839,1692
540630815,750,754,1504
540630816,732,674,1406
540630817,638,639,1277
540630818,318,325,643
540630819,729,749,1478
540630901,392,385,777
540630902,162,124,286
540630903,20,20,40
540630904,270,273,543
540630905,489,478,967
540630906,428,440,868
540630907,408,395,803
540630908,699,713,1412
540630909,444,422,866
540630910,410,434,844
540630911,317,379,696
540630912,470,457,927
540630913,295,301,596
540630914,671,698,1369
540630915,577,585,1162
540630916,471,441,912
540630917,355,396,751
540630918,279,269,548
540631001,392,417,809
540631002,737,718,1455
540631003,765,758,1523
540631004,671,716,1387
540631005,411,433,844
540631006,445,420,865
540631007,427,401,828
540631008,593,607,1200
540631009,379,385,764
540631010,309,287,596
540631011,442,435,877
540631012,468,499,967
540631013,690,662,1352
540631014,664,742,1406
540631101,515,591,1106
540631102,1156,1079,2235
540631103,487,563,1050
540631104,669,658,1327
540631105,730,733,1463
540631106,713,727,1440
540631107,578,677,1255
540631108,460,475,935
540631109,439,436,875
540631110,536,487,1023
540631111,297,338,635
540631112,437,500,937
540631113,589,602,1191
540700101,420,353,773
540700102,129,114,243
540700103,39,23,62
540700104,232,211,443
540700105,170,147,317
540700201,162,146,308
540700202,266,251,517
540700203,129,126,255
540700204,108,85,193
540700205,430,410,840
540700206,365,319,684
540700207,717,653,1370
540700208,513,497,1010
540700301,263,226,489
540700302,322,321,643
540700303,159,160,319
540700304,569,512,1081
540700305,504,456,960
540700306,524,509,1033
540700307,446,472,918
540700308,809,758,1567
540700309,801,768,1569
540700310,444,453,897
540700311,569,591,1160
540700312,328,374,702
540700313,325,374,699
540700314,423,391,814
540700315,395,421,816
540700316,394,433,827
540700401,163,158,321
540700402,667,569,1236
540700403,135,116,251
540700404,174,174,348
540700501,182,171,353
540700502,245,222,467
540700503,837,873,1710
540700504,388,362,750
540700505,317,263,580
540700506,163,129,292
540700507,252,330,582
540700508,575,545,1120
540700601,231,179,410
540700602,361,375,736
540700603,178,143,321
540700701,333,414,747
540700702,216,249,465
540700703,318,378,696
540700704,452,467,919
540700705,338,381,719
540700706,363,389,752
540700707,420,447,867
540700708,505,555,1060
540700709,242,287,529
540700801,376,387,763
540700802,385,413,798
540700803,597,668,1265
540700804,379,411,790
540700805,350,405,755
540700806,369,474,843
540700807,644,655,1299
540700808,383,439,822
540770101,552,580,1132
540770102,745,705,1450
540770103,529,491,1020
540770104,496,456,952
540770105,664,639,1303
540770106,94,79,173
540770107,509,540,1049
540770108,681,654,1335
540770109,327,373,700
540770110,677,713,1390
540770201,407,367,774
540770202,244,225,469
540770203,30,19,49
540770204,23,20,43
540770205,276,241,517
540770206,59,32,91
540770207,220,218,438
540770208,738,705,1443
540770209,563,559,1122
540770210,346,374,720
540770211,626,568,1194
540770212,411,381,792
540770213,510,521,1031
540770301,425,442,867
540770302,410,394,804
540770303,75,67,142
540770304,302,260,562
540770305,233,214,447
540770306,167,129,296
540770307,8,4,12
540770308,445,415,860
540770309,640,667,1307
540770401,796,686,1482
540770402,334,309,643
540770403,114,107,221
540770404,517,556,1073
540770405,348,357,705
540770406,136,137,273
540770407,424,457,881
540770408,389,430,819
540770501,334,279,613
540770502,12,7,19
540770503,21,19,40
540770601,280,272,552
540770602,735,643,1378
540770603,264,255,519
540770604,195,178,373
540770605,417,396,813
540770701,101,89,190
540770702,256,257,513
540770703,670,682,1352
540770704,327,295,622
540770801,435,480,915
540770802,205,206,411
540770803,377,401,778
540770804,416,457,873
540770805,717,693,1410
540770806,425,492,917
540770807,348,376,724
540770808,173,194,367
540770809,279,320,599
540770810,356,429,785
540770811,305,312,617
540770812,295,305,600
540840101,142,134,276
540840102,459,499,958
540840103,77,76,153
540840104,404,376,780
540840105,448,438,886
540840106,423,441,864
540840107,609,624,1233
540840108,515,518,1033
540840109,623,640,1263
540840110,474,443,917
540840201,107,92,199
540840202,197,180,377
540840203,52,37,89
540840204,1,0,1
540840301,707,708,1415
540840302,509,557,1066
540840303,339,352,691
540840304,614,663,1277
540840305,245,293,538
540840306,50,54,104
540840307,384,367,751
540840308,34,23,57
540840309,312,286,598
540840310,67,60,127
540840311,135,138,273
540840312,435,482,917
540840313,432,426,858
540840314,290,327,617
540840401,73,70,143
540840402,198,194,392
540840403,606,596,1202
540840404,65,60,125
540840405,466,419,885
540840406,16,17,33
540840407,78,81,159
540840408,408,383,791
540840409,465,462,927
540840501,68,38,106
540840502,100,81,181
540840601,92,62,154
540840602,252,220,472
540840603,137,115,252
540840604,85,60,145
540840605,198,205,403
540840606,364,344,708
540840607,510,449,959
540840701,76,74,150
540840702,9,2,11
540840801,31,5,36
540840802,144,105,249
540840901,561,610,1171
540840902,906,871,1777
540840903,259,285,544
540840904,521,511,1032
540840905,355,350,705
540840906,439,418,857
540840907,590,617,1207
540840908,323,402,725
540840909,692,698,1390
540840910,260,276,536
540910101,358,421,779
540910102,353,442,795
540910103,290,344,634
540910104,547,632,1179
540910105,493,538,1031
540910106,597,690,1287
540910107,624,636,1260
540910108,579,562,1141
540910109,263,323,586
540910110,224,301,525
540910111,280,368,648
540910112,457,479,936
540910113,246,307,553
540910114,232,232,464
540910115,256,358,614
540910116,777,857,1634
540910117,640,683,1323
540910118,402,306,708
540910119,524,570,1094
540910201,1005,1007,2012
540910202,839,856,1695
540910203,449,469,918
540910204,434,454,888
540910205,583,602,1185
540910206,287,354,641
540910207,527,556,1083
540910208,469,506,975
540910209,564,608,1172
540910210,443,515,958
540910211,458,504,962
540910212,506,494,1000
540910213,969,1019,1988
540910214,515,485,1000
540910215,541,561,1102
540910216,314,341,655
540910217,255,314,569
540910218,559,522,1081
540910219,500,538,1038
540910301,114,96,210
540910302,159,145,304
540910303,82,68,150
540910304,95,79,174
540910305,267,210,477
540910306,390,425,815
540910401,269,239,508
540910402,252,225,477
540910403,442,402,844
540910404,450,397,847
540910405,223,174,397
540910406,338,340,678
540910501,99,89,188
540910502,192,171,363
540910503,198,169,367
540910504,175,164,339
540910505,151,140,291
540910506,190,158,348
540910507,360,333,693
540910508,191,199,390
540910509,872,876,1748
540910510,158,144,302
540910511,189,211,400
540910512,422,427,849
540910513,451,450,901
540910514,504,544,1048
540910515,594,638,1232
540910516,304,315,619
540910601,278,258,536
540910602,235,209,444
540910603,157,123,280
540910701,128,109,237
540910702,154,129,283
540910703,234,216,450
540910704,138,118,256
540910705,280,258,538
540910706,312,304,616
540910707,562,517,1079
540910708,254,238,492
540910709,226,212,438
540910710,526,248,774
540910711,38,35,73
540910712,454,458,912
540910713,567,567,1134
540910714,537,479,1016
540910715,619,696,1315
540910716,488,448,936
540910717,565,551,1116
540910718,571,590,1161
540910719,478,513,991
540910801,94,84,178
540910802,334,295,629
540910803,402,351,753
540910804,143,139,282
540910805,295,276,571
540910806,59,47,106
540910807,235,227,462
540910808,241,216,457
540910809,248,257,505
540910810,571,664,1235
540910811,366,353,719
540910901,555,509,1064
540910902,487,427,914
540910903,409,377,786
540910904,190,190,380
540910905,496,533,1029
540911001,527,513,1040
540911002,293,267,560
540911003,99,92,191
540911004,67,57,124
540911005,348,281,629
540911006,160,140,300
540911007,66,66,132
540911008,265,278,543
540911009,315,299,614
540911010,216,201,417
540911011,68,79,147
540911012,44,43,87
540911013,200,149,349
540911014,409,386,795
540911101,598,542,1140
540911102,165,173,338
540911103,45,42,87
540911104,61,54,115
540911105,147,131,278
540911106,294,264,558
540911107,149,127,276
540911108,260,263,523
540911201,245,207,452
540911202,54,53,107
540911203,225,224,449
540911204,23,20,43
540911205,210,224,434
540911206,161,143,304
540911207,193,200,393
540911208,138,113,251
540911209,497,535,1032
540911210,415,428,843
540911211,268,281,549
540911301,722,679,1401
540911302,582,591,1173
540911303,545,560,1105
540911304,533,534,1067
540911305,365,405,770
540911306,449,476,925
540911307,412,385,797
540911308,426,496,922
540911309,747,832,1579
540911310,575,588,1163
540911311,619,591,1210
540911312,603,626,1229
540911313,405,436,841
540980101,271,266,537
540980102,178,150,328
540980103,144,133,277
540980104,538,555,1093
540980105,112,92,204
540980106,541,588,1129
540980201,65,59,124
540980202,731,714,1445
540980203,295,263,558
540980204,81,74,155
540980205,67,46,113
540980206,574,604,1178
540980207,590,608,1198
540980301,127,137,264
540980302,269,261,530
540980303,223,199,422
540980401,252,237,489
540980402,137,133,270
540980403,94,82,176
540980501,612,558,1170
540980502,504,566,1070
540980503,379,371,750
540980504,377,379,756
540980505,333,328,661
540980506,236,264,500
540980507,416,431,847
540980508,56,51,107
540980509,337,282,619
540980510,174,166,340
540980511,314,278,592
540980512,167,159,326
540980513,380,413,793
540980514,308,374,682
540980515,258,258,516
540980516,710,683,1393
540980517,257,238,495
540980518,347,398,745
540980601,131,128,259
540980602,134,108,242
540980603,81,54,135
540980604,48,30,78
540980605,22,20,42
540980701,294,285,579
540980702,515,486,1001
540980703,116,86,202
540980704,250,264,514
540980801,179,169,348
540980802,297,247,544
540980803,239,207,446
540980901,309,265,574
540980902,721,669,1390
540980903,375,384,759
540980904,470,409,879
540980905,258,224,482
540980906,181,155,336
540980907,502,527,1029
540980908,572,647,1219
540981001,30,21,51
540981002,1100,991,2091
540981003,451,404,855
540981004,391,398,789
540981005,367,434,801
540981006,409,434,843
540981007,438,442,880
540981008,444,478,922
540981009,283,307,590
540981010,338,358,696
540981011,627,647,1274
540981101,158,138,296
540981102,263,225,488
540981103,344,290,634
540981201,242,285,527
540981202,392,425,817
540981203,296,301,597
540981204,719,701,1420
540981205,782,773,1555
540981206,474,462,936
540981207,411,409,820
540981208,623,648,1271
540981209,399,406,805
540981210,277,333,610
540981211,321,385,706
540981212,409,438,847
540981213,238,296,534
540981214,568,595,1163
541050101,161,130,291
541050102,79,76,155
541050103,375,338,713
541050104,129,151,280
541050105,167,155,322
541050106,13,7,20
541050107,105,81,186
541050108,161,164,325
541050109,7,10,17
541050110,25,15,40
541050111,12,15,27
541050112,134,157,291
541050113,375,356,731
541050201,218,168,386
541050202,203,150,353
541050203,205,166,371
541050204,154,119,273
541050205,16,13,29
541050206,13,18,31
541050207,217,239,456
541050208,187,172,359
541050209,797,821,1618
541050210,51,43,94
541050211,36,41,77
541050212,114,86,200
541050213,400,429,829
541050214,362,415,777
541050215,291,323,614
541050216,365,414,779
541050217,408,496,904
541050218,535,612,1147
541050219,354,405,759
541050220,347,370,717
541050221,394,450,844
541050222,380,365,745
541050223,320,348,668
541050301,86,67,153
541050302,486,439,925
541050303,86,86,172
541050304,14,13,27
541050305,107,104,211
541050306,124,122,246
541050307,181,152,333
541050308,103,81,184
541050401,416,374,790
541050402,391,365,756
541050403,238,206,444
541050404,127,110,237
541120101,1155,955,2110
541120102,1767,1540,3307
541120103,734,566,1300
541120104,102,74,176
541120105,80,25,105
541120106,172,178,350
541120201,16,2,18
541120202,47,26,73
541120301,12,13,25
541120302,42,48,90
541120401,1,0,1
541120402,3,0,3
541120501,611,664,1275
541120502,438,477,915
541120503,403,392,795
541120504,526,536,1062
541120505,730,618,1348
541120506,623,491,1114
541120507,381,343,724
541120508,707,648,1355
541120509,527,509,1036
541120510,671,701,1372
541120511,555,617,1172
541120512,487,459,946
541120513,371,409,780
541120514,229,255,484
541120515,474,501,975
541120601,560,493,1053
541120602,1163,996,2159
541120701,26,21,47
541120702,902,709,1611
541120703,1434,1276,2710
541120704,266,294,560
541190101,479,458,937
541190102,413,390,803
541190103,765,686,1451
541190104,663,649,1312
541190105,1174,1084,2258
541190106,444,477,921
541190107,865,957,1822
541190201,334,306,640
541190202,660,603,1263
541190203,544,485,1029
541190204,253,223,476
541190301,146,128,274
541190302,790,690,1480
541190303,477,436,913
541190304,234,233,467
541190305,282,293,575
541190306,131,136,267
541190307,410,422,832
541190401,279,239,518
541190402,556,487,1043
541190403,704,671,1375
541190501,207,177,384
541190502,873,851,1724
541190503,452,407,859
541190504,326,285,611
541190505,99,76,175
541190506,192,202,394
541190507,232,254,486
541190508,605,637,1242
541190601,86,78,164
541190602,356,298,654
541190603,206,199,405
580070101,0,0,0
580070102,201,111,312
580070103,324,311,635
580070104,368,332,700
580070105,160,116,276
580070201,166,132,298
580070202,56,39,95
580070203,176,116,292
580070204,48,41,89
580070205,351,397,748
580070301,167,151,318
580070302,947,948,1895
580070303,567,585,1152
580070304,569,573,1142
580070305,171,183,354
580140101,179,104,283
580140102,217,140,357
580140103,149,91,240
580140104,428,420,848
580140105,173,92,265
580140106,527,471,998
580140107,406,396,802
580140108,366,363,729
580140109,894,905,1799
580140110,629,627,1256
580140111,200,123,323
580140112,119,73,192
580140113,114,89,203
580140114,455,417,872
580140115,268,250,518
580140116,553,548,1101
580210101,45,42,87
580210102,63,49,112
580210103,119,107,226
580210104,66,61,127
580210105,146,85,231
580210106,20,15,35
580210107,79,65,144
580210108,29,17,46
580210109,89,72,161
580210110,58,48,106
580210111,30,27,57
580210112,426,397,823
580280101,62,28,90
580280102,30,13,43
580280103,81,61,142
580280104,95,94,189
580280105,38,30,68
580280106,23,19,42
580280107,510,502,1012
580280108,231,225,456
580280109,400,443,843
580280110,236,269,505
580280115,52,40,92
580280116,120,99,219
580280117,425,406,831
580350101,42,16,58
580350102,147,127,274
580350103,21,10,31
580350104,35,23,58
580350105,39,23,62
580350106,54,17,71
580350107,46,13,59
580350108,29,30,59
580350109,11,13,24
580350201,235,218,453
580350202,285,258,543
580350203,8,11,19
580350204,539,421,960
580350205,268,239,507
580350206,59,43,102
580350207,266,216,482
580350208,211,170,381
580350209,360,382,742
580350210,397,365,762
580350211,212,183,395
580350212,217,187,404
580350213,216,194,410
580350214,257,252,509
580350215,335,377,712
580350216,85,73,158
580350301,403,428,831
580350302,423,442,865
580350303,440,461,901
580350304,520,574,1094
580350305,587,584,1171
580350306,529,569,1098
580350307,527,540,1067
580350308,779,802,1581
580350309,435,504,939
580350310,317,403,720
580350311,189,215,404
580350312,206,204,410
580350313,450,475,925
580350314,101,100,201
580350315,319,296,615
580350316,450,497,947
580350401,245,323,568
580350402,375,413,788
580350403,197,236,433
580350404,769,792,1561
580350405,448,492,940
580350406,366,408,774
580350407,305,353,658
580350408,411,465,876
580350409,400,507,907
580350410,479,561,1040
580350411,423,465,888
580350412,515,529,1044
580350413,281,260,541
580350414,451,518,969
580350415,383,416,799
580350416,363,383,746
580350417,300,352,652
580350418,282,298,580
580350419,456,485,941
580350420,387,438,825
580350421,274,300,574
580350501,191,219,410
580350502,311,413,724
580350503,372,449,821
580350504,149,163,312
580350505,224,244,468
580350506,227,299,526
580350507,221,252,473
580350508,169,203,372
580350509,222,265,487
580350510,238,314,552
580350511,298,344,642
580350512,365,160,525
580350513,261,323,584
580350514,192,270,462
580350515,238,281,519
580350516,294,367,661
580350517,176,235,411
580350518,136,150,286
580350519,162,204,366
580350520,141,166,307
580350521,194,250,444
580350522,233,250,483
580350523,177,234,411
580350601,522,550,1072
580350602,220,255,475
580350603,261,269,530
580350604,235,302,537
580350605,304,350,654
580350606,287,321,608
580350607,340,366,706
580350608,504,512,1016
580350609,354,401,755
580350610,281,303,584
580350611,293,305,598
580350612,276,339,615
580350613,275,322,597
580350614,288,359,647
580350615,215,276,491
580350616,203,244,447
580350617,253,303,556
580350618,81,97,178
580350701,60,81,141
580350702,239,257,496
580350703,379,477,856
580350704,685,700,1385
580350705,521,486,1007
580350706,605,585,1190
580350707,542,559,1101
580350708,700,675,1375
580350709,546,558,1104
580350710,517,548,1065
580350711,644,635,1279
580350712,674,679,1353
580350713,426,433,859
580350714,406,428,834
580350715,481,521,1002
580350801,310,339,649
580350802,772,853,1625
580350803,644,700,1344
580350804,390,385,775
580350805,160,173,333
580350806,603,592,1195
580350807,600,574,1174
580350808,285,339,624
580350809,465,531,996
580350810,595,669,1264
580350811,490,626,1116
580350812,349,419,768
580350813,444,459,903
580350814,747,748,1495
580350815,467,491,958
580350816,664,683,1347
580350817,514,513,1027
580350818,309,341,650
580350819,383,428,811
580350820,446,454,900
580350821,369,378,747
580350822,721,797,1518
580350823,552,571,1123
580350824,318,329,647
580350825,459,435,894
580350826,452,435,887
580350901,421,384,805
580350902,522,513,1035
580350903,579,612,1191
580350904,642,709,1351
580350905,424,413,837
580350906,506,515,1021
580350907,539,619,1158
580350908,548,577,1125
580350909,616,647,1263
580350910,501,576,1077
580350911,544,556,1100
580350912,529,547,1076
580350913,688,771,1459
580350914,538,612,1150
580350915,447,440,887
580350916,475,519,994
580350917,553,584,1137
580350918,550,613,1163
580351001,319,364,683
580351002,497,471,968
580351003,344,350,694
580351004,374,432,806
580351005,636,621,1257
580351006,646,732,1378
580351007,340,378,718
580351008,424,506,930
580351009,497,473,970
580351010,293,287,580
580351011,401,393,794
580351012,544,539,1083
580351013,804,913,1717
580351014,323,357,680
580351015,470,490,960
580351016,372,397,769
580351017,362,383,745
580351018,255,256,511
580351101,386,418,804
580351102,365,378,743
580351103,667,681,1348
580351104,610,677,1287
580351105,314,344,658
580351106,522,556,1078
580351107,591,603,1194
580351108,344,350,694
580351109,165,173,338
580351110,356,353,709
580351111,21,6,27
580351112,551,550,1101
580351113,515,593,1108
580351114,479,441,920
580351115,541,518,1059
580351116,294,286,580
580351117,774,759,1533
580351118,382,415,797
580351119,319,365,684
580351120,289,296,585
580351121,408,412,820
580351122,464,460,924
580351123,314,379,693
580351124,227,227,454
580351125,263,274,537
580351126,286,265,551
580351201,375,426,801
580351202,177,236,413
580351203,294,324,618
580351204,604,601,1205
580351205,677,733,1410
580351206,369,403,772
580351207,329,363,692
580351208,349,378,727
580351209,480,517,997
580351210,359,362,721
580351211,231,260,491
580351212,313,338,651
580351213,350,352,702
580351214,338,364,702
580351215,471,461,932
580351216,406,411,817
580351301,281,333,614
580351302,212,209,421
580351303,138,137,275
580351304,194,202,396
580351305,197,222,419
580351306,347,398,745
580351307,360,331,691
580351308,244,254,498
580351309,391,471,862
580351310,581,548,1129
580351311,347,353,700
580351312,417,438,855
580351313,562,607,1169
580351314,372,361,733
580351315,479,527,1006
580351316,453,513,966
580351401,278,279,557
580351402,114,106,220
580351403,510,505,1015
580351404,459,482,941
580351405,389,430,819
580351406,216,251,467
580351407,479,448,927
580351408,454,468,922
580351409,442,446,888
580351410,628,656,1284
580351411,820,848,1668
580351412,501,545,1046
580351413,575,599,1174
580351414,615,676,1291
580351415,342,333,675
580351416,229,233,462
580351417,569,583,1152
580351418,667,698,1365
580351419,504,544,1048
580351420,78,63,141
580351421,356,370,726
580351422,349,381,730
580351501,567,619,1186
580351502,288,351,639
580351503,502,506,1008
580351504,391,417,808
580351505,627,685,1312
580351506,597,655,1252
580351507,548,568,1116
580351508,486,448,934
580351509,471,496,967
580351510,583,580,1163
580351511,508,533,1041
580351512,360,398,758
580351513,426,413,839
580351514,475,499,974
580351515,323,290,613
580351601,321,274,595
580351602,417,441,858
580351603,115,97,212
580351604,274,287,561
580351605,505,447,952
580351606,318,269,587
580351607,208,181,389
580351608,241,220,461
580351609,255,206,461
580351610,382,355,737
580351611,509,482,991
580351612,446,413,859
580351613,306,292,598
580351614,228,229,457
580351615,313,286,599
580351616,681,645,1326
580351617,75,60,135
580351618,124,97,221
580351619,223,186,409
580351620,124,112,236
580351701,442,433,875
580351702,329,365,694
580351703,197,235,432
580351704,434,455,889
580351705,150,181,331
580351706,308,340,648
580351707,510,516,1026
580351708,577,546,1123
580351709,578,598,1176
580351710,570,535,1105
580351711,601,646,1247
580351801,5,1,6
580351802,449,458,907
580351803,421,423,844
580351804,277,290,567
580351805,522,511,1033
580351806,327,344,671
580351807,514,524,1038
580351808,441,464,905
580351809,475,513,988
580351810,476,514,990
580351811,559,496,1055
580351812,669,617,1286
580351813,452,466,918
580351814,239,185,424
580351815,472,479,951
580351816,443,473,916
580351817,372,332,704
580351818,405,440,845
580351819,277,291,568
580351820,360,375,735
580351821,410,397,807
580351822,324,334,658
580351823,410,414,824
580351824,413,388,801
580351825,386,412,798
580351826,439,483,922
580351901,333,277,610
580351902,531,526,1057
580351903,407,453,860
580351904,463,491,954
580351905,531,560,1091
580351906,472,473,945
580351907,425,456,881
580351908,559,607,1166
580351909,580,602,1182
580351910,414,419,833
580351911,646,622,1268
580351912,157,160,317
580351913,364,364,728
580351914,281,266,547
580352001,156,171,327
580352002,360,347,707
580352003,63,77,140
580352004,164,145,309
580352005,53,37,90
580352006,171,98,269
580352007,758,698,1456
580352008,728,711,1439
580352009,396,410,806
580352010,517,507,1024
580352011,505,573,1078
580352012,791,868,1659
580352101,198,162,360
580352102,504,515,1019
580352103,444,484,928
580352104,636,611,1247
580352105,374,390,764
580352106,383,423,806
580352107,450,505,955
580352108,559,518,1077
580352109,454,500,954
580352110,522,543,1065
580352111,485,500,985
580352112,309,370,679
580352113,219,220,439
580352114,430,453,883
580352115,315,323,638
580352116,351,382,733
580352201,335,232,567
580352202,368,374,742
580352203,71,50,121
580352204,32,27,59
580352205,547,532,1079
580352206,454,482,936
580352207,416,428,844
580352208,489,569,1058
580352209,380,424,804
580352210,390,423,813
580352211,647,691,1338
580352212,227,269,496
580352213,435,437,872
580352214,427,449,876
580352215,239,263,502
580352216,273,299,572
580352217,602,673,1275
580352218,241,258,499
580352219,532,555,1087
580352220,430,478,908
580352221,440,434,874
580352301,101,74,175
580352302,461,475,936
580352303,342,361,703
580352304,368,417,785
580352305,326,315,641
580352306,274,238,512
580352307,396,408,804
580352308,418,412,830
580352309,475,538,1013
580352310,352,432,784
580352311,420,493,913
580352312,403,440,843
580352313,426,467,893
580352314,432,436,868
580352315,349,367,716
580352316,385,387,772
580352317,454,438,892
580352318,295,290,585
580352319,597,588,1185
580352320,330,340,670
580352321,341,317,658
580352322,11,4,15
580352323,408,386,794
580352324,370,340,710
580352325,352,364,716
580352326,370,379,749
580352327,334,344,678
580352401,451,495,946
580352402,451,500,951
580352403,878,907,1785
580352404,745,765,1510
580352405,521,520,1041
580352406,483,463,946
580352407,461,467,928
580352408,505,504,1009
580352409,419,426,845
580352410,578,595,1173
580352411,691,687,1378
580352412,561,630,1191
580352413,405,428,833
580352414,346,344,690
580352501,656,681,1337
580352502,591,633,1224
580352503,601,661,1262
580352504,354,393,747
580352505,277,297,574
580352506,274,298,572
580352507,376,398,774
580352508,246,289,535
580352509,319,342,661
580352510,485,518,1003
580352511,429,408,837
580352512,441,502,943
580352513,512,567,1079
580352514,621,616,1237
580352515,469,447,916
580352516,492,503,995
580352517,591,579,1170
580420101,187,132,319
580420102,138,62,200
580420103,141,113,254
580420104,100,79,179
580420105,169,182,351
580420106,247,191,438
580420107,43,49,92
580420108,64,54,118
580420109,77,105,182
580420201,372,292,664
580420202,389,451,840
580420203,392,398,790
580420204,287,299,586
580420205,340,346,686
580420206,361,366,727
580420207,432,426,858
580420208,422,475,897
580420209,299,283,582
580420210,283,312,595
580420211,547,637,1184
580420212,353,360,713
580420213,306,320,626
580420214,449,459,908
580420215,312,347,659
580420216,314,305,619
580420217,583,606,1189
580490101,14,4,18
580490102,92,56,148
580490103,22,15,37
580490201,34,39,73
580490202,271,231,502
580490203,109,99,208
580490204,148,137,285
580490205,175,193,368
580490301,220,159,379
580490302,37,21,58
580490401,472,472,944
580490402,270,250,520
580490403,510,515,1025
580490404,429,438,867
580490405,292,338,630
580490406,370,395,765
580490407,763,764,1527
580490408,488,473,961
580490409,428,432,860
580490410,290,305,595
580490411,397,395,792
580490412,360,380,740
580490413,528,575,1103
580490414,341,372,713
580490415,303,304,607
580560101,138,124,262
580560102,30,18,48
580560104,15,12,27
580560105,197,190,387
580560201,59,40,99
580560202,50,23,73
580560203,42,10,52
580560204,32,22,54
580560205,57,30,87
580560206,65,40,105
580560301,287,275,562
580560302,548,530,1078
580560303,523,499,1022
580560304,517,487,1004
580560305,546,563,1109
580560306,553,532,1085
580560307,347,316,663
580560308,634,618,1252
580560309,275,300,575
580560310,224,204,428
580560401,375,329,704
580560402,392,399,791
580560403,376,414,790
580560404,281,305,586
580560405,749,756,1505
580560406,506,477,983
580560407,709,726,1435
580560408,479,492,971
580560409,308,303,611
580560410,247,256,503
580560411,94,99,193
580560501,47,22,69
580560502,252,302,554
580560503,147,171,318
580560504,252,255,507
580560505,552,591,1143
580560506,486,430,916
580560507,635,639,1274
580560508,427,469,896
580560509,416,445,861
580560510,250,273,523
580560511,274,315,589
580560512,244,297,541
580560513,273,269,542
580560514,230,253,483
580560515,218,277,495
580560516,196,265,461
580560517,235,297,532
580630101,75,42,117
580630102,142,113,255
580630103,45,30,75
580630104,298,267,565
580630105,198,238,436
580630106,17,4,21
580630107,35,23,58
580630108,59,29,88
580630109,186,114,300
580630110,73,60,133
580630111,960,1035,1995
580630112,806,843,1649
580630113,605,628,1233
580700101,45,31,76
580700102,106,52,158
580700103,506,495,1001
580700104,303,350,653
580700105,649,660,1309
580700106,375,378,753
580700107,785,762,1547
580700108,324,325,649
580700109,319,330,649
580700110,495,513,1008
580700111,523,488,1011
580700112,257,233,490
580700113,495,480,975
580700114,531,487,1018
580700201,78,54,132
580700202,99,53,152
580700203,30,31,61
580700204,191,165,356
580770101,0,0,0
580770102,241,220,461
580770103,312,273,585
580770104,174,137,311
580770105,253,223,476
580770106,428,412,840
580770201,215,209,424
580770202,88,100,188
580770203,151,135,286
580770204,181,117,298
580770205,370,385,755
580770206,155,122,277
580770207,370,363,733
580770208,651,644,1295
580770210,149,156,305
580840101,16,11,27
580840102,362,359,721
580840103,133,129,262
580840104,68,22,90
580840105,269,244,513
580840106,447,431,878
580840107,163,117,280
580840108,183,155,338
580840109,204,163,367
580840110,23,8,31
580840111,242,240,482
580840112,33,17,50
580840113,6,4,10
580840114,23,12,35
580840115,1,0,1
580840116,310,297,607
580910101,44,21,65
580910102,107,120,227
580910103,393,389,782
580910104,46,26,72
580910105,127,13,140
580910106,224,195,419
580910107,698,683,1381
580910108,537,525,1062
580910109,92,42,134
580910201,152,13,165
580910202,19,8,27
580910203,18,10,28
580910204,13,4,17
580910205,89,81,170
580910301,104,24,128
580910302,382,197,579
580910303,585,435,1020
580910304,850,653,1503
580910305,587,382,969
580910306,295,241,536
580910307,190,156,346
580910308,294,242,536
580910309,329,295,624
580910310,273,227,500
580910311,527,470,997
580910312,285,283,568
580910313,283,270,553
580910314,266,229,495
580910315,266,205,471
580910316,228,208,436
580910317,376,341,717
580910318,522,510,1032
580910319,427,384,811
580910320,421,406,827
580910321,453,407,860
580910322,441,387,828
580910323,470,450,920
580910324,521,553,1074
580910325,376,367,743
580910326,275,263,538
580910327,395,392,787
580980101,132,106,238
580980102,7,0,7
580980103,737,735,1472
580980104,823,849,1672
580980105,154,106,260
580980201,65,19,84
580980202,243,198,441
580980203,28,8,36
580980204,95,66,161
580980205,113,94,207
581050101,90,71,161
581050102,202,230,432
581050103,426,430,856
581050104,487,478,965
581050105,431,399,830
581050106,842,878,1720
581050201,7,2,9
581050202,21,16,37
581050203,35,10,45
581050204,176,135,311
581050205,64,17,81
581050206,21,8,29
581050207,128,74,202
581050208,41,19,60
581050209,95,87,182
581050210,54,38,92
581050211,378,414,792
581050212,44,7,51
581050213,48,47,95
581050214,38,34,72
581120101,147,115,262
581120102,34,32,66
581120103,205,164,369
581120104,63,46,109
581120105,124,68,192
581120106,65,35,100
581120107,58,58,116
581120108,51,33,84
581120109,61,64,125
581120201,148,93,241
581120202,185,171,356
581120203,50,33,83
581120205,372,347,719
581120206,373,387,760
581120207,198,162,360
581120208,400,421,821
581120301,246,268,514
581120302,700,760,1460
581120303,702,860,1562
581120304,693,752,1445
581120305,622,617,1239
581120306,432,464,896
581120307,598,622,1220
581120308,680,740,1420
581120309,479,496,975
581120310,509,615,1124
581120311,412,402,814
581120312,380,420,800
581120313,294,326,620
581120314,378,416,794
581120315,212,208,420
581120316,338,342,680
581120401,298,286,584
581120402,446,459,905
581120403,85,37,122
581120404,621,667,1288
581120405,437,418,855
581120406,263,259,522
581120407,313,282,595
581120408,473,522,995
581120409,197,223,420
581120410,226,276,502
581120411,270,292,562
581120412,314,320,634
581120413,600,601,1201
581120414,194,192,386
581120415,502,552,1054
581120416,190,209,399
581120417,23,24,47
581120418,748,800,1548
581120419,537,539,1076
581120420,419,456,875
581120421,609,624,1233
620070101,24,14,38
620070201,47,17,64
620070301,31,12,43
620070302,248,257,505
620070303,177,174,351
620070401,43,4,47
620070501,306,305,611
620070502,228,242,470
620070503,432,423,855
620070504,195,207,402
620070505,198,231,429
620070506,212,284,496
620070507,230,289,519
620070508,212,269,481
620070509,194,235,429
620070510,465,473,938
620070511,251,290,541
620070601,120,92,212
620070602,429,317,746
620070603,363,286,649
620070604,666,148,814
620070605,8,3,11
620070606,70,63,133
620070607,288,242,530
620070608,657,695,1352
620070609,523,560,1083
620070610,407,413,820
620070611,299,304,603
620070612,494,582,1076
620070613,184,185,369
620070614,232,223,455
620070701,267,275,542
620070702,343,374,717
620070703,309,293,602
620070704,532,583,1115
620070705,540,555,1095
620070706,352,329,681
620070707,682,761,1443
620070708,682,773,1455
620070709,209,227,436
620070710,85,94,179
620070711,1015,1109,2124
620070712,377,426,803
620070713,448,471,919
620070801,233,226,459
620070802,188,225,413
620070803,50,29,79
620070804,473,506,979
620070805,563,580,1143
620070806,655,670,1325
620070807,309,359,668
620070808,352,363,715
620070809,239,216,455
620070810,428,461,889
620070811,447,460,907
620070812,265,270,535
620070813,310,332,642
620070814,272,274,546
620070815,226,246,472
620070816,208,221,429
620070817,190,221,411
620070818,254,243,497
620070901,41,29,70
620070902,117,107,224
620070903,22,35,57
620070904,66,53,119
620070905,50,36,86
620070906,100,90,190
620071001,193,248,441
620071002,208,241,449
620071003,263,349,612
620071004,192,240,432
620071005,256,281,537
620071006,214,269,483
620071007,300,321,621
620071008,191,245,436
620071009,187,223,410
620071010,179,216,395
620071011,182,213,395
620071012,295,323,618
620071013,335,337,672
620071101,548,624,1172
620071102,251,296,547
620071103,589,550,1139
620071104,541,533,1074
620071105,239,197,436
620071106,334,336,670
620071107,390,366,756
620071108,403,427,830
620071109,451,484,935
620071110,325,342,667
620071111,587,595,1182
620071112,654,622,1276
620140101,90,29,119
620140102,551,292,843
620140103,516,528,1044
620140104,601,581,1182
620140105,523,503,1026
620140106,43,28,71
620140107,0,0,0
620140108,397,314,711
620140109,100,81,181
620140110,474,452,926
620140111,781,625,1406
620140112,329,320,649
620140201,428,428,856
620140202,278,288,566
620140203,341,391,732
620140204,449,475,924
620140301,572,635,1207
620140302,269,231,500
620140303,447,389,836
620140304,603,573,1176
620140401,631,641,1272
620140402,428,469,897
620140403,351,368,719
620140404,423,481,904
620140405,312,348,660
620140406,330,369,699
620140407,314,354,668
620140408,656,634,1290
620140409,250,273,523
620140410,418,494,912
620140501,36,7,43
620140601,402,389,791
620140602,395,413,808
620140603,310,378,688
620140604,343,348,691
620140605,397,345,742
620140606,266,284,550
620140607,458,412,870
620140608,424,439,863
620140609,419,412,831
620140701,283,39,322
620140801,71,24,95
620140901,329,282,611
620140902,187,193,380
620140903,27,14,41
620141001,114,76,190
620141002,268,255,523
620141003,340,347,687
620141101,272,224,496
620141102,468,537,1005
620141103,296,301,597
620210101,244,293,537
620210102,564,576,1140
620210103,158,163,321
620210104,341,318,659
620210105,172,151,323
620210106,315,322,637
620210107,293,314,607
620210108,284,293,577
620210109,251,254,505
620210110,385,337,722
620210111,407,366,773
620210112,204,186,390
620210201,130,145,275
620210202,246,214,460
620210203,536,547,1083
620210204,445,438,883
620210205,492,480,972
620210206,605,587,1192
620210207,322,378,700
620210208,464,500,964
620210209,316,333,649
620210210,418,441,859
620210211,537,549,1086
620210212,337,329,666
620210301,438,562,1000
620210302,97,133,230
620210303,150,182,332
620210304,400,442,842
620210305,257,310,567
620210306,90,128,218
620210307,104,124,228
620210308,139,157,296
620210309,300,294,594
620210310,306,321,627
620210311,176,205,381
620210312,182,215,397
620210313,210,271,481
620210401,89,50,139
620210402,139,86,225
620210403,33,26,59
620210501,463,292,755
620210502,179,137,316
620210503,72,38,110
620210601,153,178,331
620210602,243,267,510
620210603,163,200,363
620210604,269,314,583
620210605,184,196,380
620210606,259,276,535
620210607,320,368,688
620210608,460,485,945
620210701,371,325,696
620210702,183,166,349
620210703,165,171,336
620210704,228,178,406
620210705,453,421,874
620210706,533,509,1042
620210707,687,632,1319
620210708,204,160,364
620210709,504,483,987
620210710,207,206,413
620210801,237,291,528
620210802,214,235,449
620210803,347,351,698
620210804,229,217,446
620210805,394,437,831
620210806,334,342,676
620210807,363,363,726
620210808,396,377,773
620210809,539,581,1120
620210810,582,608,1190
620210901,266,318,584
620210902,356,430,786
620210903,551,581,1132
620210904,580,558,1138
620210905,437,471,908
620210906,290,256,546
620210907,290,327,617
620210908,580,593,1173
620210909,302,324,626
620211001,447,437,884
620211002,466,482,948
620211003,413,385,798
620211004,329,307,636
620211005,582,620,1202
620211006,398,428,826
620211007,302,310,612
620211008,381,340,721
620211009,379,373,752
620211010,354,351,705
620211011,319,328,647
620211101,380,288,668
620211102,309,298,607
620211103,400,409,809
620211104,354,357,711
620211105,326,324,650
620211106,340,375,715
620211107,253,273,526
620211108,224,255,479
620211109,297,296,593
620211110,297,289,586
620211111,428,455,883
620211112,505,492,997
620211113,308,323,631
620211114,241,211,452
620211201,300,330,630
620211202,274,266,540
620211203,223,219,442
620211204,199,207,406
620211205,195,184,379
620211206,323,308,631
620211207,307,285,592
620211208,574,570,1144
620211209,51,37,88
620211301,224,242,466
620211302,348,388,736
620211303,298,355,653
620211304,284,286,570
620211305,316,332,648
620211306,292,307,599
620211307,313,337,650
620211308,303,305,608
620211309,170,187,357
620211310,267,317,584
620211311,307,359,666
620211401,309,321,630
620211402,628,628,1256
620211403,657,598,1255
620211404,692,590,1282
620211405,685,727,1412
620211406,342,325,667
620211407,339,294,633
620211408,527,518,1045
620211409,629,655,1284
620211410,638,546,1184
620211411,561,544,1105
620211412,318,388,706
620211413,307,306,613
620211414,372,361,733
620211415,395,381,776
620211416,469,488,957
620211417,367,329,696
620211418,72,64,136
620211501,304,361,665
620211502,248,363,611
620211503,289,369,658
620211504,129,182,311
620211505,179,206,385
620211506,343,422,765
620211507,175,194,369
620211508,176,212,388
620211509,152,191,343
620211510,248,269,517
620211511,202,253,455
620211512,243,258,501
620211601,452,453,905
620211602,387,393,780
620211603,552,613,1165
620211604,464,490,954
620211605,352,374,726
620211606,524,530,1054
620211607,574,546,1120
620211608,586,612,1198
620211609,390,432,822
620211701,384,394,778
620211702,388,396,784
620211703,276,318,594
620211704,361,344,705
620211705,539,549,1088
620211706,468,461,929
620211707,432,448,880
620211708,545,548,1093
620211709,414,391,805
620211710,416,438,854
620211801,351,345,696
620211802,348,341,689
620211803,329,319,648
620211804,246,256,502
620211805,289,302,591
620211806,267,267,534
620211807,313,325,638
620211808,263,246,509
620211809,450,511,961
620211901,241,287,528
620211902,352,359,711
620211903,341,354,695
620211904,374,405,779
620211905,304,286,590
620211906,240,233,473
620211907,153,149,302
620211908,536,536,1072
620211909,247,254,501
620211910,293,331,624
620211911,416,449,865
620211912,371,377,748
620280101,13,2,15
620280102,73,34,107
620280103,107,73,180
620280104,425,344,769
620280105,217,182,399
620280201,53,17,70
620280301,24,21,45
620280401,498,526,1024
620280402,433,463,896
620280403,256,311,567
620280404,493,514,1007
620280405,304,312,616
620280406,446,483,929
620280407,210,235,445
620350101,288,237,525
620350102,244,254,498
620350103,116,136,252
620350104,135,176,311
620350105,83,87,170
620350106,137,73,210
620350107,92,57,149
620350108,39,3,42
620350109,58,29,87
620350110,383,343,726
620350111,429,224,653
620350112,228,209,437
620350113,323,253,576
620350114,332,312,644
620420101,38,33,71
620420102,96,81,177
620420103,215,233,448
620420104,46,23,69
620420201,81,77,158
620420202,324,241,565
620420301,24,12,36
620420401,625,631,1256
620420402,426,388,814
620420403,323,284,607
620420404,403,388,791
620420405,488,512,1000
620420406,370,301,671
620420407,143,113,256
620420408,302,201,503
620420409,191,138,329
620420410,371,398,769
620420411,332,340,672
620420412,426,434,860
620420501,234,215,449
620420502,249,215,464
620420503,86,77,163
620420504,348,373,721
620420505,300,308,608
620420506,443,489,932
620420601,480,522,1002
620420602,569,591,1160
620420603,279,279,558
620420604,325,349,674
620420605,383,394,777
620420606,326,351,677
620420607,447,457,904
620420608,241,262,503
620420609,312,375,687
620420610,290,320,610
620420611,232,280,512
620420612,186,254,440
620420613,267,316,583
620420614,284,315,599
620420615,430,498,928
620420701,690,695,1385
620420702,795,738,1533
620420703,272,227,499
620420704,370,355,725
620420705,728,617,1345
620420706,226,190,416
620420707,401,329,730
620420708,291,284,575
620420709,356,288,644
620420710,385,382,767
620420711,342,342,684
620420712,201,178,379
620420713,578,598,1176
620420714,713,685,1398
620420715,392,392,784
620420716,365,358,723
620420717,262,218,480
620420801,393,413,806
620420802,395,419,814
620420803,331,305,636
620420804,236,271,507
620420805,220,237,457
620420806,340,350,690
620420807,324,381,705
620420808,294,342,636
620420809,159,238,397
620420810,233,283,516
620420901,368,370,738
620420902,600,557,1157
620420903,495,445,940
620420904,288,346,634
620420905,387,442,829
620420906,509,514,1023
620420907,542,530,1072
620420908,402,395,797
620420909,355,356,711
620420910,336,392,728
620421001,577,595,1172
620421002,402,407,809
620421003,353,384,737
620421004,252,267,519
620421005,390,371,761
620421006,385,414,799
620421007,355,357,712
620421008,397,377,774
620421009,453,489,942
620421010,449,492,941
620421011,354,353,707
620421012,245,285,530
620421013,218,260,478
620421101,377,332,709
620421102,397,363,760
620421103,293,281,574
620421104,406,331,737
620421105,494,422,916
620421106,441,393,834
620421107,440,423,863
620421108,270,243,513
620421109,413,392,805
620421110,559,559,1118
620421111,265,300,565
620421112,416,367,783
620421201,472,461,933
620421202,564,595,1159
620421203,515,507,1022
620421204,359,375,734
620421205,187,217,404
620421206,226,230,456
620421207,420,460,880
620421208,324,388,712
620421209,278,327,605
620421210,221,273,494
620421211,176,227,403
620421212,210,251,461
620421213,207,247,454
620421214,119,158,277
620421301,436,425,861
620421302,594,569,1163
620421303,427,463,890
620421304,564,533,1097
620421305,511,435,946
620421306,617,615,1232
620421401,412,374,786
620421402,41,25,66
620421403,528,496,1024
620421404,282,282,564
620421405,555,525,1080
620421406,223,161,384
620421407,428,394,822
620421408,370,341,711
620421409,321,241,562
620421410,186,174,360
620421411,395,393,788
620421412,158,168,326
620421501,598,627,1225
620421502,369,329,698
620421503,442,367,809
620421504,389,314,703
620421505,305,320,625
620421506,321,332,653
620421507,376,436,812
620421508,231,236,467
620421601,447,469,916
620421602,248,233,481
620421603,336,352,688
620421604,381,317,698
620421701,513,471,984
620421702,398,311,709
620421801,343,399,742
620421802,195,231,426
620421803,548,568,1116
620421804,373,399,772
620421805,421,447,868
620421806,324,359,683
620421807,598,615,1213
620421901,412,455,867
620421902,371,336,707
620421903,440,448,888
620421904,528,503,1031
620421905,149,146,295
620422001,144,117,261
620422002,299,344,643
620422003,174,227,401
620422004,184,249,433
620422005,144,192,336
620422006,403,411,814
620422007,344,382,726
620422008,212,239,451
620422009,160,205,365
620422010,168,202,370
620422011,319,367,686
620422012,290,305,595
620422013,397,454,851
620422101,465,437,902
620422102,254,236,490
620422103,563,606,1169
620422104,273,292,565
620422105,406,380,786
620422106,352,341,693
620422107,502,446,948
620422108,190,211,401
620422109,212,159,371
620422201,646,727,1373
620422202,114,125,239
620422203,509,460,969
620422204,146,105,251
620422205,616,610,1226
620422206,413,394,807
620422301,434,447,881
620422302,381,383,764
620422303,308,304,612
620422304,357,380,737
620422305,659,673,1332
620422306,363,382,745
620422307,313,297,610
620422308,276,281,557
620422309,298,317,615
620422310,280,266,546
620422311,522,563,1085
620422401,393,456,849
620422402,318,336,654
620422403,345,406,751
620422404,515,572,1087
620422405,515,498,1013
620422406,251,298,549
620422407,227,260,487
620422408,415,458,873
620422501,533,539,1072
620422502,508,487,995
620422503,614,697,1311
620422504,327,341,668
620422505,573,593,1166
620422506,362,378,740
620422507,439,462,901
620422508,584,601,1185
620422509,446,452,898
620422510,533,557,1090
620422601,478,520,998
620422602,418,425,843
620422603,628,602,1230
620422604,303,319,622
620422605,333,325,658
620422606,364,392,756
620422607,302,309,611
620422608,265,290,555
620422609,442,443,885
620422610,332,311,643
620422611,243,251,494
620422612,368,372,740
620422613,356,392,748
620422614,257,319,576
620422615,183,190,373
620422701,346,349,695
620422702,346,405,751
620422703,204,249,453
620422704,197,253,450
620422705,237,264,501
620422706,237,264,501
620422707,241,253,494
620422708,403,459,862
620422709,409,427,836
620422710,393,453,846
620422711,281,290,571
620422712,369,351,720
620422713,435,461,896
620422714,364,384,748
620422715,305,297,602
620422801,535,553,1088
620422802,324,337,661
620422803,639,681,1320
620422804,567,620,1187
620422805,611,623,1234
620422806,623,624,1247
620422807,427,401,828
620422808,413,417,830
620422901,408,392,800
620422902,253,257,510
620422903,553,558,1111
620422904,494,453,947
620422905,426,413,839
620422906,420,474,894
620422907,434,389,823
620422908,550,533,1083
620422909,559,520,1079
620422910,524,490,1014
620423001,339,376,715
620423002,524,550,1074
620423003,321,352,673
620423004,379,390,769
620423005,331,344,675
620423006,59,56,115
620423007,579,587,1166
620423008,592,618,1210
620423009,552,580,1132
620423010,425,455,880
620423011,543,495,1038
620423012,180,190,370
620423101,667,655,1322
620423102,766,723,1489
620423103,532,552,1084
620423104,603,644,1247
620423105,637,712,1349
620423106,514,544,1058
620423107,637,688,1325
620423108,425,450,875
620423109,546,516,1062
620423201,323,382,705
620423202,356,397,753
620423203,348,361,709
620423204,534,622,1156
620423205,304,302,606
620423206,323,315,638
620423207,304,321,625
620423208,311,311,622
620423209,351,355,706
620423210,311,326,637
620423211,347,367,714
620423212,245,280,525
620423301,303,326,629
620423302,323,339,662
620423303,522,589,1111
620423304,388,475,863
620423305,304,332,636
620423306,206,244,450
620423307,188,210,398
620423308,177,205,382
620423309,231,288,519
620423310,255,315,570
620423311,408,458,866
620423401,390,423,813
620423402,712,724,1436
620423403,401,417,818
620423404,334,332,666
620423405,488,492,980
620423406,253,299,552
620423407,253,258,511
620423408,258,263,521
620423409,356,342,698
620423410,555,564,1119
620423501,241,282,523
620423502,247,341,588
620423503,273,361,634
620423504,246,346,592
620423505,251,318,569
620423506,265,308,573
620423507,453,482,935
620423508,294,321,615
620423509,395,451,846
620423601,398,394,792
620423602,286,304,590
620423603,349,388,737
620423604,357,401,758
620423605,248,279,527
620423606,237,310,547
620423607,388,397,785
620423608,410,433,843
620423609,350,394,744
620423610,257,290,547
620423611,372,406,778
620423612,350,387,737
620423701,410,373,783
620423702,339,334,673
620423703,456,500,956
620423704,446,442,888
620423705,535,541,1076
620423706,615,638,1253
620423707,575,563,1138
620423708,181,173,354
620423709,628,668,1296
620423710,535,580,1115
620423711,303,347,650
620423801,428,496,924
620423802,480,509,989
620423803,399,398,797
620423804,308,295,603
620423805,361,416,777
620423806,281,296,577
620423807,589,272,861
620423808,338,362,700
620423809,327,336,663
620423810,321,389,710
620423811,534,562,1096
620423812,273,295,568
620423813,332,369,701
620423814,594,645,1239
620423901,254,341,595
620423902,166,196,362
620423903,172,208,380
620423904,228,287,515
620423905,382,402,784
620423906,301,346,647
620423907,361,415,776
620423908,220,252,472
620423909,195,219,414
620423910,188,243,431
620423911,311,422,733
620423912,201,272,473
620424001,664,379,1043
620424002,356,323,679
620424003,592,662,1254
620424004,554,570,1124
620424005,295,313,608
620424006,307,325,632
620424007,399,437,836
620424008,243,289,532
620424009,582,584,1166
620424010,238,219,457
620424011,426,435,861
620424012,281,300,581
620424013,192,211,403
620424014,529,572,1101
620424101,250,341,591
620424102,256,301,557
620424103,231,257,488
620424104,150,162,312
620424105,315,335,650
620424106,232,295,527
620424107,204,250,454
620424108,310,363,673
620424109,221,234,455
620424110,176,223,399
620424111,306,315,621
620424112,354,386,740
620424113,267,252,519
620424114,241,255,496
620424201,453,441,894
620424202,474,483,957
620424203,299,354,653
620424204,374,392,766
620424205,292,297,589
620424206,601,600,1201
620424207,619,650,1269
620424208,505,539,1044
620424209,533,530,1063
620424210,322,359,681
620424301,501,498,999
620424302,160,175,335
620424303,292,289,581
620424304,222,286,508
620424305,422,457,879
620424306,593,663,1256
620424307,441,526,967
620424308,503,516,1019
620424309,510,568,1078
620424310,419,419,838
620424311,502,501,1003
620424312,626,626,1252
620490101,388,402,790
620490102,498,475,973
620490103,111,106,217
620490104,180,121,301
620490105,196,116,312
620490106,360,320,680
620490107,129,73,202
620560101,259,262,521
620560102,141,141,282
620560103,312,191,503
620560104,293,137,430
620630101,311,373,684
620630102,203,239,442
620630103,249,340,589
620630104,347,373,720
620630105,340,397,737
620630106,479,510,989
620630107,138,116,254
620630108,368,358,726
620630109,384,434,818
620630110,198,232,430
620630111,226,265,491
620630112,355,341,696
620630113,524,582,1106
620630114,165,214,379
620630115,339,345,684
620630116,176,193,369
620630117,351,357,708
620630118,268,254,522
620630201,470,466,936
620630202,160,125,285
620630203,99,77,176
620630204,195,189,384
620630205,385,318,703
620630301,37,17,54
620630302,73,28,101
620630401,103,21,124
620700101,384,373,757
620700102,369,434,803
620700103,329,365,694
620700104,335,267,602
620700105,164,138,302
620700106,234,166,400
620700107,239,162,401
620700201,339,350,689
620700202,299,285,584
620700203,501,526,1027
620700204,256,257,513
620700205,320,336,656
620770101,328,306,634
620770102,217,237,454
620770103,201,210,411
620770104,325,336,661
620770105,162,183,345
620770106,303,306,609
620770107,418,414,832
620770108,315,286,601
620770109,380,420,800
620770110,326,353,679
620770111,639,599,1238
620770112,491,494,985
620770113,284,283,567
620770114,203,230,433
620770115,185,212,397
620770116,271,263,534
620770117,366,342,708
620770201,489,514,1003
620770202,246,258,504
620770203,299,304,603
620770204,165,181,346
620770205,440,409,849
620770206,239,274,513
620770207,231,170,401
620770208,468,416,884
620770209,334,314,648
620770210,437,472,909
620770211,332,411,743
620770301,88,91,179
620770302,87,72,159
620770303,83,77,160
620770304,135,122,257
620770305,229,197,426
620770306,70,65,135
620770307,236,224,460
620770401,203,178,381
620770402,207,145,352
620770403,556,564,1120
620770404,670,623,1293
620770405,527,526,1053
620770406,572,569,1141
620770407,59,58,117
620770408,17,8,25
620770409,319,255,574
620770410,106,122,228
620770411,163,145,308
620770412,166,148,314
620770413,318,352,670
620770501,37,7,44
620770502,21,11,32
620770503,47,27,74
620770504,53,35,88
620770601,79,70,149
620770602,53,42,95
620770603,107,95,202
620770604,125,123,248
620770605,178,153,331
620770606,83,64,147
620770607,127,104,231
620840101,251,254,505
620840102,197,218,415
620840103,206,201,407
620840104,425,481,906
620840105,264,297,561
620840106,217,236,453
620840107,313,307,620
620840201,18,14,32
620840202,82,73,155
620840203,43,31,74
620840204,87,81,168
620840205,19,11,30
620840206,47,22,69
620840207,55,28,83
620840208,190,81,271
620840209,92,36,128
620849999,1080,1144,2224
620910101,745,792,1537
620910102,520,498,1018
620910103,723,714,1437
620910104,414,400,814
620910201,366,403,769
620910202,538,531,1069
620910203,325,331,656
620910301,312,361,673
620910302,234,251,485
620910303,386,415,801
620910304,428,438,866
620910305,608,635,1243
620910306,301,308,609
620910307,311,337,648
620910308,467,469,936
620910401,69,57,126
620910402,85,91,176
620910403,57,57,114
620910404,561,309,870
620910405,293,105,398
620910406,170,114,284
620910407,147,67,214
660070101,427,286,713
660070102,21,1,22
660070103,219,181,400
660070104,90,53,143
660070105,162,121,283
660070106,404,368,772
660070107,412,420,832
660070108,533,537,1070
660070201,195,139,334
660070202,123,55,178
660070203,13,6,19
660070204,237,192,429
660070205,461,402,863
660070206,25,13,38
660070207,526,535,1061
660070208,444,434,878
660070209,423,362,785
660070210,370,314,684
660070211,552,479,1031
660070212,569,502,1071
660070213,423,402,825
660070214,437,421,858
660070301,8,0,8
660070302,44,10,54
660070303,396,357,753
660070304,91,22,113
660070305,44,27,71
660070306,11,2,13
660070307,23,8,31
660070308,53,43,96
660070309,26,17,43
660070310,5,4,9
660070311,38,14,52
660070312,11,1,12
660070313,31,4,35
660070314,25,14,39
660070315,365,393,758
660070316,707,743,1450
660070317,565,573,1138
660070318,760,763,1523
660070319,463,506,969
660070320,648,671,1319
660070321,846,805,1651
660070322,575,580,1155
660070401,46,31,77
660070402,35,16,51
660070403,41,12,53
660070404,29,15,44
660070405,226,178,404
660070406,34,21,55
660070407,161,161,322
660070408,592,676,1268
660070409,91,56,147
660070410,108,106,214
660070411,33,12,45
660070412,62,68,130
660070413,89,87,176
660070414,223,209,432
660070415,328,353,681
660070416,736,814,1550
660070417,809,766,1575
660070418,619,693,1312
660070419,579,610,1189
660070420,613,640,1253
660070421,324,378,702
660070422,420,471,891
660070423,485,510,995
660070424,945,918,1863
660070425,577,556,1133
660070426,626,567,1193
660070427,609,634,1243
660070501,116,59,175
660070502,41,32,73
660070503,82,55,137
660070504,43,55,98
660070505,124,76,200
660070506,79,55,134
660070507,23,5,28
660070508,133,124,257
660070509,39,29,68
660070510,447,430,877
660070601,971,935,1906
660070602,46,18,64
660070603,56,28,84
660070604,50,41,91
660070605,37,13,50
660070606,112,94,206
660070607,123,104,227
660070608,81,93,174
660070609,112,87,199
660070610,72,63,135
660070611,178,159,337
660070612,106,83,189
660070613,15,5,20
660070614,680,648,1328
660070615,447,403,850
660070616,403,402,805
660070617,538,533,1071
660070618,378,398,776
660070619,510,546,1056
660070620,382,413,795
660070621,735,687,1422
660140101,319,322,641
660140102,83,87,170
660140103,267,237,504
660140104,267,265,532
660140201,6,9,15
660140202,1292,1230,2522
660140203,440,413,853
660140204,142,136,278
660140205,15,13,28
660140206,580,557,1137
660140207,308,327,635
660210101,179,142,321
660210102,71,60,131
660210103,436,432,868
660210104,557,600,1157
660210105,48,39,87
660210106,165,151,316
660210107,502,512,1014
660210108,648,677,1325
660210109,594,655,1249
660210110,653,658,1311
660210111,410,455,865
660210112,597,596,1193
660210113,538,525,1063
660210114,678,693,1371
660210115,604,597,1201
660210116,668,646,1314
660210201,6,9,15
660210202,34,15,49
660280101,242,242,484
660280102,113,117,230
660280103,79,54,133
660280104,785,723,1508
660280105,607,618,1225
660280106,726,482,1208
660280107,424,420,844
660280108,324,334,658
660280109,492,479,971
660280110,557,561,1118
660280111,472,489,961
660280112,728,752,1480
660280113,375,379,754
660280114,496,538,1034
660280115,332,369,701
660280116,228,214,442
660280117,742,752,1494
660280118,744,784,1528
660280119,602,693,1295
660280120,357,373,730
660280121,264,255,519
660280201,401,452,853
660280202,384,396,780
660280203,29,15,44
660280204,24,19,43
660280205,383,364,747
660280206,519,572,1091
660280207,760,804,1564
660280208,458,483,941
660280301,12,8,20
660280302,38,17,55
660280303,25,18,43
660280304,39,30,69
660280401,447,495,942
660280402,736,776,1512
660280403,626,643,1269
660280404,924,891,1815
660280405,989,950,1939
660280406,940,938,1878
660280407,765,765,1530
660280408,819,890,1709
660280409,491,619,1110
660280410,461,501,962
660280411,262,373,635
660280412,552,676,1228
660280413,591,784,1375
660280414,318,406,724
660280415,559,574,1133
660280416,402,413,815
660280417,1109,1159,2268
660280418,657,699,1356
660280419,631,680,1311
660280420,471,535,1006
660280421,430,459,889
660280422,874,974,1848
660280423,820,911,1731
660280501,807,878,1685
660280502,350,416,766
660280503,525,568,1093
660280504,495,519,1014
660280505,545,620,1165
660280506,631,642,1273
660280507,607,718,1325
660280508,625,690,1315
660280509,591,687,1278
660280510,782,809,1591
660280511,414,465,879
660280512,399,501,900
660280513,383,454,837
660280514,372,454,826
660280515,481,523,1004
660280516,666,792,1458
660280517,528,693,1221
660280518,335,401,736
660280519,276,325,601
660280520,347,349,696
660280601,604,654,1258
660280602,588,646,1234
660280603,585,600,1185
660280604,501,556,1057
660280605,630,698,1328
660280606,442,425,867
660280607,432,488,920
660280608,454,565,1019
660280609,323,408,731
660280610,430,527,957
660280611,608,719,1327
660280612,350,452,802
660280613,362,379,741
660280614,336,388,724
660280615,332,392,724
660280616,516,636,1152
660280617,317,412,729
660280618,308,356,664
660280619,510,602,1112
660280620,352,431,783
660280621,686,818,1504
660280622,611,735,1346
660280701,628,681,1309
660280702,697,730,1427
660280703,578,619,1197
660280704,581,619,1200
660280705,515,527,1042
660280706,467,545,1012
660280707,858,849,1707
660280708,711,758,1469
660280709,775,772,1547
660280710,673,755,1428
660280711,895,1048,1943
660280712,402,402,804
660280713,608,679,1287
660280714,585,596,1181
660280715,633,615,1248
660280716,648,712,1360
660280717,605,665,1270
660280801,162,22,184
660280802,381,433,814
660280803,378,478,856
660280804,439,488,927
660280805,401,464,865
660280806,582,822,1404
660280807,427,479,906
660280808,457,511,968
660280809,895,953,1848
660280810,476,573,1049
660280811,425,460,885
660280812,421,448,869
660280813,440,531,971
660280814,245,290,535
660280815,315,397,712
660280901,680,753,1433
660280902,750,799,1549
660280903,500,513,1013
660280904,516,597,1113
660280905,776,898,1674
660280906,839,862,1701
660280907,485,502,987
660280908,548,630,1178
660280909,668,821,1489
660280910,312,377,689
660280911,296,372,668
660280912,292,362,654
660280913,373,467,840
660280914,476,529,1005
660280915,281,358,639
660280916,334,375,709
660281001,383,469,852
660281002,499,594,1093
660281003,532,636,1168
660281004,484,565,1049
660281005,408,516,924
660281006,510,669,1179
660281007,320,383,703
660281008,228,282,510
660281009,384,514,898
660281010,391,511,902
660281011,212,338,550
660281012,366,455,821
660281013,304,396,700
660281101,389,428,817
660281102,262,271,533
660281103,365,482,847
660281104,274,366,640
660281105,381,463,844
660281106,308,421,729
660281107,272,379,651
660281108,202,306,508
660281109,207,333,540
660281110,218,316,534
660281111,211,257,468
660281112,281,398,679
660281113,237,332,569
660281114,290,402,692
660281115,188,270,458
660281116,110,152,262
660281201,456,475,931
660281202,295,361,656
660281203,287,338,625
660281204,275,383,658
660281205,197,270,467
660281206,441,437,878
660281207,185,243,428
660281208,231,283,514
660281209,240,284,524
660281210,421,445,866
660281211,1642,779,2421
660281212,936,963,1899
660281213,949,1044,1993
660281214,501,558,1059
660281215,538,557,1095
660281301,452,583,1035
660281302,166,197,363
660281303,313,469,782
660281304,244,277,521
660281305,580,623,1203
660281306,393,498,891
660281307,521,625,1146
660281308,300,368,668
660281309,213,287,500
660281310,286,374,660
660281311,200,264,464
660281401,474,588,1062
660281402,562,638,1200
660281403,482,577,1059
660281404,370,445,815
660281405,432,519,951
660281406,630,702,1332
660281407,664,776,1440
660281408,678,728,1406
660281409,630,744,1374
660281410,629,638,1267
660281411,826,922,1748
660281412,758,836,1594
660281413,703,789,1492
660281414,416,475,891
660281501,446,458,904
660281502,883,938,1821
660281503,901,927,1828
660281504,758,806,1564
660281505,746,839,1585
660281506,722,764,1486
660281507,840,834,1674
660281508,570,587,1157
660281509,508,526,1034
660281510,500,519,1019
660281511,823,832,1655
660281512,763,840,1603
660281513,594,633,1227
660281514,408,530,938
660281515,738,790,1528
660281516,444,522,966
660281517,349,442,791
660281518,633,684,1317
660281519,425,470,895
660281520,490,537,1027
660281521,451,479,930
660281522,650,702,1352
660281523,492,522,1014
660281524,842,872,1714
660281525,703,734,1437
660281601,757,818,1575
660281602,1133,1167,2300
660281603,431,502,933
660281604,579,607,1186
660281605,703,803,1506
660281606,639,729,1368
660281607,491,601,1092
660281608,660,671,1331
660281609,635,721,1356
660281610,714,766,1480
660281611,708,735,1443
660281612,498,598,1096
660281613,560,544,1104
660281614,644,710,1354
660281615,554,599,1153
660281616,728,708,1436
660281617,906,922,1828
660281618,901,876,1777
660281619,1017,1037,2054
660281701,316,492,808
660281702,392,433,825
660281703,431,418,849
660281704,381,381,762
660281705,470,508,978
660281706,361,377,738
660281707,672,723,1395
660281708,667,733,1400
660281709,621,683,1304
660281710,411,442,853
660281711,439,450,889
660281712,754,800,1554
660281713,685,706,1391
660281714,901,955,1856
660281715,561,579,1140
660281716,671,682,1353
660281801,466,594,1060
660281802,720,805,1525
660281803,390,510,900
660281804,461,461,922
660281805,487,495,982
660281806,542,582,1124
660281807,436,479,915
660281808,391,474,865
660281809,433,488,921
660281810,512,511,1023
660281811,636,706,1342
660281812,461,546,1007
660281813,630,639,1269
660281814,679,703,1382
660281815,479,495,974
660281816,532,575,1107
660281817,567,595,1162
660281818,558,562,1120
660281901,746,771,1517
660281902,650,687,1337
660281903,490,542,1032
660281904,527,535,1062
660281905,783,794,1577
660281906,602,653,1255
660281907,610,663,1273
660281908,530,553,1083
660281909,558,583,1141
660281910,947,967,1914
660281911,639,695,1334
660281912,402,451,853
660281913,543,658,1201
660281914,636,684,1320
660281915,615,673,1288
660282001,403,437,840
660282002,589,648,1237
660282003,392,440,832
660282004,513,563,1076
660282005,307,362,669
660282006,285,342,627
660282007,776,794,1570
660282008,641,606,1247
660282009,740,746,1486
660282010,483,527,1010
660282011,798,888,1686
660282012,729,761,1490
660282013,535,612,1147
660282014,692,742,1434
660282015,677,748,1425
660282016,749,799,1548
660282017,772,772,1544
660282018,1077,1136,2213
660282019,446,482,928
660282101,317,403,720
660282102,275,315,590
660282103,231,236,467
660282104,692,771,1463
660282105,870,970,1840
660282106,726,811,1537
660282107,481,524,1005
660282108,366,433,799
660282109,336,413,749
660282110,184,234,418
660282111,422,457,879
660282112,416,452,868
660282113,523,580,1103
660282114,438,425,863
660282115,724,806,1530
660282116,871,997,1868
660282117,762,778,1540
660282118,535,625,1160
660282119,617,684,1301
660282120,673,716,1389
660282121,752,814,1566
660282122,584,679,1263
660282123,439,506,945
660282124,421,495,916
660282201,586,626,1212
660282202,359,434,793
660282203,746,762,1508
660282204,961,992,1953
660282205,405,479,884
660282206,449,524,973
660282207,429,477,906
660282208,510,603,1113
660282209,531,592,1123
660282210,589,670,1259
660282211,476,542,1018
660282212,726,784,1510
660282213,695,750,1445
660282214,750,874,1624
660282301,846,808,1654
660282302,592,606,1198
660282303,1023,1026,2049
660282304,833,805,1638
660282305,856,877,1733
660282306,803,799,1602
660282307,823,818,1641
660282308,844,845,1689
660282309,887,1007,1894
660282310,754,838,1592
660282311,866,913,1779
660282312,751,756,1507
660282313,871,931,1802
660282314,879,897,1776
660282315,809,789,1598
660282316,684,713,1397
660282317,771,830,1601
660282318,735,769,1504
660282401,202,181,383
660282402,369,374,743
660282403,654,668,1322
660282404,806,880,1686
660282405,791,806,1597
660282406,653,722,1375
660282407,463,514,977
660282408,928,954,1882
660282409,790,832,1622
660282410,995,1008,2003
660282411,938,957,1895
660282412,1086,1123,2209
660282501,758,807,1565
660282502,437,437,874
660282503,437,455,892
660282504,510,508,1018
660282505,281,294,575
660282506,415,437,852
660282507,520,531,1051
660282508,743,788,1531
660282509,476,519,995
660282510,725,815,1540
660282511,746,841,1587
660282512,441,507,948
660282513,396,438,834
660282514,552,629,1181
660282515,593,724,1317
660282601,618,593,1211
660282602,590,678,1268
660282603,622,686,1308
660282604,490,498,988
660282605,510,559,1069
660282606,622,640,1262
660282607,896,990,1886
660282608,913,1009,1922
660282609,967,1075,2042
660282610,1012,1115,2127
660282611,861,920,1781
660282612,1084,1187,2271
660282613,933,998,1931
660282614,1022,1126,2148
660282615,786,812,1598
660282616,734,749,1483
660282617,928,957,1885
660282618,646,705,1351
660282619,806,854,1660
660282620,707,749,1456
660282701,530,552,1082
660282702,491,554,1045
660282703,766,760,1526
660282704,746,760,1506
660282705,604,622,1226
660282706,486,546,1032
660282707,546,555,1101
660282708,586,607,1193
660282709,663,674,1337
660282710,533,551,1084
660282711,668,660,1328
660282712,678,697,1375
660282713,801,861,1662
660282714,668,686,1354
660282715,784,776,1560
660282801,357,424,781
660282802,336,428,764
660282803,405,471,876
660282804,353,388,741
660282805,534,611,1145
660282806,842,887,1729
660282807,653,681,1334
660282808,564,638,1202
660282809,966,1055,2021
660282810,867,924,1791
660282811,710,756,1466
660282812,692,724,1416
660282813,949,1016,1965
660282814,468,506,974
660282815,474,497,971
660350101,121,101,222
660350102,438,425,863
660350103,612,384,996
660350104,32,15,47
660350105,314,244,558
660350106,752,645,1397
660350107,79,72,151
660350108,363,332,695
660350109,973,999,1972
660350110,585,615,1200
660350111,505,593,1098
660350112,523,561,1084
660350113,564,610,1174
660350114,625,638,1263
660350115,395,429,824
660350116,702,706,1408
660350117,873,900,1773
660350118,533,547,1080
660350119,384,429,813
660350120,699,705,1404
660350121,458,440,898
660350122,603,651,1254
660350123,675,723,1398
660350124,634,676,1310
660350201,807,817,1624
660350202,474,372,846
660350203,383,307,690
660350204,26,12,38
660350205,101,59,160
660350206,568,580,1148
660350207,189,140,329
660350208,388,355,743
660350209,609,604,1213
660350210,750,779,1529
660350211,540,532,1072
660350212,714,801,1515
660420101,153,116,269
660420102,83,60,143
660420103,521,534,1055
660420104,926,881,1807
660420105,299,290,589
660420106,455,399,854
660420107,144,116,260
660420108,489,528,1017
660420109,561,606,1167
660420110,406,429,835
660420111,557,570,1127
660420201,302,284,586
660420202,425,426,851
660420203,789,790,1579
660420204,5,4,9
660420205,941,918,1859
660420206,924,898,1822
660420207,650,702,1352
660420208,790,782,1572
660420209,476,532,1008
660420210,470,479,949
660490101,52,25,77
660490102,127,93,220
660490103,291,256,547
660490104,802,778,1580
660490105,812,898,1710
660490106,618,602,1220
660490107,670,653,1323
660490201,235,181,416
660490202,45,37,82
660490203,9,4,13
660490204,77,51,128
660490205,159,165,324
660490206,99,72,171
660490207,32,9,41
660490208,56,24,80
660490209,64,64,128
660490210,25,18,43
660490211,426,478,904
660490212,486,490,976
660490213,786,819,1605
660490214,502,538,1040
660490215,526,539,1065
660490216,427,444,871
660490217,684,697,1381
660490301,392,310,702
660490302,509,487,996
660490303,62,58,120
660490304,465,430,895
660490305,735,798,1533
660490306,497,494,991
660490307,454,532,986
660490308,399,440,839
660490309,436,426,862
660490401,537,582,1119
660490402,523,530,1053
660490403,874,819,1693
660490404,576,637,1213
660490405,569,604,1173
660490406,423,403,826
660490407,456,405,861
660490408,414,480,894
660490409,633,629,1262
660490410,1039,1051,2090
660490411,502,547,1049
660490412,597,565,1162
660490413,454,493,947
660490414,374,420,794
660490415,518,519,1037
660490416,589,606,1195
660490417,422,408,830
660490418,474,492,966
660490419,410,402,812
660490420,373,370,743
660490421,447,448,895
660490422,358,385,743
660560101,71,66,137
660560102,720,668,1388
660560103,483,432,915
660560104,38,6,44
660560105,638,686,1324
660560106,835,931,1766
660560107,517,522,1039
660560108,379,408,787
660560109,586,646,1232
660560110,410,450,860
660560111,454,486,940
660560112,944,974,1918
660560113,360,368,728
660560114,615,683,1298
660560115,513,563,1076
660560116,315,292,607
660560117,555,541,1096
660560118,583,600,1183
660560119,750,757,1507
660560120,410,415,825
660560201,241,114,355
660560202,268,180,448
660560203,744,749,1493
660560204,818,775,1593
660560205,264,236,500
660560206,154,121,275
660560207,141,10,151
660560208,329,291,620
660560209,264,241,505
660560210,607,609,1216
660560211,521,480,1001
660560212,416,449,865
660560213,705,754,1459
660560214,341,376,717
660560215,361,346,707
660560216,497,484,981
660560217,326,342,668
660560218,602,632,1234
660560301,540,483,1023
660560302,532,535,1067
660560303,305,235,540
660560304,379,367,746
660560305,843,843,1686
660560306,695,639,1334
660560307,666,615,1281
660560401,331,269,600
660560402,419,430,849
660560403,283,254,537
660560404,80,6,86
660560405,636,646,1282
660560406,105,135,240
660560407,157,174,331
660560408,424,420,844
660560409,314,329,643
660560410,681,643,1324
660560411,368,337,705
660560501,65,1,66
660560502,76,27,103
660560503,215,144,359
660560504,569,521,1090
660560505,502,479,981
660560601,37,15,52
660560602,179,188,367
660560603,362,297,659
660560604,98,62,160
660560605,143,126,269
660560606,119,113,232
660560607,85,56,141
660560608,720,664,1384
660560609,105,87,192
660560610,63,43,106
660560611,418,387,805
660560612,498,550,1048
660560613,637,665,1302
660560614,684,728,1412
660560615,816,757,1573
660560616,1006,955,1961
660560617,657,619,1276
660560618,833,928,1761
660560619,374,398,772
660560620,446,444,890
660560621,619,620,1239
660560622,514,524,1038
660560623,327,364,691
660560624,1419,1322,2741
660560625,287,359,646
660560626,712,727,1439
660560627,461,454,915
660560628,500,524,1024
660560629,382,349,731
660560630,294,237,531
660560701,1147,1197,2344
660560702,622,673,1295
660560703,614,659,1273
660560704,420,460,880
660560705,539,586,1125
660560706,668,735,1403
660560707,104,83,187
660560708,884,879,1763
660560709,518,528,1046
660560710,860,889,1749
660560711,478,518,996
660560712,313,313,626
660560713,484,508,992
660560714,512,542,1054
660560715,851,895,1746
660560801,605,614,1219
660560802,694,678,1372
660560803,484,491,975
660560804,471,513,984
660560805,303,319,622
660560806,289,282,571
660560807,209,244,453
660560808,287,275,562
660560809,281,311,592
660560810,423,441,864
660560811,217,250,467
660560812,447,519,966
660560813,425,455,880
660560814,717,701,1418
660560815,729,738,1467
660560901,142,94,236
660560902,411,422,833
660560903,362,406,768
660560904,434,496,930
660560905,576,571,1147
660560906,577,561,1138
660560907,696,697,1393
660560908,770,729,1499
660560909,935,1003,1938
660560910,447,448,895
660560911,763,749,1512
660560912,536,499,1035
660560913,616,610,1226
660560914,434,488,922
660560915,737,779,1516
660560916,645,698,1343
660560917,977,998,1975
660560918,559,637,1196
660560919,562,547,1109
660560920,590,578,1168
660560921,641,416,1057
660560922,539,565,1104
660560923,578,601,1179
660560924,624,624,1248
660560925,649,641,1290
660561001,436,496,932
660561002,774,797,1571
660561003,626,640,1266
660561004,420,461,881
660561005,509,578,1087
660561006,439,425,864
660561007,448,442,890
660561008,426,460,886
660561009,328,341,669
660561010,582,615,1197
660561011,506,623,1129
660561012,447,452,899
660561013,584,634,1218
660561014,292,298,590
660561015,371,380,751
660630101,47,30,77
660630102,9,9,18
660630103,7,4,11
660630104,45,28,73
660630105,35,22,57
660630106,8,3,11
660630107,147,144,291
660630108,114,130,244
660630109,30,36,66
660630110,422,457,879
660630111,457,455,912
660630201,66,57,123
660630202,190,131,321
660630203,61,43,104
660700101,28,48,76
660700102,219,257,476
660700103,42,58,100
660700104,35,28,63
660700105,106,105,211
660700106,37,31,68
660700107,124,132,256
660700201,115,134,249
660700202,35,40,75
660700203,202,226,428
660700204,205,223,428
660700205,516,554,1070
660700301,56,68,124
660700302,22,24,46
660700303,47,48,95
660700401,55,70,125
660700402,24,29,53
660700403,19,26,45
660700404,40,32,72
660700405,6,9,15
660700406,18,17,35
660700407,57,67,124
660700501,7,11,18
660700502,8,14,22
660700503,15,7,22
660700504,164,163,327
660700505,3,1,4
660700506,36,29,65
660700507,290,274,564
660700508,374,357,731
660770101,43,19,62
660770102,83,79,162
660770103,108,87,195
660770104,289,287,576
660770105,429,428,857
660770106,362,355,717
660770107,401,398,799
660770108,478,453,931
660770109,330,365,695
660770201,33,22,55
660770202,17,12,29
660770203,26,12,38
660770204,460,480,940
660770205,644,602,1246
660770301,21,9,30
660770302,12,8,20
660770303,157,152,309
660770304,64,38,102
660840101,203,156,359
660840102,270,242,512
660840103,24,18,42
660840104,24,19,43
660840105,23,17,40
660840106,504,438,942
660840107,455,419,874
660840108,420,423,843
660840109,430,485,915
660840201,72,57,129
660840202,66,53,119
660840203,96,84,180
660840204,42,15,57
660840205,310,339,649
660910101,26,34,60
660910102,76,93,169
660910103,73,74,147
660910104,61,70,131
660910105,72,71,143
660910201,39,40,79
660910202,38,48,86
660910203,30,40,70
660910204,124,115,239
660910205,309,305,614
660980101,356,400,756
660980102,144,124,268
660980103,107,69,176
660980104,60,25,85
660980105,788,776,1564
660980106,875,961,1836
660980201,29,17,46
660980202,4,2,6
660980203,142,118,260
660980204,42,25,67
660980205,218,199,417
660980206,8,3,11
660980207,55,63,118
660980208,418,438,856
660980209,482,487,969
661050101,0,0,0
661050102,0,0,0
661050103,4,2,6
661050104,113,117,230
661050201,143,35,178
661050202,255,219,474
661050203,67,83,150
661050204,35,31,66
661050205,108,5,113
661050206,8,0,8
661050207,2,1,3
661050208,51,8,59
661050209,658,659,1317
661050210,372,433,805
661050211,402,372,774
661050212,354,356,710
661050213,555,602,1157
661120101,122,108,230
661120102,13,7,20
661120103,32,28,60
661120104,69,53,122
661120105,527,495,1022
661120106,249,200,449
661120107,141,80,221
661120108,158,139,297
661120109,722,698,1420
661120110,207,170,377
661120201,250,197,447
661120202,46,9,55
661120203,11,0,11
661120204,65,41,106
661120205,181,105,286
661120206,164,130,294
661120207,81,8,89
661120208,325,290,615
661120209,496,326,822
661120210,277,241,518
661120211,83,72,155
661120212,542,540,1082
661120213,758,696,1454
661120214,838,876,1714
661120215,531,586,1117
661120301,634,632,1266
661120302,488,511,999
661120303,435,409,844
661120304,394,460,854
661120305,650,626,1276
661120306,547,573,1120
661120307,297,369,666
661120308,263,325,588
661120309,414,481,895
661120310,732,753,1485
661120311,485,534,1019
661120312,635,725,1360
661120313,460,523,983
661120401,782,751,1533
661120402,318,386,704
661120403,271,321,592
661120404,374,442,816
661120405,523,600,1123
661120406,439,456,895
661120407,332,377,709
661120408,427,429,856
661120409,937,1007,1944
661120410,398,427,825
661120411,515,582,1097
661120412,680,689,1369
661120413,761,789,1550
661190101,139,174,313
661190102,800,871,1671
661190103,288,288,576
661190104,150,123,273
661190105,155,154,309
661190201,39,31,70
661190202,124,121,245
661190203,342,341,683
661190204,147,182,329
661190205,601,582,1183
661260101,78,74,152
661260102,841,689,1530
661260103,279,224,503
661260104,490,475,965
661260105,803,627,1430
661260201,156,105,261
661260202,125,98,223
661260203,370,352,722
661260204,59,41,100
661260205,459,371,830
661260206,955,988,1943
661260207,498,490,988
661260208,565,649,1214
661260209,836,887,1723
661260210,679,680,1359
661260211,519,515,1034
661260212,520,537,1057
661260213,716,747,1463
661260214,570,586,1156
661260215,645,694,1339
661260216,509,518,1027
661260217,1178,1144,2322
661260218,556,561,1117
661260301,134,121,255
661260302,390,372,762
661260303,604,611,1215
661260304,466,477,943
661260401,572,558,1130
661260402,368,356,724
661260403,60,47,107
661260404,123,119,242
661260405,41,30,71
661260406,245,221,466
661260407,81,47,128
661260408,497,494,991
661260409,581,532,1113
661260410,957,954,1911
661260411,828,762,1590
661260412,862,868,1730
661260413,752,770,1522
661260414,588,599,1187
661260415,567,615,1182
661260416,696,750,1446
661260417,306,336,642
661260418,498,539,1037
661260501,15,8,23
661260502,545,584,1129
661260503,13,9,22
661260504,580,563,1143
661260505,579,574,1153
661260506,531,576,1107
661260507,681,709,1390
661260508,666,663,1329
661260509,792,757,1549
661260510,665,668,1333
661260511,640,618,1258
661260601,473,458,931
661260602,123,53,176
661260603,461,296,757
661260604,68,30,98
661260605,146,112,258
661260606,97,45,142
661260607,76,41,117
661260608,13,4,17
661260609,1060,945,2005
661260610,1035,980,2015
661260611,1070,1012,2082
661260612,693,659,1352
661260613,670,686,1356
661260614,785,765,1550
661260615,646,590,1236
661260616,669,654,1323
661260617,443,449,892
661260618,493,485,978
661260619,891,823,1714
661260620,763,772,1535
661260621,406,378,784
661260622,464,451,915
661260623,258,247,505
661260624,569,531,1100
661260625,384,373,757
661260701,885,931,1816
661260702,890,886,1776
661260703,744,698,1442
661260704,527,587,1114
661260705,440,426,866
661260706,558,582,1140
661260707,656,681,1337
661260708,772,744,1516
661260709,1016,1057,2073
661260710,416,451,867
661260711,408,393,801
661260712,373,378,751
661260713,907,872,1779
661260714,721,707,1428
661260715,406,385,791
661260716,241,297,538
661260717,536,578,1114
661260718,509,522,1031
661260719,309,337,646
661260720,653,665,1318
661260721,548,583,1131
661260722,414,424,838
661260723,630,637,1267
661260801,936,891,1827
661260802,471,573,1044
661260803,214,254,468
661260804,332,349,681
661260805,346,340,686
661260806,299,350,649
661260807,347,381,728
661260808,431,425,856
661260809,1022,1019,2041
661260810,442,452,894
661260811,520,553,1073
661260812,1030,995,2025
661260813,866,870,1736
661260814,817,934,1751
661260815,632,667,1299
661260816,555,607,1162
661260817,734,676,1410
661260818,1132,1142,2274
661260819,736,726,1462
661260820,233,261,494
661260821,730,726,1456
661260822,693,735,1428
661260823,635,668,1303
661260824,901,927,1828
661330101,1649,1619,3268
661330102,1005,997,2002
661330103,273,224,497
661330104,224,205,429
661330105,154,104,258
661330106,597,536,1133
661330107,939,853,1792
661330108,916,893,1809
661330201,78,62,140
661330202,62,49,111
661330203,269,215,484
661330204,95,60,155
661330205,58,33,91
661330206,101,58,159
661330207,46,32,78
661330208,371,327,698
661330209,123,95,218
661330210,188,160,348
661330211,154,127,281
661330212,155,107,262
661330213,108,88,196
661330214,268,258,526
661330215,52,43,95
661330216,534,496,1030
661330217,75,39,114
661330218,139,109,248
661330219,270,259,529
661330220,555,518,1073
661330221,564,582,1146
661330222,253,248,501
661330223,400,397,797
661330224,510,533,1043
661330301,409,336,745
661330302,245,179,424
661330303,73,64,137
661330304,539,465,1004
661330305,392,389,781
661330306,530,429,959
661330307,127,53,180
661330308,212,220,432
661330309,477,496,973
661330310,509,547,1056
661330311,516,511,1027
661330312,565,563,1128
661400101,39,22,61
661400102,66,57,123
661400103,94,59,153
661400104,18,9,27
661400105,46,24,70
661400106,44,16,60
661400107,69,59,128
661400108,196,174,370
661400109,9,4,13
661400110,136,110,246
661400111,61,23,84
661400112,63,53,116
661400113,176,183,359
661400114,99,86,185
661400115,90,71,161
661400116,583,561,1144
661400117,744,762,1506
661400118,445,517,962
661400119,587,612,1199
661400120,607,644,1251
661400121,1006,1092,2098
661400201,28,10,38
661400202,40,22,62
661400203,82,53,135
661400204,81,51,132
661400205,97,67,164
661400301,45,33,78
661400302,33,39,72
661400303,11,5,16
661400304,206,194,400
661400305,24,13,37
661400306,30,6,36
661400307,44,36,80
661400308,25,8,33
661400309,24,21,45
661400310,240,247,487
661400311,238,224,462
661400312,274,268,542
661400401,522,543,1065
661400402,531,564,1095
661400403,419,458,877
661400404,349,380,729
661400405,552,598,1150
661400406,347,382,729
661400407,282,357,639
661400408,331,375,706
661400409,683,766,1449
661400410,605,688,1293
661400411,540,562,1102
661400412,442,507,949
661400413,372,396,768
661400414,636,652,1288
661400415,605,656,1261
661400416,370,388,758
661470101,68,90,158
661470102,70,89,159
661470103,65,77,142
661470104,86,87,173
661470105,82,71,153
661470201,57,87,144
661470202,95,79,174
661470203,41,43,84
661470204,37,24,61
661470205,75,64,139
661470301,62,45,107
661470302,105,67,172
661470303,18,9,27
661470304,15,10,25
661470305,50,33,83
661470306,274,217,491
661470307,1148,1108,2256
661470308,15,8,23
661470309,30,33,63
661470310,14,10,24
661470311,707,695,1402
661470312,655,740,1395
661470313,351,341,692
661470314,268,289,557
661470315,892,1013,1905
661470316,719,756,1475
661470317,836,860,1696
661470401,581,555,1136
661470402,394,381,775
661470403,212,190,402
661470404,298,266,564
661470405,119,85,204
661470406,7,8,15
661470407,1188,1196,2384
661470408,924,924,1848
661470409,513,518,1031
661470501,487,494,981
661470502,558,519,1077
661470503,565,603,1168
661470504,642,665,1307
661470505,477,460,937
661470506,505,499,1004
661470507,489,544,1033
661470508,410,479,889
661470509,507,534,1041
661470510,751,775,1526
661470511,751,747,1498
661470512,262,299,561
661470513,627,616,1243
661470514,625,624,1249
661470515,526,523,1049
661540101,94,97,191
661540102,187,176,363
661540103,41,49,90
661540104,1,2,3
661540105,358,386,744
661540106,413,410,823
661540201,82,80,162
661540202,37,25,62
661540203,96,107,203
661540204,49,36,85
661540205,23,13,36
661540206,87,112,199
661540207,78,69,147
661540208,232,205,437
661540209,637,639,1276
661540210,646,614,1260
661540211,477,458,935
661610101,111,111,222
661610102,467,502,969
661610103,552,603,1155
661610104,104,109,213
661610105,286,299,585
661610106,95,115,210
661610107,103,124,227
661610108,89,102,191
661610109,191,209,400
661610110,556,595,1151
661610201,181,153,334
661610202,182,191,373
661610203,161,127,288
661610204,101,84,185
661610205,489,513,1002
661610301,140,143,283
661610302,231,239,470
661610303,54,62,116
661610304,384,402,786
661610305,122,146,268
661610306,441,475,916
700070101,617,671,1288
700070102,691,716,1407
700070103,579,587,1166
700070104,430,506,936
700070201,621,616,1237
700070202,446,468,914
700070203,389,397,786
700070204,1004,1016,2020
700070205,863,886,1749
700070206,619,701,1320
700070207,345,327,672
700070301,857,880,1737
700070302,438,447,885
700070303,230,248,478
700070304,413,361,774
700070305,114,126,240
700070306,559,547,1106
700070307,690,697,1387
700070308,551,565,1116
700070401,310,322,632
700070402,322,294,616
700070403,641,608,1249
700070501,92,81,173
700140101,255,221,476
700140102,299,232,531
700140103,706,678,1384
700140104,461,457,918
700140105,495,495,990
700140106,550,635,1185
700140107,850,897,1747
700140201,153,136,289
700140202,265,271,536
700140301,41,28,69
700210101,194,144,338
700210201,556,583,1139
700210202,119,95,214
700210203,572,487,1059
700210204,140,105,245
700210205,23,11,34
700210301,198,179,377
700210302,510,478,988
700210401,521,478,999
700210402,77,76,153
700210403,536,569,1105
700210404,678,681,1359
700210405,119,89,208
700210501,76,12,88
700210601,26,8,34
700210701,216,31,247
700210702,1,0,1
700280101,390,458,848
700280102,277,319,596
700280103,275,344,619
700280104,323,353,676
700280105,137,193,330
700280106,319,423,742
700280107,186,230,416
700280108,205,272,477
700280109,150,202,352
700280110,271,338,609
700280111,214,314,528
700280112,297,384,681
700280113,154,215,369
700280114,291,399,690
700280115,172,193,365
700280116,236,316,552
700280117,148,228,376
700280118,180,242,422
700280201,454,511,965
700280202,506,539,1045
700280203,636,667,1303
700280204,313,340,653
700280205,322,381,703
700280206,290,360,650
700280207,311,345,656
700280208,298,331,629
700280209,350,394,744
700280210,359,474,833
700280211,238,317,555
700280212,195,219,414
700280213,264,295,559
700280301,423,493,916
700280302,421,431,852
700280303,595,694,1289
700280304,590,659,1249
700280305,459,489,948
700280306,394,459,853
700280307,291,335,626
700280308,424,471,895
700280309,437,468,905
700280310,270,340,610
700280311,313,371,684
700280312,232,280,512
700280313,509,583,1092
700280314,312,360,672
700280315,184,229,413
700280316,400,451,851
700280317,248,306,554
700280318,595,650,1245
700280319,260,349,609
700280320,205,245,450
700280321,196,295,491
700280401,174,201,375
700280402,248,312,560
700280403,286,376,662
700280404,210,267,477
700280405,573,639,1212
700280406,345,447,792
700280407,313,371,684
700280408,407,497,904
700280409,294,321,615
700280410,417,486,903
700280411,257,322,579
700280412,477,588,1065
700280413,432,453,885
700280414,487,549,1036
700280501,369,477,846
700280502,403,494,897
700280503,212,253,465
700280504,403,516,919
700280505,255,194,449
700280506,469,571,1040
700280507,270,306,576
700280508,378,382,760
700280509,282,309,591
700280510,328,332,660
700280511,428,499,927
700280512,242,320,562
700280513,353,375,728
700280514,198,244,442
700280515,341,363,704
700280516,283,332,615
700280601,667,732,1399
700280602,561,605,1166
700280603,310,394,704
700280604,390,434,824
700280605,445,549,994
700280606,272,315,587
700280607,385,420,805
700280608,436,543,979
700280609,377,463,840
700280610,260,301,561
700280611,436,484,920
700280612,333,425,758
700280613,394,465,859
700280614,317,357,674
700280615,421,492,913
700280616,240,293,533
700280617,574,606,1180
700280618,576,604,1180
700280619,185,254,439
700280701,456,537,993
700280702,272,323,595
700280703,486,496,982
700280704,485,539,1024
700280705,415,476,891
700280706,379,415,794
700280707,515,547,1062
700280708,501,505,1006
700280709,506,596,1102
700280710,450,524,974
700280711,557,585,1142
700280712,599,648,1247
700280713,355,407,762
700280714,527,581,1108
700280715,345,407,752
700280716,198,214,412
700280801,427,455,882
700280802,325,316,641
700280803,314,376,690
700280804,271,317,588
700280805,394,427,821
700280806,348,439,787
700280807,351,414,765
700280808,284,353,637
700280809,436,459,895
700280810,460,514,974
700280811,261,313,574
700280901,461,564,1025
700280902,355,494,849
700280903,278,353,631
700280904,233,300,533
700280905,324,420,744
700280906,185,266,451
700280907,276,372,648
700280908,548,601,1149
700280909,367,461,828
700280910,372,462,834
700280911,127,175,302
700280912,263,287,550
700280913,232,304,536
700280914,230,285,515
700280915,461,550,1011
700280916,536,563,1099
700350101,736,747,1483
700350102,649,609,1258
700350103,663,709,1372
700350104,560,545,1105
700350105,693,740,1433
700350106,570,626,1196
700350107,516,562,1078
700350108,593,608,1201
700350109,504,546,1050
700350110,427,458,885
700350111,478,513,991
700350112,514,591,1105
700350113,455,480,935
700350114,513,600,1113
700350201,473,467,940
700350202,281,268,549
700350203,508,530,1038
700350204,352,352,704
700350205,281,308,589
700350301,571,583,1154
700350302,575,555,1130
700350401,248,219,467
700350402,508,512,1020
700350403,471,482,953
700350501,260,224,484
700350502,159,132,291
700350503,222,182,404
700350601,51,48,99
700350602,158,141,299
700350701,452,454,906
700350702,846,970,1816
700350703,479,541,1020
700350704,430,459,889
700350705,545,599,1144
700350706,407,440,847
700350707,586,619,1205
700350708,468,467,935
700350709,596,570,1166
700350710,475,449,924
700350711,581,584,1165
700420101,384,395,779
700420102,818,835,1653
700420103,480,513,993
700420104,1567,843,2410
700420105,655,683,1338
700420106,728,810,1538
700420107,404,394,798
700420108,545,534,1079
700420109,515,504,1019
700420110,550,557,1107
700420111,505,551,1056
700420112,466,461,927
700420201,687,751,1438
700420202,456,496,952
700420203,827,843,1670
700420204,1010,1069,2079
700420205,543,538,1081
700420206,657,674,1331
700420207,1010,1079,2089
700420208,438,502,940
700420209,720,772,1492
700420210,612,658,1270
700420211,418,448,866
700420212,880,845,1725
700420213,691,749,1440
700420214,536,562,1098
700420215,416,475,891
700420216,791,809,1600
700420217,745,795,1540
700420301,663,620,1283
700420302,663,666,1329
700420303,629,653,1282
700420304,84,82,166
700420401,582,614,1196
700420402,1108,1115,2223
700420403,451,476,927
700420404,732,741,1473
700420405,668,697,1365
700420406,929,951,1880
700420407,724,755,1479
700420408,630,692,1322
700420409,522,535,1057
700420410,516,517,1033
700420411,491,496,987
700420412,687,721,1408
700420413,671,715,1386
700420414,905,920,1825
700420415,528,571,1099
700420416,574,613,1187
700420417,849,858,1707
700420418,354,417,771
700420419,326,364,690
700420501,719,787,1506
700420502,659,661,1320
700420503,458,472,930
700420504,650,680,1330
700420505,911,881,1792
700420506,699,775,1474
700420507,826,850,1676
700420508,593,685,1278
700420509,582,643,1225
700420510,758,800,1558
700420511,442,479,921
700420512,532,554,1086
700420513,546,627,1173
700420514,888,864,1752
700420515,476,487,963
700490101,200,151,351
700490102,66,49,115
700490201,213,209,422
700490202,348,351,699
700490203,503,477,980
700490204,510,464,974
700490205,343,328,671
700490206,182,162,344
700490207,476,430,906
700490301,216,185,401
700490302,331,330,661
700490303,148,177,325
700490401,2195,55,2250
700560101,356,374,730
700560102,610,561,1171
700560103,353,291,644
700560104,466,437,903
700560105,692,747,1439
700560106,229,255,484
700560107,200,208,408
700560108,300,322,622
700560109,337,339,676
700560201,506,596,1102
700560202,463,495,958
700560203,522,583,1105
700560204,226,238,464
700560205,457,513,970
700560206,457,543,1000
700560207,370,441,811
700560208,518,535,1053
700560209,390,455,845
700560210,147,140,287
700560211,561,631,1192
700560212,384,407,791
700560213,311,338,649
700560301,296,255,551
700560302,508,470,978
700560401,54,30,84
700560501,16,12,28
700560601,148,142,290
700560701,277,278,555
700560702,831,109,940
700630101,269,242,511
700630102,398,401,799
700630103,767,786,1553
700630104,153,160,313
700630105,72,73,145
700630106,580,620,1200
700630201,79,75,154
700630202,754,731,1485
700630203,577,603,1180
700630204,487,506,993
700630205,491,483,974
700700101,548,505,1053
700700102,846,815,1661
700700103,860,817,1677
700700104,569,567,1136
700700105,625,629,1254
700700106,546,574,1120
700700107,536,565,1101
700700108,495,532,1027
700700109,439,487,926
700700110,296,336,632
700700111,350,397,747
700700112,500,548,1048
700700113,638,630,1268
700700114,850,840,1690
700700115,629,614,1243
700700201,163,158,321
700700202,250,232,482
700700203,638,621,1259
700700204,473,455,928
700700205,469,486,955
700700206,1023,1014,2037
700700207,1032,1126,2158
700700301,393,366,759
700700302,465,508,973
700700303,494,453,947
700700304,580,554,1134
700700305,232,245,477
700700401,79,73,152
700700501,699,670,1369
700700502,460,478,938
700700503,557,573,1130
700700504,393,395,788
700700505,529,517,1046
700700506,685,694,1379
700700507,626,658,1284
700700508,588,602,1190
700700509,527,577,1104
700700510,674,664,1338
700700511,960,968,1928
700700512,767,817,1584
700700513,640,715,1355
700700514,742,757,1499
700700515,673,655,1328
700700516,797,828,1625
700700517,673,668,1341
700700518,374,397,771
700770101,266,294,560
700770102,997,1017,2014
700770103,8,10,18
700770104,744,707,1451
700770105,567,567,1134
700770106,565,526,1091
700770201,650,691,1341
700770202,734,777,1511
700770203,679,712,1391
700770204,711,740,1451
700770205,654,661,1315
700770206,632,691,1323
700770207,631,642,1273
700770208,742,887,1629
700770209,524,593,1117
700770210,299,342,641
700770211,497,535,1032
700770212,492,511,1003
700770213,641,642,1283
700770301,436,499,935
700770302,425,543,968
700770303,499,536,1035
700770304,643,714,1357
700770305,499,542,1041
700770306,650,680,1330
700770307,702,734,1436
700770308,384,479,863
700770309,620,609,1229
700770310,608,665,1273
700770311,565,639,1204
700770312,389,455,844
700770313,448,463,911
700770401,344,394,738
700770402,281,353,634
700770403,398,425,823
700770404,425,480,905
700770405,416,462,878
700770406,485,569,1054
700770407,512,533,1045
700770408,377,435,812
700770409,360,351,711
700770410,564,642,1206
700770411,359,398,757
700770412,584,660,1244
700770413,296,342,638
700770414,350,418,768
700770415,398,461,859
700770416,426,458,884
700770501,465,543,1008
700770502,719,670,1389
700770503,397,440,837
700770504,301,294,595
700770505,417,460,877
700770506,280,304,584
700770507,600,576,1176
700770508,435,439,874
700770509,327,346,673
700770510,677,759,1436
700770511,723,768,1491
700770512,580,635,1215
700770601,595,600,1195
700770602,544,510,1054
700770603,252,268,520
700770701,462,452,914
700770702,339,326,665
700770703,317,279,596
700770801,328,348,676
700770802,427,401,828
700770803,678,772,1450
700770804,506,468,974
700770805,623,671,1294
700770806,827,909,1736
700770807,462,463,925
700770808,532,601,1133
700770809,707,729,1436
700770810,822,883,1705
700770811,623,610,1233
700770812,572,615,1187
700770813,893,886,1779
700770814,526,571,1097
700770815,551,580,1131
700770901,485,502,987
700770902,393,478,871
700770903,455,502,957
700770904,593,614,1207
700770905,970,1054,2024
700770906,567,643,1210
700770907,548,582,1130
700770908,512,554,1066
700770909,657,614,1271
700770910,663,685,1348
700770911,580,616,1196
700770912,493,537,1030
700771001,335,360,695
700771002,741,836,1577
700771003,334,380,714
700771004,546,579,1125
700771005,550,601,1151
700771006,576,603,1179
700771007,697,695,1392
700771008,416,460,876
700771009,353,410,763
700771010,461,546,1007
700771011,373,407,780
700771012,431,398,829
700771013,688,652,1340
700840101,34,25,59
700840102,116,131,247
700840201,703,660,1363
700840202,446,470,916
700840203,539,528,1067
700840204,740,832,1572
700840205,533,547,1080
700840206,396,421,817
700840207,414,458,872
700840208,558,587,1145
700840209,409,474,883
700840210,591,619,1210
700840211,565,690,1255
700840212,605,701,1306
700840213,377,448,825
700840214,339,407,746
700840215,562,613,1175
700840216,567,575,1142
700840217,356,439,795
700840301,727,763,1490
700840302,553,620,1173
700840303,535,623,1158
700840304,615,660,1275
700840305,828,851,1679
700840306,610,649,1259
700840307,666,771,1437
700840308,641,662,1303
700840309,613,675,1288
700840310,654,723,1377
700840311,600,708,1308
700840312,601,683,1284
700840313,464,477,941
700840314,512,550,1062
700840315,543,636,1179
700840316,513,549,1062
700840317,475,513,988
700840318,402,411,813
700840319,467,491,958
700840320,405,468,873
700840401,812,911,1723
700840402,368,404,772
700840403,463,529,992
700840404,340,389,729
700840405,691,745,1436
700840406,343,388,731
700840407,444,492,936
700840408,437,501,938
700840409,627,659,1286
700840410,402,477,879
700840411,318,354,672
700840412,691,722,1413
700840413,337,372,709
700840414,390,438,828
700840415,418,468,886
700840416,365,428,793
700840417,385,405,790
700840501,642,644,1286
700840502,415,436,851
700840503,1003,1043,2046
700840504,1020,1053,2073
700840505,551,584,1135
700840506,504,501,1005
700840601,600,659,1259
700840602,857,848,1705
700840603,406,453,859
700840604,569,678,1247
700840605,391,465,856
700840606,458,533,991
700840607,447,476,923
700840608,479,549,1028
700840609,530,586,1116
700840610,1013,995,2008
700840611,670,692,1362
700840612,607,670,1277
700840613,357,362,719
700910101,474,432,906
700910102,496,476,972
700910103,199,219,418
700910104,694,663,1357
700910105,157,131,288
700910106,221,221,442
700910107,335,310,645
700910108,185,180,365
700910109,579,573,1152
700910110,171,187,358
700910111,314,305,619
700910112,644,670,1314
700910113,493,505,998
700910114,593,625,1218
700910201,36,27,63
700980101,604,636,1240
700980102,508,506,1014
700980103,520,537,1057
700980104,531,580,1111
700980105,524,555,1079
700980106,822,835,1657
700980107,609,624,1233
700980108,453,502,955
700980109,648,654,1302
700980110,613,659,1272
700980111,548,604,1152
700980112,499,539,1038
700980113,297,361,658
700980114,475,491,966
700980115,395,449,844
700980116,827,872,1699
700980117,344,384,728
700980118,558,578,1136
700980201,741,730,1471
700980202,387,372,759
700980203,523,543,1066
700980204,453,471,924
700980205,822,826,1648
700980206,762,751,1513
700980207,694,713,1407
700980301,733,867,1600
700980302,589,530,1119
700980303,324,339,663
700980304,581,649,1230
700980305,608,697,1305
700980306,516,463,979
700980307,659,663,1322
700980308,583,592,1175
700980401,602,757,1359
700980402,331,420,751
700980403,418,504,922
700980404,521,621,1142
700980405,404,440,844
700980406,412,432,844
700980407,264,281,545
700980408,267,281,548
700980409,379,399,778
700980410,292,314,606
700980411,388,449,837
700980412,254,335,589
701050101,220,206,426
701050102,373,328,701
701050103,222,191,413
701050104,229,210,439
701050105,307,278,585
701050106,549,505,1054
701050107,789,769,1558
701050108,723,662,1385
701050201,1030,921,1951
701050202,1084,1027,2111
701050203,484,405,889
701050301,598,608,1206
701050302,979,985,1964
701050303,936,855,1791
701050304,562,488,1050
701050305,644,553,1197
701050306,647,618,1265
701050307,566,615,1181
701050308,470,495,965
701120101,353,316,669
701120102,714,726,1440
701120103,246,231,477
701120104,513,487,1000
701120105,641,621,1262
701120201,28,10,38
701190101,248,80,328
701190102,195,177,372
701190103,63,44,107
701190201,564,595,1159
701190202,812,880,1692
701190203,123,89,212
701190204,62,65,127
701190205,228,190,418
701190206,388,445,833
701190207,359,380,739
701190301,142,107,249
701190302,138,108,246
701190303,381,359,740
701260101,801,747,1548
701260102,536,502,1038
701260103,606,562,1168
701260104,711,709,1420
701260105,431,441,872
701260106,369,412,781
701260107,559,572,1131
701260201,757,691,1448
701260202,664,585,1249
701260203,575,594,1169
701260204,450,423,873
701260205,244,242,486
701260206,436,418,854
701260207,356,362,718
701260208,459,436,895
701260301,673,623,1296
701260401,95,78,173
701330101,338,320,658
701330102,1144,1141,2285
701330103,815,783,1598
701330104,142,132,274
701330201,47,1,48
740070101,85,62,147
740070102,123,99,222
740070201,123,95,218
740070202,92,65,157
740070203,76,73,149
740070301,22,25,47
740070302,49,35,84
740070303,92,61,153
740070304,758,710,1468
740070305,631,630,1261
740070306,78,63,141
740070307,32,16,48
740070401,254,204,458
740070402,586,561,1147
740070403,300,312,612
740070404,456,492,948
740070405,435,470,905
740070406,397,375,772
740070407,341,393,734
740070408,417,481,898
740070409,288,317,605
740070410,431,407,838
740070411,110,70,180
740070412,13,17,30
740070413,447,469,916
740070414,547,553,1100
740070501,50,45,95
740070502,58,42,100
740070503,23,16,39
740070504,198,181,379
740070505,129,111,240
740070506,153,111,264
740070507,640,638,1278
740070508,446,469,915
740070509,390,438,828
740070510,377,334,711
740140101,16,3,19
740140102,79,74,153
740140103,40,30,70
740140201,21,14,35
740140202,33,24,57
740140203,37,23,60
740140204,26,16,42
740140301,52,39,91
740140302,53,40,93
740140303,63,51,114
740140304,84,78,162
740140401,43,29,72
740140402,102,66,168
740140403,384,355,739
740140404,294,211,505
740140405,277,246,523
740140406,48,19,67
740140501,69,50,119
740140502,78,66,144
740140503,315,283,598
740140504,22,7,29
740140505,71,54,125
740210101,23,19,42
740210102,135,116,251
740210103,65,54,119
740210104,41,34,75
740210105,124,88,212
740210106,79,76,155
740210107,125,121,246
740210108,114,100,214
740210109,231,210,441
740210110,146,153,299
740210111,158,139,297
740210112,169,133,302
740210113,29,24,53
740210201,109,79,188
740210202,62,34,96
740210203,231,182,413
740210204,100,96,196
740210301,22,16,38
740210302,62,46,108
740210303,442,435,877
740210304,422,459,881
740210305,690,761,1451
740210306,458,494,952
740210307,606,628,1234
740210308,668,652,1320
740210309,309,350,659
740210310,66,39,105
740210311,60,32,92
740210401,135,140,275
740210402,22,13,35
740210403,53,33,86
740210404,82,65,147
740210405,558,569,1127
740210406,62,38,100
740210407,50,21,71
740280101,84,64,148
740280102,603,584,1187
740280103,461,467,928
740280104,275,309,584
740280105,275,292,567
740280106,341,400,741
740280107,542,570,1112
740280108,97,95,192
740280109,142,117,259
740280110,62,36,98
740280201,121,80,201
740280202,316,272,588
740280203,396,426,822
740280204,156,138,294
740280205,200,207,407
740280206,269,281,550
740280301,218,215,433
740280302,134,107,241
740280303,17,9,26
740280304,130,94,224
740280305,64,38,102
740280306,393,358,751
740280307,39,25,64
740280308,469,473,942
740280309,440,401,841
740280310,436,453,889
740280311,445,426,871
740280401,31,28,59
740280402,326,300,626
740280403,454,499,953
740280404,413,500,913
740280405,579,662,1241
740280406,356,352,708
740280407,456,470,926
740280408,436,453,889
740280409,92,86,178
740280410,86,55,141
740280411,27,21,48
740350101,12,9,21
740350102,24,15,39
740350103,140,132,272
740350104,31,19,50
740350201,16,16,32
740350202,15,9,24
740350203,45,46,91
740350204,33,20,53
740350205,25,22,47
740350301,40,34,74
740350302,59,47,106
740350303,34,29,63
740350304,100,92,192
740350305,31,21,52
740350401,48,13,61
740350402,44,22,66
740350403,65,37,102
740350404,102,99,201
740350405,25,12,37
740350406,24,18,42
740350407,353,238,591
740350501,57,23,80
740350502,51,11,62
740350601,136,113,249
740350602,143,118,261
740350603,52,33,85
740350604,22,15,37
740350605,18,7,25
740350701,57,49,106
740350702,490,495,985
740350703,535,525,1060
740350704,383,385,768
740350705,343,349,692
740350706,407,419,826
740350707,396,428,824
740350708,554,539,1093
740350709,416,445,861
740350710,622,639,1261
740350711,483,469,952
740350712,379,427,806
740350713,507,573,1080
740350714,376,391,767
740350715,277,331,608
740350716,339,379,718
740350801,558,554,1112
740350802,344,330,674
740350803,3,2,5
740350804,789,807,1596
740350805,797,756,1553
740350806,394,382,776
740350807,306,291,597
740350808,385,419,804
740350809,414,482,896
740350810,500,532,1032
740350811,778,781,1559
740350812,381,367,748
740350813,302,327,629
740350814,434,495,929
740350815,372,418,790
740350816,367,393,760
740350817,566,565,1131
740350818,543,536,1079
740350819,581,610,1191
740350820,319,325,644
740350821,47,56,103
740350901,336,417,753
740350902,378,455,833
740350903,430,472,902
740350904,534,541,1075
740350905,121,92,213
740350906,461,458,919
740350907,533,553,1086
740350908,364,442,806
740350909,296,331,627
740350910,432,487,919
740350911,421,453,874
740350912,296,328,624
740350913,345,398,743
740350914,440,481,921
740350915,458,474,932
740350916,400,445,845
740350917,540,496,1036
740351001,784,850,1634
740351002,316,342,658
740351003,321,380,701
740351004,404,448,852
740351005,748,746,1494
740351006,657,681,1338
740351007,535,584,1119
740351008,480,526,1006
740351009,441,454,895
740351010,319,314,633
740351011,409,432,841
740351012,254,305,559
740351013,320,373,693
740351014,191,218,409
740351015,236,294,530
740351016,513,564,1077
740351017,388,388,776
740351018,441,419,860
740351019,633,664,1297
740351020,75,78,153
740351101,113,106,219
740351102,473,494,967
740351103,445,438,883
740351104,378,377,755
740351105,243,267,510
740351106,275,324,599
740351107,199,255,454
740351108,198,222,420
740351109,204,209,413
740351110,436,510,946
740351111,652,679,1331
740351112,823,781,1604
740351113,427,429,856
740351114,603,610,1213
740351201,415,383,798
740351202,455,476,931
740351203,363,365,728
740351204,381,352,733
740351205,400,449,849
740351206,417,495,912
740351207,473,444,917
740351208,547,564,1111
740351209,615,576,1191
740351210,507,532,1039
740351211,191,198,389
740351212,208,240,448
740351213,305,311,616
740351214,738,665,1403
740351215,541,540,1081
740351216,512,494,1006
740351217,359,318,677
740351218,227,219,446
740351301,427,467,894
740351302,5,0,5
740351303,569,593,1162
740351304,569,624,1193
740351305,582,612,1194
740351306,403,404,807
740351307,67,64,131
740351308,526,579,1105
740351309,595,609,1204
740351310,509,506,1015
740351311,507,517,1024
740351401,665,741,1406
740351402,32,21,53
740351403,528,565,1093
740351404,439,514,953
740351405,416,427,843
740351406,615,674,1289
740351407,599,612,1211
740351408,670,716,1386
740351409,527,579,1106
740351410,552,608,1160
740351501,16,15,31
740351502,226,208,434
740351503,104,79,183
740351504,146,135,281
740351505,33,7,40
740351506,10,6,16
740351507,47,27,74
740351601,377,382,759
740351602,322,333,655
740351603,262,303,565
740351604,347,350,697
740351605,335,359,694
740351606,536,530,1066
740351607,381,398,779
740351608,377,381,758
740351609,407,435,842
740351610,683,733,1416
740351611,453,496,949
740351612,476,479,955
740351701,119,105,224
740351702,111,77,188
740351703,34,34,68
740351704,115,84,199
740351705,93,55,148
740351801,94,34,128
740351802,80,44,124
740351803,66,30,96
740351804,22,10,32
740351805,61,38,99
740351806,34,23,57
740420101,35,24,59
740420102,106,99,205
740420103,60,42,102
740420201,56,25,81
740420202,177,172,349
740420203,32,8,40
740420204,256,224,480
740420205,163,74,237
740420206,153,147,300
740420207,686,648,1334
740420208,643,656,1299
740420301,9,4,13
740420302,111,119,230
740420303,36,16,52
740420304,408,405,813
740420305,53,29,82
740420306,676,677,1353
740420307,82,36,118
740420308,310,321,631
740420401,34,29,63
740420402,107,81,188
740420403,476,482,958
740420404,620,611,1231
740420405,129,144,273
740420406,31,20,51
740420501,39,26,65
740420502,12,5,17
740420601,26,8,34
740420602,51,30,81
740420603,520,520,1040
740490101,54,39,93
740490102,90,79,169
740490103,227,204,431
740490104,124,114,238
740490105,91,68,159
740490106,105,100,205
740490107,12,12,24
740490201,126,107,233
740490202,137,96,233
740490203,80,71,151
740490204,444,413,857
740490205,285,316,601
740490206,442,462,904
740490207,360,363,723
740490208,276,294,570
740490209,352,386,738
740490210,319,308,627
740490211,240,251,491
740490212,74,61,135
740490213,132,89,221
740490301,196,162,358
740490302,70,52,122
740490303,654,661,1315
740490304,435,419,854
740490305,326,339,665
740490306,365,367,732
740490401,674,686,1360
740490402,458,498,956
740490403,306,303,609
740490404,277,281,558
740490405,757,789,1546
740490406,619,694,1313
740490407,320,354,674
740490408,225,259,484
740490409,315,342,657
740490410,358,435,793
740490411,459,494,953
740490412,326,397,723
740490413,580,684,1264
740490414,371,396,767
740490415,828,817,1645
740490416,416,464,880
740490417,365,360,725
740490418,291,339,630
740490419,250,297,547
740560101,54,47,101
740560102,33,29,62
740560103,73,69,142
740560104,148,124,272
740560105,303,286,589
740560201,88,67,155
740560202,161,136,297
740560203,177,153,330
740560204,825,845,1670
740560205,254,242,496
740560206,604,644,1248
740560301,15,5,20
740560302,278,289,567
740560303,212,230,442
740560304,437,406,843
740560305,338,388,726
740560306,548,571,1119
740560307,413,462,875
740560308,416,477,893
740560309,0,0,0
740560310,545,584,1129
740560311,597,594,1191
740560312,511,566,1077
740560313,616,648,1264
740560314,452,504,956
740560315,410,441,851
740560316,582,631,1213
740560317,0,0,0
740560318,16,0,16
740560401,138,104,242
740560402,130,129,259
740560403,281,264,545
740560404,222,250,472
740560405,208,214,422
740560406,548,519,1067
740560407,372,336,708
740560408,105,90,195
740560501,285,273,558
740560502,523,570,1093
740560503,178,199,377
740560504,309,316,625
740560505,290,293,583
740560506,520,549,1069
740560507,448,409,857
740560508,523,548,1071
740560509,637,679,1316
740560510,417,460,877
740560511,161,152,313
740560512,699,712,1411
740560513,559,609,1168
740560514,508,508,1016
740560515,76,57,133
740560601,8,5,13
740560602,101,109,210
740560603,424,494,918
740560604,423,449,872
740560605,638,602,1240
740560606,785,724,1509
740560607,363,387,750
740560608,229,253,482
740560609,483,491,974
740560610,667,624,1291
740560611,582,595,1177
740560612,519,555,1074
740560613,462,520,982
740560614,374,411,785
740560615,631,679,1310
740560616,378,371,749
740560617,567,597,1164
740560701,531,579,1110
740560702,712,732,1444
740560703,52,41,93
740560704,1013,946,1959
740560705,1074,1052,2126
740560706,999,1062,2061
740560707,278,291,569
740560708,583,645,1228
740560709,429,505,934
740560710,682,739,1421
740560711,263,260,523
740560712,599,596,1195
740560713,880,847,1727
740560714,489,533,1022
740560715,506,506,1012
740560716,544,534,1078
740560717,682,690,1372
740560718,308,339,647
740560719,507,522,1029
740560720,485,508,993
740560721,610,619,1229
740560722,401,414,815
740560723,261,280,541
740560724,354,383,737
740560725,399,392,791
740560726,547,591,1138
740560801,639,638,1277
740560802,828,850,1678
740560803,361,423,784
740560804,387,439,826
740560805,397,450,847
740560806,195,195,390
740560807,460,462,922
740560808,462,538,1000
740560809,384,447,831
740560810,501,560,1061
740560811,282,281,563
740560812,525,519,1044
740560813,445,458,903
740560814,396,428,824
740560815,359,373,732
740560901,424,472,896
740560902,561,556,1117
740560903,491,532,1023
740560904,253,287,540
740560905,407,428,835
740560906,457,495,952
740560907,519,523,1042
740560908,586,610,1196
740560909,420,435,855
740560910,540,603,1143
740560911,375,406,781
740560912,279,306,585
740560913,119,103,222
740560914,371,416,787
740560915,457,478,935
740560916,229,240,469
740561001,417,442,859
740561002,294,332,626
740561003,510,535,1045
740561004,453,451,904
740561005,621,664,1285
740561006,557,604,1161
740561007,557,631,1188
740561008,346,391,737
740561009,248,263,511
740561010,495,516,1011
740561011,674,658,1332
740561012,669,756,1425
740561013,443,467,910
740561014,386,413,799
740561015,441,470,911
740561016,389,410,799
740561017,391,447,838
740561018,368,496,864
740561101,506,502,1008
740561102,598,638,1236
740561103,508,592,1100
740561104,389,398,787
740561105,272,353,625
740561106,243,299,542
740561107,353,460,813
740561108,266,312,578
740561109,235,284,519
740561110,210,274,484
740561111,205,219,424
740561112,226,348,574
740561113,247,298,545
740561114,157,223,380
740561115,159,201,360
740561116,151,201,352
740561117,248,319,567
740561118,640,650,1290
740561119,443,422,865
740561120,432,404,836
740561121,354,437,791
740561122,589,601,1190
740561201,1069,1043,2112
740561202,722,646,1368
740561203,863,876,1739
740561204,808,874,1682
740561205,492,480,972
740561206,476,513,989
740561207,364,358,722
740561208,272,298,570
740561209,376,374,750
740561210,342,351,693
740561211,345,333,678
740561212,416,402,818
740561213,599,625,1224
740561214,610,591,1201
740561215,826,834,1660
740561216,803,832,1635
740561217,316,289,605
740561218,85,58,143
740561219,377,392,769
740561220,520,451,971
740561301,188,296,484
740561302,218,298,516
740561303,255,325,580
740561304,235,325,560
740561305,263,323,586
740561306,182,205,387
740561307,388,412,800
740561308,419,486,905
740561309,413,474,887
740561310,309,346,655
740561311,518,558,1076
740561312,381,424,805
740561401,203,262,465
740561402,188,273,461
740561403,385,492,877
740561404,393,505,898
740561405,467,561,1028
740561406,588,628,1216
740561407,346,366,712
740561408,463,500,963
740561409,420,470,890
740561410,190,276,466
740561411,236,288,524
740561412,340,358,698
740561413,386,436,822
740561414,617,642,1259
740561415,531,646,1177
740561416,565,643,1208
740561417,638,661,1299
740561418,739,649,1388
740561501,885,428,1313
740561502,471,517,988
740561503,680,691,1371
740561504,256,246,502
740561505,485,466,951
740561506,552,603,1155
740561507,637,652,1289
740561508,697,654,1351
740561509,469,507,976
740561510,483,533,1016
740561511,544,595,1139
740561512,607,600,1207
740561513,623,682,1305
740561514,562,609,1171
740561515,230,251,481
740561601,193,158,351
740561602,110,58,168
740561603,70,57,127
740561701,61,51,112
740561702,5,3,8
740561703,13,6,19
740561704,40,36,76
740561705,51,31,82
740561706,10,3,13
740561707,480,477,957
740561801,6,4,10
740561802,116,104,220
740561803,31,13,44
740561804,21,11,32
740561805,15,6,21
740561901,62,63,125
740561902,111,63,174
740561903,11,5,16
740561904,6,4,10
740630101,128,110,238
740630102,357,340,697
740630201,153,134,287
740630202,255,232,487
740630301,266,224,490
740630302,88,93,181
740630303,144,110,254
740630304,99,82,181
740630305,121,111,232
740630401,188,119,307
740630402,222,202,424
740630501,66,53,119
740630502,36,19,55
740630503,216,211,427
740630504,184,144,328
780070101,24,11,35
780070201,41,18,59
780070301,14,0,14
780070302,19,1,20
780070401,115,14,129
780070501,570,516,1086
780070502,712,728,1440
780070503,744,702,1446
780070504,265,207,472
780070505,1066,895,1961
780070601,351,353,704
780070602,874,896,1770
780070603,495,465,960
780070604,483,514,997
780140101,56,6,62
780140102,147,11,158
780140103,798,728,1526
780140104,929,842,1771
780140105,546,479,1025
780140106,1264,1082,2346
780140107,690,673,1363
780140108,874,787,1661
780140109,1234,1180,2414
780140201,444,17,461
780140202,629,571,1200
780140203,1022,957,1979
780140204,777,806,1583
780140205,683,696,1379
780140206,771,750,1521
780140207,537,541,1078
780140208,970,945,1915
780140209,339,243,582
780140210,687,704,1391
780140211,979,947,1926
780140212,990,1039,2029
780140213,810,754,1564
780140214,525,521,1046
780140215,75,16,91
780140216,904,951,1855
780140217,504,471,975
780140218,708,650,1358
780140219,843,778,1621
780140220,601,536,1137
780140221,811,856,1667
780140222,779,861,1640
780140301,26,6,32
780140302,34,9,43
780140303,131,119,250
780140304,680,698,1378
780140305,982,1079,2061
780140401,33,8,41
780140402,182,144,326
780140403,265,155,420
780140501,43,20,63
780140502,110,14,124
780140503,40,18,58
780140504,468,407,875
780140505,1084,1044,2128
780140506,588,625,1213
780140507,676,703,1379
780140601,28,7,35
780140701,49,3,52
780140801,325,266,591
780140802,665,604,1269
780140803,690,591,1281
780140804,670,599,1269
780140805,653,652,1305
780140901,1036,1062,2098
780140902,812,709,1521
780140903,456,429,885
780140904,375,371,746
780140905,533,459,992
780140906,770,727,1497
780140907,415,399,814
780140908,845,781,1626
780140909,547,541,1088
780140910,668,599,1267
780140911,588,569,1157
780140912,755,698,1453
780140913,633,637,1270
780140914,543,493,1036
780141001,473,406,879
780141101,766,738,1504
780141102,426,463,889
780141103,231,200,431
780141104,443,428,871
780141105,216,230,446
780141106,297,306,603
780141107,320,322,642
780141108,721,629,1350
780141109,396,429,825
780141110,386,412,798
780141111,775,732,1507
780141112,557,575,1132
780141113,535,528,1063
780141114,553,540,1093
780141115,606,569,1175
780141116,425,371,796
780141117,409,418,827
780141118,234,220,454
780141119,313,307,620
780141120,799,744,1543
780141121,403,408,811
780141122,411,401,812
780141123,377,362,739
780141124,310,292,602
780141125,324,339,663
780141201,496,474,970
780141202,492,545,1037
780141203,874,802,1676
780141204,480,474,954
780141205,362,323,685
780141206,559,546,1105
780141207,702,414,1116
780141208,510,535,1045
780210101,255,32,287
780210102,30,5,35
780210201,59,30,89
780210301,89,15,104
780210401,329,74,403
780210402,79,58,137
780210403,62,66,128
780210404,64,18,82
780210405,707,651,1358
780210406,79,64,143
780210501,58,8,66
780210601,129,46,175
780210701,212,89,301
780210702,175,118,293
780210703,49,6,55
780210704,444,233,677
780210705,18,9,27
780210706,110,115,225
780210801,620,582,1202
780210802,1167,1060,2227
780210803,260,112,372
780210804,416,377,793
780210805,532,505,1037
780210806,663,599,1262
780210807,942,979,1921
780210901,862,783,1645
780210902,1126,1038,2164
780210903,1055,1056,2111
780211001,390,392,782
780211002,677,601,1278
780211003,298,338,636
780211004,286,300,586
780211005,235,244,479
780211006,281,278,559
780211007,199,211,410
780211008,476,483,959
780211009,284,242,526
780211010,661,663,1324
780211011,556,541,1097
780211012,500,475,975
780211013,334,297,631
780211014,504,501,1005
780211015,228,245,473
780211016,338,346,684
780211101,310,346,656
780211102,284,280,564
780211103,534,554,1088
780211104,175,196,371
780211105,699,631,1330
780211106,333,351,684
780211107,277,282,559
780211108,198,256,454
780211109,436,461,897
780211110,245,295,540
780211111,319,336,655
780211112,507,508,1015
780211113,426,464,890
780211114,476,431,907
780211115,468,475,943
780211116,259,273,532
780211117,210,234,444
780211118,382,439,821
780211119,163,141,304
780211120,423,413,836
780211121,346,329,675
780211122,533,523,1056
780211123,530,538,1068
780211201,555,543,1098
780211202,304,306,610
780211203,353,343,696
780211204,491,451,942
780211205,598,639,1237
780211206,238,231,469
780211207,630,638,1268
780211208,604,638,1242
780211209,530,544,1074
780211210,600,470,1070
780211211,367,375,742
780211212,634,621,1255
780211213,350,347,697
780211214,394,415,809
780211215,360,368,728
780211216,475,441,916
780211217,356,431,787
780211218,321,304,625
780211219,386,384,770
780211220,664,656,1320
780211221,1110,1168,2278
780211301,545,525,1070
780211302,399,334,733
780211303,356,349,705
780211304,660,664,1324
780211305,857,831,1688
780211306,1042,1090,2132
780211307,957,986,1943
780211308,898,929,1827
780211309,611,613,1224
780211310,588,577,1165
780211311,530,555,1085
780211312,1118,1243,2361
780211313,293,287,580
780211314,500,496,996
780211315,820,961,1781
780211316,76,83,159
780211317,931,914,1845
780211318,290,266,556
780211319,284,277,561
780211320,1121,1067,2188
780211321,630,591,1221
780211322,670,738,1408
780211401,708,747,1455
780211402,574,506,1080
780211403,480,488,968
780211404,392,421,813
780211405,364,376,740
780211406,550,558,1108
780211407,643,619,1262
780211408,535,554,1089
780211409,522,441,963
780211410,606,617,1223
780211411,419,438,857
780211412,387,361,748
780211413,234,232,466
780211414,714,697,1411
780211415,456,431,887
780280101,25,10,35
780280102,62,10,72
780280103,858,769,1627
780280201,7,4,11
780280301,12,1,13
780280401,51,13,64
780280402,168,114,282
780280501,43,16,59
780280502,16,5,21
780280503,703,747,1450
780280504,1351,1297,2648
780280505,234,187,421
780280506,312,325,637
780280507,5,4,9
780280508,53,25,78
780280509,75,48,123
780280510,592,592,1184
780280511,20,18,38
780280512,77,76,153
780280513,1005,975,1980
780280514,735,717,1452
780280601,20,5,25
780280701,484,438,922
780280702,496,435,931
780280703,640,652,1292
780280704,743,697,1440
780280705,407,437,844
780280706,515,538,1053
780350101,16,2,18
780350102,23,0,23
780350201,417,36,453
780350301,141,9,150
780350401,37,10,47
780350402,395,318,713
780350403,706,670,1376
780350404,665,609,1274
780350501,72,7,79
780350601,338,303,641
780350602,713,632,1345
780350603,737,671,1408
780350604,450,459,909
780350605,192,122,314
780420101,62,11,73
780420201,516,31,547
780420202,335,353,688
780420203,271,329,600
780420301,477,496,973
780420302,492,543,1035
780420303,160,167,327
780420304,413,404,817
780420305,644,649,1293
780420306,860,859,1719
780420307,564,566,1130
780490101,105,24,129
780490102,19,14,33
780490103,141,125,266
780490201,37,11,48
780490301,142,25,167
780490401,13,5,18
780490501,959,901,1860
780490502,995,726,1721
780490503,542,374,916
820070101,124,106,230
820070102,216,175,391
820070103,623,607,1230
820070104,112,120,232
820070201,456,471,927
820070202,549,578,1127
820070203,396,448,844
820070204,686,722,1408
820070205,593,608,1201
820070206,366,384,750
820070207,354,359,713
820070208,888,841,1729
820070209,166,138,304
820070210,517,498,1015
820070211,657,682,1339
820070212,174,142,316
820070213,323,360,683
820070214,295,343,638
820070215,282,308,590
820070216,677,645,1322
820070217,386,358,744
820070301,399,458,857
820070302,547,615,1162
820070303,451,536,987
820070304,464,494,958
820070305,652,682,1334
820070306,629,612,1241
820070307,189,148,337
820070308,368,392,760
820070309,145,124,269
820070310,720,754,1474
820070311,406,472,878
820070312,542,631,1173
820070313,370,413,783
820070314,356,405,761
820070315,513,500,1013
820070401,418,392,810
820070402,250,282,532
820070403,385,450,835
820070404,339,345,684
820070405,311,419,730
820070406,393,490,883
820070407,561,539,1100
820070408,513,569,1082
820070409,841,833,1674
820070410,354,361,715
820070411,266,347,613
820070412,635,705,1340
820070413,564,545,1109
820070414,444,517,961
820140101,647,630,1277
820140102,646,645,1291
820140103,406,430,836
820140104,275,343,618
820140105,365,437,802
820140106,482,528,1010
820140107,490,536,1026
820140108,420,416,836
820140109,567,639,1206
820140110,604,634,1238
820140111,520,531,1051
820140112,546,607,1153
820140113,470,475,945
820140114,525,541,1066
820140115,626,694,1320
820140116,409,426,835
820140117,420,386,806
820140118,10,10,20
820140119,39,29,68
820140120,60,50,110
820140121,72,60,132
820140122,28,28,56
820140123,11,6,17
820140124,43,29,72
820140125,32,17,49
820140126,79,59,138
820140127,52,44,96
820140128,101,95,196
820140129,80,72,152
820140130,344,393,737
820140201,78,65,143
820140202,64,49,113
820140203,392,457,849
820140204,817,788,1605
820140205,374,436,810
820140206,481,505,986
820140207,465,510,975
820140208,333,383,716
820140209,287,322,609
820140210,355,433,788
820140211,282,342,624
820140212,262,261,523
820140213,227,279,506
820140214,241,290,531
820140215,170,251,421
820140216,251,322,573
820140217,276,334,610
820140218,677,702,1379
820140219,440,426,866
820140301,265,312,577
820140302,285,398,683
820140303,444,552,996
820140304,242,302,544
820140305,357,425,782
820140306,169,158,327
820140307,860,829,1689
820140308,459,436,895
820140309,386,412,798
820140310,392,415,807
820140311,426,434,860
820140312,60,46,106
820140401,419,482,901
820140402,444,465,909
820140403,490,502,992
820140404,488,476,964
820140405,410,441,851
820140406,576,635,1211
820140407,414,489,903
820140408,608,599,1207
820140409,291,322,613
820140410,478,489,967
820140411,419,471,890
820140412,508,559,1067
820140413,27,16,43
820140414,8,4,12
820140415,164,149,313
820140416,161,143,304
820140417,90,96,186
820140418,135,118,253
820140419,469,522,991
820140420,341,385,726
820140501,24,15,39
820140502,73,61,134
820140503,558,624,1182
820140504,469,527,996
820140505,145,115,260
820140506,507,531,1038
820140507,399,425,824
820140508,380,461,841
820140509,326,331,657
820140510,444,542,986
820140511,504,490,994
820140512,30,20,50
820140513,319,337,656
820140514,486,510,996
820140515,35,25,60
820140516,40,29,69
820140517,540,543,1083
820140518,274,306,580
820140519,361,416,777
820140520,17,13,30
820140521,8,6,14
820140522,17,9,26
820140523,325,368,693
820140524,261,259,520
820140601,1538,1496,3034
820140602,677,716,1393
820140603,248,304,552
820140604,527,557,1084
820140605,807,830,1637
820140606,422,437,859
820140607,590,667,1257
820140608,519,528,1047
820140609,689,703,1392
820140610,16,21,37
820140611,39,36,75
820149001,40,35,75
820210101,69,82,151
820210102,41,36,77
820210103,740,731,1471
820210104,435,490,925
820210105,310,352,662
820210106,435,469,904
820210107,372,417,789
820210108,233,200,433
820210109,62,61,123
820210110,587,582,1169
820210111,186,143,329
820210112,299,263,562
820210113,102,85,187
820210114,103,77,180
820210115,298,325,623
820210116,227,158,385
820210117,160,152,312
820210118,373,373,746
820210119,814,762,1576
820210120,177,139,316
820210121,105,87,192
820210122,110,98,208
820210123,140,139,279
820210124,623,666,1289
820210125,44,46,90
820210126,122,99,221
820210127,82,65,147
820210128,225,182,407
820210129,87,73,160
820210130,118,95,213
820210131,141,106,247
820210132,166,149,315
820210133,543,514,1057
820210134,554,562,1116
820210201,597,641,1238
820210202,489,565,1054
820210203,479,541,1020
820210204,557,636,1193
820210205,716,764,1480
820210206,451,488,939
820210207,628,638,1266
820210208,410,498,908
820210209,574,598,1172
820210210,482,505,987
820210211,444,494,938
820210212,762,720,1482
820210213,250,298,548
820210214,460,519,979
820210215,955,1012,1967
820210216,523,498,1021
820210217,897,898,1795
820210218,667,650,1317
820210301,28,23,51
820210302,841,853,1694
820210303,138,129,267
820210304,161,169,330
820210305,696,709,1405
820210306,150,124,274
820210307,117,109,226
820210308,144,128,272
820210309,11,25,36
820210310,277,245,522
820210311,356,310,666
820210312,57,56,113
820210313,501,501,1002
820210314,183,157,340
820210315,111,109,220
820210316,59,46,105
820210317,521,567,1088
820210318,498,531,1029
820210319,140,135,275
820210320,150,137,287
820210321,612,624,1236
820210322,192,146,338
820210323,78,88,166
820210324,73,55,128
820210325,65,49,114
820210326,74,66,140
820210327,365,316,681
820210328,92,82,174
820210329,117,89,206
820210330,93,73,166
820210331,98,86,184
820210332,125,137,262
820210333,244,244,488
820210401,809,826,1635
820210402,407,451,858
820210403,307,302,609
820210404,473,517,990
820210405,323,348,671
820210406,711,690,1401
820210407,226,231,457
820210408,419,536,955
820210409,432,495,927
820210410,175,222,397
820210411,345,444,789
820210412,285,334,619
820210413,332,372,704
820210414,365,413,778
820210415,459,479,938
820210416,1840,1830,3670
820210417,851,904,1755
820210418,876,804,1680
820210419,771,739,1510
820210420,406,395,801
820210421,311,322,633
820210422,2076,2127,4203
820210501,654,661,1315
820210502,704,664,1368
820210503,639,618,1257
820210504,434,425,859
820210505,805,852,1657
820210506,480,506,986
820210507,297,331,628
820210508,462,493,955
820210509,297,347,644
820210510,215,305,520
820210511,331,375,706
820210512,788,735,1523
820210513,1038,986,2024
820210514,832,856,1688
820210601,632,641,1273
820210602,429,468,897
820210603,308,387,695
820210604,336,407,743
820210605,492,553,1045
820210606,354,428,782
820210607,544,627,1171
820210608,557,615,1172
820210609,656,685,1341
820210610,596,606,1202
820210611,689,695,1384
820210612,606,637,1243
820210613,446,444,890
820210614,573,592,1165
820210615,231,214,445
820210616,1489,1533,3022
820210617,404,384,788
820210618,654,711,1365
820210619,762,789,1551
820210620,675,736,1411
820210701,366,310,676
820210702,1087,1055,2142
820210703,63,55,118
820210704,119,86,205
820210705,65,52,117
820210706,326,341,667
820210707,420,443,863
820210708,11,12,23
820210709,69,64,133
820210710,385,397,782
820210711,74,57,131
820210712,472,475,947
820210713,354,336,690
820210714,111,87,198
820210715,54,37,91
820210716,63,49,112
820210717,773,747,1520
820210718,646,658,1304
820210719,525,456,981
820210720,423,445,868
820210721,459,471,930
820210722,1123,1010,2133
820210723,13,9,22
820210724,458,449,907
820210725,341,377,718
820210726,591,568,1159
820210801,211,266,477
820210802,350,448,798
820210803,339,396,735
820210804,344,431,775
820210805,374,433,807
820210806,276,289,565
820210807,727,726,1453
820210808,417,467,884
820210809,484,529,1013
820210810,548,571,1119
820210811,463,508,971
820210812,223,281,504
820210813,526,553,1079
820210814,626,629,1255
820210815,540,499,1039
820210901,509,614,1123
820210902,469,532,1001
820210903,499,531,1030
820210904,884,873,1757
820210905,364,364,728
820210906,303,400,703
820210907,407,495,902
820210908,102,90,192
820210909,346,359,705
820210910,262,280,542
820210911,598,589,1187
820210912,673,658,1331
820210913,359,402,761
820210914,391,423,814
820211001,134,118,252
820211002,286,308,594
820211003,144,118,262
820211004,73,69,142
820211005,87,83,170
820211006,615,636,1251
820211007,504,568,1072
820211008,649,726,1375
820211009,560,592,1152
820211010,31,21,52
820211011,98,71,169
820211012,128,141,269
820211013,805,831,1636
820211014,560,520,1080
820211015,517,544,1061
820211016,327,380,707
820211017,480,508,988
820211018,391,437,828
820280101,721,804,1525
820280102,283,336,619
820280103,279,314,593
820280104,687,727,1414
820280105,919,949,1868
820280106,35,19,54
820280107,232,217,449
820280108,427,418,845
820280109,290,329,619
820280110,145,134,279
820280111,74,74,148
820280112,506,528,1034
820280113,459,539,998
820280114,443,435,878
820280115,15,16,31
820280116,31,10,41
820280117,465,476,941
820280118,36,32,68
820280119,68,35,103
820280120,220,237,457
820280121,279,345,624
820280122,371,408,779
820280123,248,283,531
820280124,351,355,706
820280201,865,969,1834
820280202,102,56,158
820280203,196,189,385
820280204,401,447,848
820280205,731,731,1462
820280206,60,50,110
820280207,381,404,785
820280208,127,152,279
820280209,176,173,349
820280210,21,33,54
820280211,493,523,1016
820280212,417,391,808
820280213,21,14,35
820280214,312,329,641
820280215,41,29,70
820280216,293,317,610
820280217,49,43,92
820280218,17,20,37
820280219,21,14,35
820280220,325,368,693
820280221,338,391,729
820280301,1248,1169,2417
820280302,489,526,1015
820280303,541,608,1149
820280304,434,471,905
820280305,361,413,774
820280306,760,715,1475
820280307,538,593,1131
820280308,437,494,931
820280309,1359,1329,2688
820280310,93,76,169
820280311,404,472,876
820280312,204,217,421
820280313,236,235,471
820280314,231,247,478
820280315,109,88,197
820280316,304,328,632
820280317,64,53,117
820280318,523,533,1056
820280319,204,231,435
820280320,367,344,711
820280321,307,326,633
820280322,379,388,767
820280323,78,77,155
820280324,523,481,1004
820280325,65,43,108
820280326,871,880,1751
820280327,161,149,310
820280401,588,578,1166
820280402,396,441,837
820280403,566,594,1160
820280404,569,585,1154
820280405,601,609,1210
820280406,321,383,704
820280407,411,493,904
820280408,352,396,748
820280409,403,463,866
820280410,724,807,1531
820280411,392,428,820
820280412,511,555,1066
820280413,586,623,1209
820280414,639,672,1311
820280415,471,543,1014
820280501,560,599,1159
820280502,322,357,679
820280503,390,444,834
820280504,435,462,897
820280505,762,762,1524
820280506,925,965,1890
820280507,487,494,981
820280508,721,729,1450
820280509,625,654,1279
820280510,304,370,674
820280511,686,730,1416
820280512,970,1023,1993
820280513,779,747,1526
820280514,641,652,1293
820280515,744,791,1535
820280516,396,404,800
820280517,831,879,1710
820289201,84,76,160
820350101,247,127,374
820350102,491,456,947
820350103,121,82,203
820350104,15,13,28
820350105,21,24,45
820350106,504,458,962
820350107,41,24,65
820350108,202,172,374
820350109,138,128,266
820350110,287,271,558
820350111,624,683,1307
820350112,532,538,1070
820350113,590,610,1200
820350114,559,642,1201
820350115,40,26,66
820350116,295,293,588
820350117,463,455,918
820350201,10,6,16
820350202,1001,1048,2049
820350203,55,43,98
820350204,29,29,58
820350205,78,73,151
820350206,254,216,470
820350207,577,520,1097
820350208,155,148,303
820350209,603,541,1144
820350210,560,611,1171
820350211,891,929,1820
820350212,643,640,1283
820350213,531,527,1058
820420101,50,46,96
820420102,324,324,648
820420103,389,412,801
820420104,166,186,352
820420105,46,36,82
820420106,100,86,186
820420107,545,547,1092
820420108,654,664,1318
820420109,612,587,1199
820420110,266,243,509
820420111,494,517,1011
820420112,400,463,863
820420113,88,80,168
820420115,351,347,698
820420116,176,142,318
820420117,213,212,425
820420118,118,87,205
820420119,210,152,362
820420120,81,56,137
820420121,145,134,279
820420122,456,476,932
820420123,391,378,769
820420124,181,160,341
820420201,147,85,232
820420202,241,258,499
820420203,95,85,180
820420204,121,95,216
820420205,501,532,1033
820420206,606,576,1182
820420207,317,334,651
820420208,315,342,657
820420209,58,42,100
820420210,279,292,571
820420211,197,159,356
820420212,409,423,832
820420213,361,429,790
820420214,671,670,1341
820420215,614,689,1303
820420216,159,152,311
820420217,166,135,301
820420218,206,190,396
820420219,604,618,1222
820420220,471,485,956
820420221,608,623,1231
820420222,464,500,964
820420301,103,82,185
820420302,266,215,481
820420303,98,79,177
820420304,115,101,216
820420305,198,152,350
820420306,115,121,236
820420307,80,64,144
820420308,321,264,585
820420309,224,195,419
820420310,332,352,684
820420311,447,406,853
820420312,616,589,1205
820420313,787,818,1605
820420314,506,499,1005
820420315,446,460,906
820420316,597,650,1247
820420317,315,370,685
820420318,606,612,1218
820420319,255,254,509
820420320,42,34,76
820420321,53,58,111
820420322,46,27,73
820420323,429,421,850
820420324,280,322,602
820420401,572,555,1127
820420402,1034,915,1949
820420403,870,838,1708
820420404,648,688,1336
820420405,282,330,612
820420406,385,455,840
820420407,269,306,575
820420408,631,619,1250
820420409,335,388,723
820420410,234,288,522
820420411,217,257,474
820420412,269,312,581
820420413,604,616,1220
820420414,348,410,758
820420415,515,525,1040
820420416,257,279,536
820420417,640,699,1339
820420418,444,444,888
820420419,488,518,1006
820420420,55,67,122
820420421,548,603,1151
820420501,634,645,1279
820420502,493,537,1030
820420503,767,730,1497
820420504,237,269,506
820420505,299,398,697
820420506,491,514,1005
820420507,408,457,865
820420508,706,676,1382
820420509,267,293,560
820420601,454,455,909
820420602,455,430,885
820420603,547,578,1125
820420604,557,579,1136
820420605,449,495,944
820420606,558,624,1182
820420607,422,475,897
820420608,371,472,843
820420609,145,176,321
820420610,559,595,1154
820420611,387,494,881
820420612,377,445,822
820420613,396,453,849
820420614,328,382,710
820420615,110,149,259
820420616,346,392,738
820420617,377,392,769
820420618,426,443,869
820420619,552,508,1060
820420620,501,520,1021
820420621,357,363,720
820420622,292,341,633
820420701,489,477,966
820420702,457,440,897
820420703,326,368,694
820420704,677,705,1382
820420705,647,735,1382
820420706,481,573,1054
820420707,459,515,974
820420708,287,341,628
820420709,307,358,665
820420710,415,452,867
820420711,500,503,1003
820420712,413,466,879
820420713,259,326,585
820420714,446,537,983
820420715,855,771,1626
820420716,660,743,1403
820420717,760,690,1450
820420718,331,391,722
820420719,269,309,578
820420720,361,376,737
820420721,342,380,722
820420801,385,440,825
820420802,397,507,904
820420803,218,294,512
820420804,258,333,591
820420805,418,548,966
820420806,398,505,903
820420807,292,394,686
820420808,316,383,699
820420809,401,445,846
820420810,407,457,864
820420811,497,511,1008
820420901,770,731,1501
820420902,475,493,968
820420903,751,806,1557
820420904,323,334,657
820420905,520,549,1069
820420906,993,988,1981
820420907,494,566,1060
820420908,303,337,640
820420909,446,610,1056
820420910,193,239,432
820420911,304,374,678
820420912,320,325,645
820420913,305,340,645
820420914,347,399,746
820420915,254,314,568
820420916,794,807,1601
820420917,625,604,1229
820420918,313,399,712
820420919,685,624,1309
820420920,536,542,1078
820420921,766,743,1509
820420922,817,838,1655
820420923,811,809,1620
820420924,279,337,616
820420925,346,412,758
820420926,327,392,719
820421001,372,409,781
820421002,727,730,1457
820421003,415,479,894
820421004,493,583,1076
820421005,478,483,961
820421006,381,405,786
820421007,468,519,987
820421008,777,727,1504
820421009,384,415,799
820421010,809,783,1592
820421011,1316,1370,2686
820421012,525,517,1042
820421013,424,467,891
820421014,313,350,663
820421015,595,603,1198
820421016,924,871,1795
820421102,30,24,54
820421103,205,168,373
820421104,33,33,66
820421105,425,447,872
820421106,514,520,1034
820421107,55,43,98
820421108,351,365,716
820421109,372,448,820
820421110,331,272,603
820421111,312,296,608
820421112,334,316,650
820421113,326,383,709
820421114,317,372,689
820421115,391,474,865
820421116,526,528,1054
820421117,152,123,275
820421118,429,456,885
820421119,338,388,726
820421120,398,411,809
820421121,334,346,680
820421201,157,116,273
820421202,114,100,214
820421203,731,759,1490
820421204,488,498,986
820421205,385,433,818
820421206,316,374,690
820421207,349,422,771
820421208,567,611,1178
820421209,179,145,324
820421210,753,785,1538
820421211,433,479,912
820421212,546,620,1166
820421213,415,479,894
820421214,557,611,1168
820421215,51,32,83
820421216,464,464,928
820429101,21,20,41
820490101,934,948,1882
820490102,1264,1275,2539
820490103,307,278,585
820490104,20,0,20
820490105,183,172,355
820490106,66,43,109
820490107,430,435,865
820490108,731,752,1483
820490109,663,694,1357
820490110,451,452,903
820490111,120,110,230
820490112,832,834,1666
820490113,82,79,161
820490114,206,196,402
820490115,103,79,182
820490116,1570,1629,3199
820490117,584,678,1262
820490118,645,691,1336
820490119,505,488,993
820490120,28,19,47
820490121,1309,1270,2579
820490122,141,117,258
820490123,1240,1247,2487
820490124,579,624,1203
820490125,563,566,1129
820490126,136,84,220
820490127,364,391,755
820490128,690,716,1406
820490201,417,448,865
820490202,466,463,929
820490203,60,45,105
820490204,12,6,18
820490205,57,61,118
820490206,20,10,30
820490207,15,7,22
820490208,17,15,32
820490209,60,35,95
820490210,100,89,189
820490211,12,14,26
820490212,26,25,51
820490213,433,469,902
820490301,610,603,1213
820490302,626,631,1257
820490303,418,515,933
820490304,423,472,895
820490305,738,807,1545
820490306,520,548,1068
820490307,226,176,402
820490308,1459,1375,2834
820490309,19,12,31
820490310,179,188,367
820490311,398,369,767
820490312,81,59,140
820490313,203,195,398
820490314,52,47,99
820490315,222,190,412
820490316,20,22,42
820490317,42,46,88
820490318,42,38,80
820490319,109,88,197
820490320,35,9,44
820490321,42,51,93
820490322,36,32,68
820490323,160,157,317
820490324,276,271,547
820490325,75,68,143
820490326,1195,1222,2417
820490327,151,134,285
820490328,185,180,365
820490329,532,553,1085
820490330,449,460,909
820490331,411,476,887
820490332,495,510,1005
820490333,610,607,1217
820490334,522,589,1111
820490401,89,72,161
820490402,183,156,339
820490403,272,250,522
820490404,216,186,402
820490405,99,104,203
820490406,335,369,704
820490407,74,59,133
820490408,562,561,1123
820490409,154,165,319
820490410,181,200,381
820490411,295,228,523
820490412,259,251,510
820490413,157,157,314
820490414,19,16,35
820490415,119,99,218
820490416,412,416,828
820490417,14,11,25
820490418,218,187,405
820490419,6,9,15
820490501,44,44,88
820490502,167,168,335
820490503,82,70,152
820490504,262,253,515
820490505,135,158,293
820490506,160,152,312
820490507,171,136,307
820490508,102,98,200
820490509,509,536,1045
820490510,1838,1763,3601
820490511,565,535,1100
820490512,596,586,1182
820490513,482,560,1042
820490514,1217,1214,2431
820490515,475,503,978
820490516,684,712,1396
820490517,414,431,845
820490518,500,528,1028
820490519,6,2,8
820490520,3,3,6
820490521,309,345,654
820490522,547,603,1150
820490523,1399,1397,2796
820490524,779,804,1583
820490525,477,514,991
820490526,438,488,926
820490527,903,940,1843
820490601,337,384,721
820490602,424,474,898
820490603,666,790,1456
820490604,616,719,1335
820490605,573,630,1203
820490606,389,488,877
820490607,611,608,1219
820490608,1382,1272,2654
820490609,169,214,383
820490610,471,562,1033
820490611,383,403,786
820490612,229,309,538
820490613,384,474,858
820490614,226,295,521
820490615,296,344,640
820490616,371,498,869
820490701,542,570,1112
820490702,424,463,887
820490703,305,333,638
820490704,378,392,770
820490705,485,527,1012
820490706,620,703,1323
820490707,802,903,1705
820490708,694,737,1431
820490709,521,641,1162
820490710,343,411,754
820490711,306,390,696
820490712,532,645,1177
820490713,241,272,513
820490714,324,383,707
820490715,737,836,1573
820490716,851,875,1726
820490717,833,874,1707
820490718,1522,1477,2999
820490719,1201,1206,2407
820490801,256,249,505
820490802,148,159,307
820490803,228,244,472
820490804,7,6,13
820490805,16,13,29
820490806,133,130,263
820490807,154,134,288
820490808,164,148,312
820490809,225,193,418
820490810,612,532,1144
820490811,35,4,39
820490812,105,98,203
820490813,15,14,29
820490814,156,150,306
820490815,79,60,139
820490816,34,38,72
820490817,104,73,177
820490818,263,250,513
820490819,156,134,290
820490901,158,154,312
820490902,59,54,113
820490903,227,215,442
820490904,186,149,335
820490905,208,154,362
820490906,946,977,1923
820490907,331,380,711
820490908,468,466,934
820490909,129,131,260
820490910,177,187,364
820490911,198,180,378
820490912,151,118,269
820490913,454,441,895
820490914,511,540,1051
820490915,581,591,1172
820490916,396,455,851
820491001,422,443,865
820491002,417,441,858
820491003,494,595,1089
820491004,620,692,1312
820491005,715,824,1539
820491006,765,754,1519
820491007,1586,1574,3160
820491008,712,708,1420
820491009,603,610,1213
820491010,610,594,1204
820491011,834,881,1715
820491012,615,621,1236
820491013,487,487,974
820491014,1152,1228,2380
820491015,894,929,1823
820491016,994,973,1967
820491017,1011,1032,2043
820491018,685,667,1352
820491019,1162,1175,2337
820560101,508,533,1041
820560102,107,93,200
820560103,534,535,1069
820560104,294,339,633
820560105,576,597,1173
820560106,180,141,321
820560107,230,132,362
820560108,485,521,1006
820560109,360,407,767
820560110,216,196,412
820560111,419,409,828
820560112,228,214,442
820560113,204,208,412
820560114,106,108,214
820560115,445,449,894
820560116,299,297,596
820560117,491,465,956
820560118,262,251,513
820560201,328,315,643
820560202,492,508,1000
820560203,313,326,639
820560204,509,590,1099
820560205,510,576,1086
820560206,554,543,1097
820560207,346,301,647
820560208,324,267,591
820560209,193,163,356
820560210,430,496,926
820560211,137,100,237
820560212,187,185,372
820560213,180,164,344
820560214,243,241,484
820560215,725,786,1511
820560216,319,343,662
820560217,360,366,726
820560218,484,510,994
820560219,434,468,902
820560301,539,559,1098
820560302,226,208,434
820560303,891,893,1784
820560304,293,332,625
820560305,637,653,1290
820560306,346,394,740
820560307,404,409,813
820560308,413,355,768
820560309,362,389,751
820560310,246,285,531
820560311,742,796,1538
820560312,186,138,324
820560313,174,141,315
820560314,175,129,304
820560401,664,661,1325
820560402,583,623,1206
820560403,417,544,961
820560404,331,402,733
820560405,492,571,1063
820560406,302,456,758
820560407,199,219,418
820560408,337,386,723
820560409,390,491,881
820560410,332,356,688
820560411,389,421,810
820560412,299,311,610
820560413,177,252,429
820560414,810,856,1666
820560415,379,415,794
820560501,227,227,454
820560502,743,832,1575
820560503,428,518,946
820560504,344,413,757
820560505,509,559,1068
820560506,335,372,707
820560507,892,898,1790
820560508,249,265,514
820560509,711,723,1434
820560510,502,540,1042
820560511,718,745,1463
820560512,529,519,1048
820560513,414,442,856
820560514,444,494,938
820560515,313,355,668
820560516,446,434,880
820630101,337,354,691
820630102,25,29,54
820630103,526,563,1089
820630104,480,493,973
820630105,496,561,1057
820630106,193,162,355
820630107,452,436,888
820630108,154,149,303
820630109,480,533,1013
820630110,701,730,1431
820630111,317,249,566
820630112,144,119,263
820630113,81,76,157
820630114,162,162,324
820630115,71,80,151
820630116,44,36,80
820630117,66,45,111
820630118,505,464,969
820630119,615,637,1252
820630120,470,521,991
820630121,332,367,699
820630122,553,618,1171
820630123,386,413,799
820630124,438,450,888
820630125,540,587,1127
820630126,788,863,1651
820630127,445,456,901
820630128,868,816,1684
820630129,1021,1050,2071
820630201,157,156,313
820630202,62,51,113
820630203,34,33,67
820630204,538,599,1137
820630205,442,461,903
820630206,399,539,938
820630207,534,610,1144
820630208,915,929,1844
820630209,354,422,776
820630210,359,393,752
820630211,382,418,800
820630212,562,658,1220
820630213,791,760,1551
820630214,139,123,262
820630215,128,140,268
820630216,361,390,751
820630217,50,28,78
820630218,85,81,166
820630219,72,50,122
820630220,600,604,1204
820630221,768,797,1565
820630222,743,765,1508
820630223,276,276,552
820630224,210,233,443
820630225,400,456,856
820630226,143,136,279
820630227,141,163,304
820630228,157,138,295
820630229,35,42,77
820630230,43,33,76
820630231,494,555,1049
820630232,638,656,1294
820630301,297,292,589
820630302,385,356,741
820630303,244,273,517
820630304,1,1,2
820630305,303,318,621
820630306,265,301,566
820630307,608,636,1244
820630308,471,467,938
820630309,492,503,995
820630310,715,778,1493
820630311,801,774,1575
820630312,816,797,1613
820630313,379,375,754
820630314,667,635,1302
820630315,492,463,955
820630316,673,692,1365
820630317,532,486,1018
820630318,22,17,39
820630319,780,842,1622
820630320,2,0,2
820630321,0,0,0
820630322,580,585,1165
820630323,405,400,805
820630324,655,662,1317
820630325,597,555,1152
820630326,487,517,1004
820630327,323,299,622
820630401,38,34,72
820630402,620,669,1289
820630403,194,237,431
820630404,543,691,1234
820630405,217,181,398
820630406,7,3,10
820630407,658,671,1329
820630408,503,569,1072
820630409,1677,1740,3417
820630410,1792,2048,3840
820630411,582,561,1143
820630412,881,1015,1896
820630501,1162,1107,2269
820630502,849,915,1764
820630503,765,792,1557
820630504,606,560,1166
820630505,541,573,1114
820630506,1207,1269,2476
820630507,726,716,1442
820630508,838,795,1633
820630509,1129,1117,2246
820630510,768,853,1621
820630511,739,699,1438
820630512,376,405,781
820630513,619,650,1269
820630601,754,808,1562
820630602,565,565,1130
820630603,567,682,1249
820630604,611,671,1282
820630605,423,449,872
820630606,386,432,818
820630607,303,362,665
820630608,297,359,656
820630609,664,770,1434
820630610,323,361,684
820630611,421,477,898
820630612,425,439,864
820630613,387,427,814
820630614,463,546,1009
820630615,395,469,864
820630616,424,466,890
820630617,389,475,864
820630618,297,393,690
820630701,562,555,1117
820630702,328,398,726
820630703,265,316,581
820630704,540,644,1184
820630705,571,621,1192
820630706,615,697,1312
820630707,370,434,804
820630708,341,356,697
820630709,310,366,676
820630710,379,381,760
820630711,342,402,744
820630712,338,378,716
820630713,532,532,1064
820630714,278,337,615
820630801,290,377,667
820630802,385,500,885
820630803,307,396,703
820630804,384,407,791
820630805,282,382,664
820630806,355,427,782
820630807,290,345,635
820630808,372,429,801
820630809,317,402,719
820630810,383,441,824
820630811,379,434,813
820630812,418,498,916
820630813,240,303,543
820630814,315,372,687
820630901,605,651,1256
820630902,343,395,738
820630903,515,613,1128
820630904,276,345,621
820630905,313,377,690
820630906,486,529,1015
820630907,310,405,715
820630908,455,552,1007
820630909,342,441,783
820630910,452,521,973
820631001,513,485,998
820631002,528,593,1121
820631003,362,413,775
820631004,339,401,740
820631005,363,386,749
820631006,348,429,777
820631007,755,781,1536
820631008,861,866,1727
820631009,642,607,1249
820631010,518,695,1213
820631011,597,649,1246
820631012,306,360,666
820631013,737,745,1482
820631101,764,816,1580
820631102,1185,543,1728
820631103,755,757,1512
820631104,385,447,832
820631105,610,691,1301
820631106,1041,1022,2063
820631107,1444,1318,2762
820631108,410,430,840
820631109,466,432,898
820631110,923,1015,1938
820631111,753,763,1516
820631112,429,466,895
820631113,728,750,1478
820631114,515,588,1103
820631115,815,822,1637
820631116,514,501,1015
820631117,433,489,922
820631118,637,570,1207
820631119,361,410,771
820631201,541,559,1100
820631202,304,378,682
820631203,286,288,574
820631204,713,723,1436
820631205,392,427,819
820631206,283,276,559
820631207,599,653,1252
820631208,626,710,1336
820631209,569,632,1201
820631210,552,567,1119
820631211,428,475,903
820631212,361,481,842
820631213,560,638,1198
820631214,500,506,1006
820631215,493,511,1004
820631301,400,425,825
820631302,483,531,1014
820631303,241,249,490
820631304,353,450,803
820631305,367,404,771
820631306,335,375,710
820631307,381,446,827
820631308,423,420,843
820631309,901,900,1801
820631310,379,382,761
820631311,310,383,693
820631312,407,464,871
820631313,485,532,1017
820631314,361,416,777
820631315,473,533,1006
820631316,523,575,1098
820631317,490,560,1050
820631318,327,421,748
820631319,306,334,640
820631320,305,364,669
820631401,349,430,779
820631402,523,589,1112
820631403,443,565,1008
820631404,445,528,973
820631405,339,446,785
820631406,363,380,743
820631407,314,352,666
820631408,369,451,820
820631409,383,479,862
820631410,448,510,958
820631411,352,442,794
820631501,493,542,1035
820631502,381,437,818
820631503,374,471,845
820631504,280,341,621
820631505,394,436,830
820631506,240,268,508
820631507,398,436,834
820631508,317,375,692
820631509,329,400,729
820631510,435,531,966
820631511,477,578,1055
820631512,422,505,927
820631513,292,362,654
820631601,393,431,824
820631602,414,498,912
820631603,517,572,1089
820631604,301,343,644
820631605,288,352,640
820631606,266,367,633
820631607,253,305,558
820631608,603,619,1222
820631609,309,364,673
820631610,667,744,1411
820631611,370,420,790
820631612,349,399,748
820631701,403,524,927
820631702,629,712,1341
820631703,423,421,844
820631704,229,236,465
820631705,430,484,914
820631706,428,429,857
820631707,258,327,585
820631708,374,462,836
820631709,334,385,719
820631710,365,404,769
820631711,400,451,851
820631712,315,335,650
820631713,379,426,805
820631714,336,460,796
820631801,317,444,761
820631802,415,530,945
820631803,310,398,708
820631804,287,405,692
820631805,86,122,208
820631806,246,322,568
820631807,456,573,1029
820631808,337,445,782
820631809,179,239,418
820631810,208,298,506
820631811,274,417,691
820631812,170,258,428
820631813,159,211,370
820631901,540,555,1095
820631902,312,401,713
820631903,534,642,1176
820631904,250,289,539
820631905,313,340,653
820631906,192,221,413
820631907,460,577,1037
820631908,364,336,700
820631909,621,653,1274
820631910,752,775,1527
820631911,459,426,885
820631912,337,373,710
820631913,1311,1249,2560
820632001,366,419,785
820632002,162,179,341
820632003,254,301,555
820632004,71,146,217
820632005,183,233,416
820632006,265,320,585
820632007,222,259,481
820632008,394,492,886
820632009,380,406,786
820632010,451,518,969
820632011,367,394,761
820632012,414,467,881
820632101,289,410,699
820632102,369,461,830
820632103,280,400,680
820632104,467,619,1086
820632105,362,451,813
820632106,288,420,708
820632107,380,463,843
820632108,290,375,665
820632109,368,476,844
820632110,128,124,252
820632111,391,618,1009
820632112,317,431,748
820632113,215,279,494
820632114,321,408,729
820632115,346,329,675
820632201,221,287,508
820632202,291,283,574
820632203,187,226,413
820632204,121,159,280
820632205,119,158,277
820632206,128,145,273
820632207,285,400,685
820632208,332,418,750
820632209,216,308,524
820632210,198,277,475
820632211,143,217,360
820632212,236,286,522
820632213,238,282,520
820632214,201,325,526
820632301,316,399,715
820632302,340,434,774
820632303,310,377,687
820632304,387,421,808
820632305,276,344,620
820632306,543,589,1132
820632307,168,208,376
820632308,378,519,897
820632309,283,348,631
820632310,400,525,925
820632311,209,243,452
820632312,337,420,757
820632313,129,196,325
820632314,348,405,753
820632401,263,360,623
820632402,213,319,532
820632403,238,400,638
820632404,201,315,516
820632405,178,224,402
820632406,141,208,349
820632407,134,213,347
820632408,219,273,492
820632409,241,342,583
820632410,273,314,587
820632411,279,321,600
820632412,293,404,697
820632413,185,230,415
820632414,251,324,575
820632415,232,324,556
820632416,299,335,634
820632417,176,269,445
820632418,149,158,307
820632501,356,391,747
820632502,519,609,1128
820632503,457,577,1034
820632504,235,276,511
820632505,263,298,561
820632506,455,454,909
820632507,225,293,518
820632508,219,295,514
820632509,404,474,878
820632510,361,425,786
820632511,334,397,731
820632512,162,197,359
820632513,308,338,646
820632601,1130,1139,2269
820632602,589,635,1224
820632603,551,556,1107
820632604,537,572,1109
820632605,732,738,1470
820632606,491,492,983
820632607,592,700,1292
820632608,460,531,991
820632609,577,632,1209
820632610,401,439,840
820632611,369,399,768
820632612,500,623,1123
820632613,1195,1233,2428
820632614,501,546,1047
820632615,447,488,935
820632616,649,634,1283
820632617,789,808,1597
820632701,417,431,848
820632702,462,433,895
820632703,404,408,812
820632704,405,499,904
820632705,357,429,786
820632706,486,574,1060
820632707,375,447,822
820632708,338,398,736
820632709,845,939,1784
820632710,704,790,1494
820632711,636,682,1318
820632712,760,790,1550
820632713,994,991,1985
820632714,813,853,1666
820632715,678,675,1353
820632716,232,217,449
820632801,457,506,963
820632802,591,640,1231
820632803,719,781,1500
820632804,30,26,56
820632805,900,943,1843
820632806,1046,1092,2138
820632807,737,746,1483
820632808,556,594,1150
820632809,765,768,1533
820632810,780,844,1624
820632811,1339,1374,2713
820632812,9,7,16
820632813,127,23,150
820632814,847,877,1724
820632815,286,308,594
820632816,252,227,479
820632817,356,340,696
820632818,503,512,1015
820632819,552,589,1141
820632820,7,7,14
820632821,116,90,206
820632822,91,93,184
820632823,417,398,815
820632824,1,1,2
820632825,262,240,502
820632826,296,278,574
820632827,99,93,192
820632828,372,326,698
820632829,514,497,1011
820632901,1006,899,1905
820632902,455,464,919
820632903,377,447,824
820632904,619,679,1298
820632905,845,849,1694
820632906,745,703,1448
820632907,471,486,957
820632908,559,521,1080
820632909,612,658,1270
820632910,454,494,948
820632911,340,396,736
820632912,304,375,679
820632913,382,484,866
820632914,278,336,614
820632915,454,571,1025
820633001,392,509,901
820633002,468,568,1036
820633003,273,324,597
820633004,261,296,557
820633005,324,368,692
820633006,374,433,807
820633007,529,698,1227
820633008,694,781,1475
820633009,708,748,1456
820633010,612,714,1326
820633011,487,558,1045
820633012,375,430,805
820633013,656,704,1360
820633101,1007,1023,2030
820633102,336,330,666
820633103,580,593,1173
820633104,1188,1283,2471
820633105,54,56,110
820633106,588,662,1250
820633107,684,712,1396
820633108,413,442,855
820633109,1169,1194,2363
820633110,731,783,1514
820633111,627,622,1249
820633112,712,727,1439
820633113,577,661,1238
820633114,613,722,1335
820633115,867,925,1792
820633201,629,680,1309
820633202,534,565,1099
820633203,823,845,1668
820633204,426,440,866
820633205,702,677,1379
820633206,474,452,926
820633207,883,946,1829
820633208,593,642,1235
820633209,706,792,1498
820633210,473,511,984
820633211,710,734,1444
820633212,1069,1079,2148
820633213,771,841,1612
820633214,415,508,923
820633215,280,332,612
820633216,492,500,992
820633301,736,748,1484
820633302,542,520,1062
820633303,609,615,1224
820633304,542,575,1117
820633305,406,439,845
820633306,478,531,1009
820633307,449,504,953
820633308,582,761,1343
820633309,417,435,852
820633310,499,513,1012
820633401,1423,1496,2919
820633402,740,744,1484
820633403,833,823,1656
820633404,491,514,1005
820633405,2810,2954,5764
820633406,1027,1106,2133
820633407,419,452,871
820633408,375,382,757
820633409,467,499,966
820633410,406,424,830
820633411,457,516,973
820633412,800,807,1607
820633413,1622,1643,3265
820633501,454,453,907
820633502,422,433,855
820633503,427,429,856
820633504,327,338,665
820633505,271,338,609
820633506,393,499,892
820633507,320,405,725
820633508,328,408,736
820633509,335,394,729
820700101,423,441,864
820700102,160,147,307
820700103,55,51,106
820700104,487,550,1037
820700105,193,147,340
820700106,51,30,81
820700107,113,91,204
820700108,307,356,663
820700109,125,111,236
820700110,294,285,579
820700111,719,751,1470
820700112,144,128,272
820700113,49,48,97
820700114,61,45,106
820700115,142,129,271
820700116,82,85,167
820700117,270,280,550
820700201,544,554,1098
820700202,283,259,542
820700203,151,159,310
820700204,472,516,988
820700205,241,209,450
820700206,163,109,272
820700207,262,283,545
820700208,197,190,387
820700209,385,440,825
820700210,274,232,506
820700211,197,228,425
820700212,214,179,393
820700213,516,550,1066
820700214,287,280,567
820700215,68,69,137
820700216,110,82,192
820700217,133,105,238
820700218,573,557,1130
820700219,712,780,1492
820700220,291,277,568
820700221,556,534,1090
820700222,469,494,963
820700301,323,345,668
820700302,195,173,368
820700303,706,699,1405
820700304,291,301,592
820700305,462,523,985
820700306,341,348,689
820700307,394,405,799
820700308,399,471,870
820700309,383,392,775
820700310,695,726,1421
820700311,750,773,1523
820700312,322,344,666
820700313,423,453,876
820700314,454,536,990
820700315,860,873,1733
820700316,450,479,929
820700317,385,455,840
820700318,917,949,1866
820700319,594,629,1223
820700320,501,509,1010
820700401,1310,1257,2567
820700402,839,830,1669
820700403,564,579,1143
820700404,505,515,1020
820700405,346,408,754
820700406,510,517,1027
820700407,290,326,616
820700408,210,281,491
820700409,304,365,669
820700410,728,684,1412
820700411,375,415,790
820700412,353,408,761
820700413,448,494,942
820700414,483,477,960
820700415,782,790,1572
820700416,636,661,1297
820700417,1149,1074,2223
820700418,256,278,534
820700419,388,452,840
820700420,287,280,567
820700501,660,706,1366
820700502,288,304,592
820700503,560,623,1183
820700504,261,305,566
820700505,370,389,759
820700506,101,86,187
820700507,128,103,231
820700508,680,703,1383
820700509,365,379,744
820700510,450,545,995
820700511,867,871,1738
820700512,463,429,892
820700513,78,71,149
820700514,56,69,125
820700515,179,181,360
820700516,106,92,198
820700517,393,431,824
820700518,202,194,396
820700519,183,193,376
820700520,122,110,232
820700521,247,246,493
820700522,346,368,714
820700523,703,751,1454
820700524,701,719,1420
820700525,721,690,1411
820700601,779,754,1533
820700602,212,161,373
820700603,364,378,742
820700604,107,98,205
820700605,400,412,812
820700606,135,114,249
820700607,318,312,630
820700608,207,180,387
820700609,117,101,218
820700610,98,87,185
820700611,430,487,917
820700612,752,784,1536
820700613,364,287,651
820700701,313,378,691
820700702,387,425,812
820700703,349,432,781
820700704,305,346,651
820700705,432,482,914
820700706,277,320,597
820700707,465,463,928
820700708,810,817,1627
820700709,185,175,360
820700710,371,383,754
820700711,103,90,193
820700712,534,522,1056
820700713,408,453,861
820700714,95,90,185
820700715,555,608,1163
820700716,389,438,827
820700717,400,439,839
820700718,402,463,865
820770101,217,160,377
820770102,174,130,304
820770103,680,678,1358
820770104,276,138,414
820770105,196,176,372
820770106,479,514,993
820770107,501,497,998
820770201,350,320,670
820770202,400,330,730
820770203,569,565,1134
820770204,354,243,597
820770205,130,92,222
820770206,843,774,1617
820770207,749,798,1547
820770301,260,177,437
820770302,470,510,980
820770303,719,731,1450
820770304,868,926,1794
820770305,799,859,1658
820770306,588,576,1164
820770307,481,554,1035
820770308,817,825,1642
820770309,448,415,863
820770310,182,100,282
820770311,164,99,263
820770312,317,383,700
820770313,563,673,1236
820770314,360,412,772
820770315,298,279,577
820770316,595,642,1237
820770317,396,464,860
820770401,132,98,230
820770402,297,333,630
820770403,85,84,169
820770404,85,84,169
820770405,8,5,13
820770406,30,20,50
820770407,78,51,129
820770408,79,67,146
820770409,6,7,13
820840101,345,292,637
820840102,796,758,1554
820840103,1084,1060,2144
820840201,429,377,806
820840202,627,606,1233
820840203,587,688,1275
820840204,757,767,1524
820840205,441,446,887
820840206,1134,1134,2268
820840207,398,407,805
820840208,706,786,1492
820840209,729,786,1515
820840210,896,917,1813
820840211,562,601,1163
820840212,598,609,1207
820840213,25,21,46
820840214,754,726,1480
820840301,272,212,484
820840302,776,765,1541
820840303,557,581,1138
820840304,606,619,1225
820840305,715,777,1492
820840306,773,857,1630
820840307,1134,1160,2294
820840308,852,810,1662
820840309,539,554,1093
820840310,489,521,1010
820840311,955,875,1830
820840401,263,271,534
820840402,359,381,740
820840403,493,502,995
820840404,577,517,1094
820840405,501,602,1103
820840406,472,497,969
820840407,308,317,625
820840408,401,433,834
820840409,525,630,1155
820840410,332,359,691
820840411,396,457,853
820840412,456,543,999
820840413,578,640,1218
820840414,338,416,754
820840415,292,363,655
820840416,142,178,320
820840417,132,137,269
820840418,197,220,417
820840419,94,100,194
820840420,541,634,1175
820840421,926,874,1800
820840422,366,393,759
820840501,538,666,1204
820840502,1146,1368,2514
820840503,523,575,1098
820840504,177,220,397
820840505,796,985,1781
820840506,439,528,967
820840507,448,484,932
820840508,406,458,864
820840509,422,484,906
820840510,361,382,743
820840511,438,466,904
820840512,237,276,513
820840513,301,339,640
820840514,453,534,987
820840515,299,328,627
820840516,465,447,912
820840517,437,537,974
820840518,560,605,1165
820840519,480,564,1044
820840601,300,370,670
820840602,398,507,905
820840603,334,421,755
820840604,870,836,1706
820840605,965,926,1891
820840606,620,658,1278
820840607,321,402,723
820840608,351,422,773
820840609,347,399,746
820840610,544,564,1108
820840611,513,541,1054
820840612,497,549,1046
820840613,562,615,1177
820840614,723,797,1520
820840615,466,474,940
820840616,1118,1091,2209
820840617,486,492,978
820840618,415,448,863
820840619,368,401,769
820840620,430,488,918
820840621,416,487,903
820840622,498,597,1095
820840623,609,651,1260
820840624,218,267,485
820840701,455,453,908
820840702,576,567,1143
820840703,763,785,1548
820840704,745,779,1524
820840705,912,1000,1912
820840706,1186,1275,2461
820840707,550,597,1147
820840708,419,448,867
820840709,760,847,1607
820840710,285,329,614
820840711,340,367,707
820840712,349,383,732
820840713,292,313,605
820840714,358,420,778
820840715,382,430,812
820840716,296,340,636
820840717,576,540,1116
820840718,599,599,1198
820840719,327,376,703
820840720,425,482,907
820840721,904,925,1829
820840722,349,329,678
820840723,453,491,944
820840724,463,500,963
820840801,326,364,690
820840802,395,432,827
820840803,419,504,923
820840804,341,453,794
820840805,399,485,884
820840806,427,481,908
820840807,535,513,1048
820840808,417,499,916
820840809,365,444,809
820840810,361,427,788
820840811,947,896,1843
820840901,355,418,773
820840902,439,484,923
820840903,278,332,610
820840904,302,415,717
820840905,395,457,852
820840906,360,427,787
820840907,1052,1235,2287
820840908,435,479,914
820840909,239,299,538
820840910,240,285,525
820840911,272,270,542
820841001,791,775,1566
820841002,872,902,1774
820841003,369,399,768
820841004,922,926,1848
820841005,639,609,1248
820841006,924,871,1795
820841007,1322,1260,2582
820841008,750,764,1514
820841009,831,840,1671
820841010,827,892,1719
820841011,1028,1041,2069
820841012,876,951,1827
820841013,566,580,1146
820841014,639,683,1322
820841015,359,414,773
820841016,235,229,464
820841017,632,695,1327
820841018,888,975,1863
820841019,2286,2377,4663
820841020,577,574,1151
820841101,389,397,786
820841102,274,313,587
820841103,457,474,931
820841104,300,353,653
820841105,517,528,1045
820841106,549,535,1084
820841107,785,844,1629
820841108,413,418,831
820841109,21,36,57
820841110,840,854,1694
820841111,569,587,1156
820841112,424,488,912
820841113,298,339,637
820841114,588,565,1153
820841115,306,355,661
820841116,389,445,834
820841117,468,524,992
820841118,440,499,939
820841119,423,502,925
820841201,697,713,1410
820841202,600,578,1178
820841203,521,552,1073
820841204,739,746,1485
820841205,499,520,1019
820841206,819,824,1643
820841207,373,387,760
820841208,356,378,734
820841209,656,631,1287
820841210,502,441,943
820841211,707,694,1401
820841212,443,444,887
820841213,488,530,1018
820841214,459,508,967
820841215,445,504,949
820841216,362,382,744
820841217,407,460,867
820841218,678,697,1375
820841219,514,504,1018
820841220,513,485,998
820841221,603,642,1245
820841301,436,491,927
820841302,945,970,1915
820841303,731,794,1525
820841304,1000,989,1989
820841305,346,433,779
820841306,534,546,1080
820841307,334,360,694
820841308,454,491,945
820841309,302,313,615
820841310,443,531,974
820841311,383,447,830
820841312,300,342,642
820841313,696,725,1421
820841314,471,477,948
820841401,394,440,834
820841402,252,277,529
820841403,348,403,751
820841404,440,496,936
820841405,354,415,769
820841406,446,513,959
820841407,373,439,812
820841408,410,479,889
820841409,292,351,643
820841410,522,521,1043
820841411,233,261,494
820841501,339,386,725
820841502,379,434,813
820841503,313,386,699
820841504,375,411,786
820841505,333,366,699
820841506,337,403,740
820841507,259,285,544
820841508,326,411,737
820841509,424,389,813
820841601,361,400,761
820841602,436,461,897
820841603,409,503,912
820841604,381,405,786
820841605,411,489,900
820841606,331,398,729
820841607,395,472,867
820841608,211,260,471
820841609,419,459,878
820841610,273,293,566
820841611,230,284,514
820841612,235,281,516
820841701,209,227,436
820841702,279,287,566
820841703,254,307,561
820841704,324,321,645
820841705,290,312,602
820841706,345,411,756
820841707,277,315,592
820841708,158,188,346
820841709,314,409,723
820841710,287,344,631
820841711,364,434,798
820841712,290,350,640
820841713,291,375,666
820841714,307,391,698
820841715,352,423,775
820841716,178,231,409
820841717,210,266,476
820841718,230,304,534
820841719,254,324,578
820841801,460,552,1012
820841802,159,186,345
820841803,130,181,311
820841804,466,561,1027
820841805,241,335,576
820841806,227,301,528
820841807,399,500,899
820841808,250,275,525
820841809,241,330,571
820841810,258,330,588
820841811,346,475,821
820841812,213,262,475
820841813,360,406,766
820841814,209,258,467
820841815,229,268,497
820841816,154,181,335
820841817,155,231,386
820841818,339,456,795
820841901,282,338,620
820841902,248,303,551
820841903,322,413,735
820841904,179,248,427
820841905,191,264,455
820841906,197,250,447
820841907,185,243,428
820841908,269,346,615
820841909,368,480,848
820841910,322,447,769
820841911,242,296,538
820841912,231,349,580
820841913,143,177,320
820841914,142,220,362
820841915,209,280,489
820841916,185,272,457
820841917,326,396,722
820841918,315,383,698
820841919,143,189,332
820841920,159,215,374
820841921,138,175,313
820841922,90,117,207
820841923,140,176,316
820841924,282,311,593
820842001,238,292,530
820842002,235,311,546
820842003,307,449,756
820842004,182,229,411
820842005,165,209,374
820842006,186,244,430
820842007,264,307,571
820842008,148,236,384
820842009,263,358,621
820842010,141,208,349
820842011,209,279,488
820842012,246,326,572
820842013,302,333,635
820842014,225,303,528
820842015,118,168,286
820842016,181,209,390
820842017,122,144,266
820842101,293,349,642
820842102,363,420,783
820842103,262,334,596
820842104,360,454,814
820842105,152,201,353
820842106,42,49,91
820842107,255,333,588
820842108,257,282,539
820842109,200,282,482
820842110,214,310,524
820842111,252,302,554
820842112,127,166,293
820842113,56,80,136
820842114,311,416,727
820842115,164,231,395
820842116,276,336,612
820842117,121,208,329
820842201,225,295,520
820842202,197,285,482
820842203,245,278,523
820842204,19,1,20
820842205,318,410,728
820842206,322,351,673
820842207,311,416,727
820842208,360,458,818
820842209,214,283,497
820842210,381,459,840
820842211,351,430,781
820842212,322,432,754
820842213,174,221,395
820842301,294,336,630
820842302,217,266,483
820842303,322,409,731
820842304,195,248,443
820842305,287,369,656
820842306,270,330,600
820842307,286,381,667
820842308,287,385,672
820842309,304,391,695
820842310,175,244,419
820842311,344,431,775
820842312,270,379,649
820842313,312,390,702
820842314,242,304,546
820842315,229,306,535
820842316,228,282,510
820842317,160,257,417
820842318,206,278,484
820842319,206,257,463
820842320,204,275,479
820842321,150,163,313
820842322,215,238,453
820842323,242,289,531
820842324,186,228,414
820842401,185,218,403
820842402,261,337,598
820842403,174,231,405
820842404,276,428,704
820842405,287,428,715
820842406,223,282,505
820842407,293,298,591
820842408,227,261,488
820842409,326,364,690
820842410,199,234,433
820842411,188,224,412
820842412,286,373,659
820842413,328,427,755
820842414,178,204,382
820842415,180,247,427
820842416,273,279,552
820842417,146,135,281
820842418,225,262,487
820842419,196,260,456
820842501,238,325,563
820842502,178,295,473
820842503,185,215,400
820842504,242,265,507
820842505,222,300,522
820842506,289,409,698
820842507,244,324,568
820842508,303,374,677
820842509,307,403,710
820842510,141,197,338
820842511,245,322,567
820842512,484,641,1125
820842513,319,425,744
820842514,69,85,154
820842515,156,196,352
820842516,94,135,229
820842601,270,331,601
820842602,257,372,629
820842603,250,383,633
820842604,312,418,730
820842605,166,218,384
820842606,192,229,421
820842607,243,302,545
820842608,228,327,555
820842609,119,170,289
820842610,293,376,669
820842611,177,227,404
820842612,133,181,314
820842613,360,423,783
820842614,269,364,633
820842615,264,303,567
820842616,335,467,802
820842617,183,240,423
820842618,177,215,392
820842619,147,177,324
820842620,178,232,410
820842621,318,417,735
820842622,113,196,309
820842623,209,270,479
820842701,423,486,909
820842702,231,340,571
820842703,170,255,425
820842704,151,214,365
820842705,151,218,369
820842706,144,235,379
820842707,243,312,555
820842708,224,352,576
820842709,121,181,302
820842710,260,332,592
820842711,211,249,460
820842712,333,455,788
820842713,217,278,495
820842714,271,308,579
820842715,312,379,691
820842716,256,332,588
820842717,131,183,314
820842718,168,222,390
820842719,188,243,431
820842720,148,269,417
820842721,225,302,527
820842722,167,236,403
820842801,168,228,396
820842802,354,480,834
820842803,141,211,352
820842804,224,311,535
820842805,117,153,270
820842806,23,37,60
820842807,345,443,788
820842808,167,243,410
820842809,304,396,700
820842810,390,491,881
820842811,371,472,843
820842812,170,254,424
820842813,214,285,499
820842814,142,193,335
820842815,280,370,650
820842816,287,367,654
820842817,275,350,625
820842818,190,261,451
820842819,215,292,507
820842820,269,383,652
820842821,184,254,438
820842822,187,218,405
820842823,152,180,332
820842824,264,322,586
820842825,169,243,412
820842901,466,604,1070
820842902,298,393,691
820842903,336,401,737
820842904,313,380,693
820842905,348,455,803
820842906,173,216,389
820842907,310,372,682
820842908,329,403,732
820842909,230,275,505
820842910,378,423,801
820842911,384,466,850
820842912,292,429,721
820842913,235,327,562
820842914,374,373,747
820842915,348,339,687
820842916,216,239,455
820842917,515,331,846
820842918,323,402,725
820842919,306,325,631
820842920,246,295,541
820842921,153,181,334
820842922,170,208,378
820842923,174,202,376
820842924,320,366,686
820843001,381,430,811
820843002,430,474,904
820843003,946,944,1890
820843004,619,641,1260
820843005,454,504,958
820843006,413,452,865
820843007,767,790,1557
820843008,464,484,948
820843009,606,600,1206
820843010,580,658,1238
820843011,353,430,783
820843012,488,486,974
820843013,361,420,781
820843014,586,583,1169
820843101,513,635,1148
820843102,395,456,851
820843103,389,436,825
820843104,387,445,832
820843105,229,263,492
820843106,420,457,877
820843107,260,292,552
820843108,389,446,835
820843109,243,307,550
820843110,430,485,915
820843111,436,515,951
820843112,388,503,891
820843113,411,474,885
820843114,427,495,922
820843115,326,388,714
820843116,414,495,909
820843117,340,396,736
820843118,348,415,763
820843119,341,419,760
820843120,352,369,721
820843121,410,480,890
820843201,615,693,1308
820843202,478,573,1051
820843203,477,487,964
820843204,443,517,960
820843205,470,530,1000
820843206,612,663,1275
820843207,547,543,1090
820843208,903,936,1839
820843209,393,419,812
820843210,602,613,1215
820843211,500,527,1027
820843212,792,815,1607
820843213,674,721,1395
820843214,370,423,793
820843215,570,535,1105
820843301,502,493,995
820843302,607,613,1220
820843303,832,869,1701
820843304,590,604,1194
820843305,751,802,1553
820843306,579,586,1165
820843307,484,522,1006
820843308,383,435,818
820843309,768,804,1572
820843310,721,808,1529
820843311,750,747,1497
820843312,596,659,1255
820843313,490,474,964
820843314,500,501,1001
820843315,982,992,1974
820843316,631,653,1284
820843317,747,736,1483
820843318,604,597,1201
820843319,489,514,1003
820843401,483,533,1016
820843402,689,722,1411
820843403,193,229,422
820843404,704,747,1451
820843405,450,481,931
820843406,399,527,926
820843407,403,452,855
820843408,484,587,1071
820843409,616,674,1290
820843410,406,432,838
820843411,242,287,529
820843412,306,353,659
820843413,247,260,507
820843414,389,429,818
820843415,490,515,1005
820843416,720,761,1481
820843417,335,386,721
820843418,202,224,426
820843419,310,310,620
820843501,589,577,1166
820843502,205,229,434
820843503,338,366,704
820843504,445,532,977
820843505,444,532,976
820843506,326,397,723
820843507,240,303,543
820843508,402,390,792
820843509,569,650,1219
820843510,631,691,1322
820843511,685,715,1400
820843512,816,825,1641
820843513,502,476,978
820843514,613,668,1281
820843515,667,723,1390
820843516,578,549,1127
820843517,1426,1346,2772
820843601,301,334,635
820843602,353,367,720
820843603,325,388,713
820843604,393,429,822
820843605,211,243,454
820843606,174,217,391
820843607,376,414,790
820843608,423,483,906
820843609,438,482,920
820843610,430,486,916
820843611,369,466,835
820843612,825,1007,1832
820843613,408,417,825
820843614,322,331,653
820843615,311,320,631
820843616,631,675,1306
820843617,268,318,586
820843618,272,310,582
820843619,230,280,510
820843701,373,476,849
820843702,467,592,1059
820843703,295,368,663
820843704,263,314,577
820843705,258,327,585
820843706,318,440,758
820843707,263,344,607
820843708,373,469,842
820843709,229,252,481
820843710,347,422,769
820843711,229,289,518
820843712,420,485,905
820843713,394,423,817
820843714,381,432,813
820843715,288,329,617
820843716,239,295,534
820843801,405,496,901
820843802,344,430,774
820843803,332,412,744
820843804,390,462,852
820843805,358,383,741
820843806,336,393,729
820843807,314,345,659
820843808,229,255,484
820843809,270,289,559
820843810,387,453,840
820843811,450,599,1049
820843812,389,371,760
820843813,483,561,1044
820843814,380,506,886
820843815,289,332,621
820843901,199,267,466
820843902,232,292,524
820843903,317,379,696
820843904,253,308,561
820843905,430,494,924
820843906,357,413,770
820843907,377,490,867
820843908,396,525,921
820843909,212,281,493
820843910,194,230,424
820843911,291,341,632
820843912,410,480,890
820843913,363,428,791
820843914,166,187,353
820843915,205,271,476
820843916,167,183,350
820843917,182,226,408
820843918,594,664,1258
820843919,226,238,464
820843920,283,287,570
820844001,398,433,831
820844002,313,383,696
820844003,390,434,824
820844004,515,540,1055
820844005,703,733,1436
820844006,280,337,617
820844007,293,338,631
820844008,224,238,462
820844009,367,409,776
820844010,367,403,770
820844011,176,184,360
820844012,105,117,222
820844013,300,321,621
820844014,437,463,900
820844015,257,338,595
820844101,386,432,818
820844102,383,448,831
820844103,373,410,783
820844104,429,521,950
820844105,0,0,0
820844106,376,467,843
820844107,517,537,1054
820844108,478,550,1028
820844109,538,588,1126
820844110,742,781,1523
820844111,456,493,949
820844112,493,534,1027
820844201,196,246,442
820844202,351,324,675
820844203,191,143,334
820844204,372,385,757
820844205,336,387,723
820844206,176,191,367
820844207,654,687,1341
820844208,546,557,1103
820844209,551,599,1150
820844210,497,569,1066
820844211,448,477,925
820844212,480,525,1005
820844213,751,754,1505
820844214,242,301,543
820844301,333,356,689
820844302,285,332,617
820844303,293,365,658
820844304,345,379,724
820844305,309,370,679
820844306,308,352,660
820844307,422,471,893
820844308,192,237,429
820844309,313,371,684
820844310,304,348,652
820844311,401,458,859
820844312,519,576,1095
820844313,464,538,1002
820844314,539,593,1132
820844401,494,534,1028
820844402,184,226,410
820844403,533,597,1130
820844404,504,513,1017
820844405,244,288,532
820844406,309,437,746
820844407,379,423,802
820844408,353,407,760
820844409,385,437,822
820844410,340,401,741
820844411,263,340,603
820844412,322,399,721
820844413,366,443,809
820844414,322,363,685
820844415,350,398,748
820844416,445,501,946
820844417,368,408,776
820844418,381,454,835
820844501,345,442,787
820844502,240,263,503
820844503,530,588,1118
820844504,392,434,826
820844505,277,330,607
820844506,221,254,475
820844507,366,394,760
820844508,324,368,692
820844509,509,533,1042
820844510,473,513,986
820844511,541,553,1094
820844512,442,503,945
820844513,181,201,382
820844514,502,578,1080
820844515,362,391,753
820844516,594,600,1194
820844517,519,536,1055
820844518,568,597,1165
820844519,442,487,929
820844520,478,488,966
820844521,284,302,586
820844522,346,367,713
820844523,494,577,1071
820844524,367,468,835
820844601,468,495,963
820844602,412,502,914
820844603,497,489,986
820844604,419,484,903
820844605,219,234,453
820844606,550,546,1096
820844607,640,705,1345
820844608,425,469,894
820844609,1038,1038,2076
820844610,531,516,1047
820844611,756,727,1483
820844612,335,383,718
820844613,672,731,1403
820844614,706,718,1424
820844615,362,398,760
820844701,533,529,1062
820844702,418,427,845
820844703,566,499,1065
820844704,956,950,1906
820844705,608,641,1249
820844706,470,509,979
820844707,363,389,752
820844708,433,429,862
820844709,353,387,740
820844710,710,777,1487
820844711,346,376,722
820844712,414,442,856
820844713,396,414,810
820844714,412,453,865
820844715,452,441,893
820844716,917,948,1865
820844801,906,954,1860
820844802,619,737,1356
820844803,511,580,1091
820844804,468,501,969
820844805,473,509,982
820844806,806,560,1366
820844807,1157,1120,2277
820844808,383,439,822
820844809,343,366,709
820844810,542,578,1120
820844811,753,849,1602
820844812,447,466,913
820844813,745,782,1527
820844814,601,594,1195
820844815,386,423,809
820844816,617,665,1282
820844817,748,765,1513
820844818,540,522,1062
820844819,549,495,1044
820844820,586,643,1229
820844821,901,866,1767
820844822,789,758,1547
820844901,247,245,492
820844902,489,574,1063
820844903,561,570,1131
820844904,553,598,1151
820844905,483,470,953
820844906,321,354,675
820844907,971,958,1929
820844908,1110,1140,2250
820844909,605,660,1265
820844910,601,610,1211
820844911,1453,1276,2729
820844912,683,718,1401
820844913,732,707,1439
820844914,863,806,1669
820844915,568,548,1116
820845001,448,484,932
820845002,536,572,1108
820845003,452,485,937
820845004,602,660,1262
820845005,500,542,1042
820845006,599,632,1231
820845007,683,681,1364
820845008,621,645,1266
820845009,291,316,607
820845010,302,334,636
820845011,572,571,1143
820845012,713,741,1454
820845013,492,537,1029
820845101,545,571,1116
820845102,444,479,923
820845103,399,461,860
820845104,388,481,869
820845105,392,447,839
820845106,538,627,1165
820845107,585,634,1219
820845108,517,580,1097
820845109,461,489,950
820845110,352,405,757
820845111,437,522,959
820845112,365,414,779
820845113,362,341,703
820845114,419,437,856
820845201,873,840,1713
820845202,526,582,1108
820845203,555,641,1196
820845204,614,708,1322
820845205,679,700,1379
820845206,728,725,1453
820845207,830,834,1664
820845208,742,764,1506
820845209,533,548,1081
820845210,560,569,1129
820845211,793,815,1608
820845212,549,557,1106
820845213,568,602,1170
820845214,738,778,1516
820845301,311,365,676
820845302,398,486,884
820845303,539,547,1086
820845304,636,601,1237
820845305,338,345,683
820845306,504,620,1124
820845307,550,625,1175
820845308,694,745,1439
820845309,628,634,1262
820845310,547,625,1172
820845311,284,327,611
820845312,399,479,878
820845313,238,284,522
820845314,281,341,622
820845315,462,506,968
820845316,454,452,906
820845317,256,288,544
820845318,735,859,1594
820845319,407,443,850
820845320,314,344,658
820845321,289,314,603
820845322,71,90,161
820845323,987,992,1979
820845401,154,223,377
820845402,332,369,701
820845403,274,327,601
820845404,418,471,889
820845405,340,371,711
820845406,225,213,438
820845407,322,330,652
820845408,486,479,965
820845409,413,466,879
820845410,267,258,525
820845411,487,592,1079
820845412,486,498,984
820845413,266,332,598
820845414,493,558,1051
820845415,483,565,1048
820845416,372,439,811
820845417,360,438,798
820845418,369,429,798
820845419,211,266,477
820845501,559,576,1135
820845502,569,637,1206
820845503,384,416,800
820845504,482,530,1012
820845505,537,620,1157
820845506,341,367,708
820845507,501,533,1034
820845508,843,842,1685
820845509,411,457,868
820845510,711,670,1381
820845511,509,532,1041
820845512,610,604,1214
820845513,815,835,1650
820845514,694,697,1391
820845515,458,478,936
820845516,479,480,959
820845517,443,445,888
820845518,613,574,1187
820845519,289,328,617
820845520,732,747,1479
820845521,440,486,926
820845522,800,820,1620
820845523,380,414,794
820845601,30,26,56
820845602,10,2,12
820845603,46,21,67
820845701,98,88,186
820845702,405,418,823
820845703,465,479,944
820845704,354,382,736
820845705,442,547,989
820845706,177,171,348
820845707,320,341,661
820845708,620,599,1219
820845709,206,222,428
820845710,615,649,1264
820845711,594,578,1172
820845712,381,394,775
820845713,422,438,860
820845714,41,49,90
820845715,35,23,58
820845801,45,35,80
820845802,649,655,1304
820845803,541,568,1109
820845804,49,45,94
820845805,756,731,1487
820845806,13,15,28
820845807,527,508,1035
820845901,28,18,46
820845902,41,45,86
820845903,34,27,61
820845904,1045,986,2031
820845905,922,908,1830
820845906,379,398,777
820845907,1207,1092,2299
820845908,458,465,923
820845909,741,677,1418
820845910,1016,1041,2057
820845911,757,677,1434
820845912,510,609,1119
820845913,316,415,731
820845914,443,475,918
820845915,241,276,517
820845916,209,301,510
820845917,892,951,1843
820845918,639,759,1398
820845919,8,13,21
820845920,444,455,899
820845921,904,872,1776
820845922,856,810,1666
820845923,986,979,1965
820845924,530,584,1114
820846001,102,90,192
820846002,278,230,508
820846003,20,15,35
820846004,602,636,1238
820846005,617,622,1239
820846101,359,369,728
820846102,365,386,751
820846103,431,472,903
820846104,626,615,1241
820846105,363,377,740
820846106,393,434,827
820846107,752,748,1500
820846108,753,735,1488
820846109,854,922,1776
820846110,633,695,1328
820846111,609,708,1317
820846112,595,677,1272
820846113,407,477,884
820846114,716,705,1421
820846115,1229,1127,2356
820846201,400,425,825
820846202,306,320,626
820846203,328,350,678
820846204,458,491,949
820846205,730,747,1477
820846206,798,757,1555
820846207,795,822,1617
820846208,583,663,1246
820846209,779,753,1532
820846210,692,739,1431
820846211,537,566,1103
820846212,564,608,1172
820846213,729,776,1505
820846214,358,394,752
820846215,354,399,753
820846216,653,626,1279
820846217,894,944,1838
820846218,859,905,1764
820846219,378,431,809
820846220,429,429,858
820846221,525,543,1068
820846301,825,794,1619
820846302,774,822,1596
820846303,768,803,1571
820846304,517,534,1051
820846305,395,425,820
820846306,652,694,1346
820846307,544,659,1203
820846308,732,692,1424
820846309,652,626,1278
820846310,746,798,1544
820846311,1089,1134,2223
820846312,531,496,1027
820846313,878,862,1740
820846401,221,226,447
820846402,522,461,983
820846403,431,408,839
820846404,582,613,1195
820846405,169,129,298
820846406,342,347,689
820846501,789,752,1541
820846502,497,531,1028
820846503,934,1002,1936
820846504,366,367,733
820846505,945,1012,1957
820846601,641,591,1232
820846602,1417,1463,2880
820846701,209,180,389
820846702,29,28,57
820846703,30,31,61
820846704,407,428,835
820846801,362,308,670
820846802,817,329,1146
820846901,102,99,201
820846902,501,549,1050
820846903,471,571,1042
820846904,1059,1076,2135
820846905,320,332,652
820846906,534,561,1095
820847001,19,15,34
820847002,244,253,497
820847101,11,11,22
820847102,138,150,288
820847201,89,85,174
820847202,602,695,1297
820847203,593,597,1190
820847204,270,306,576
820847205,147,128,275
820847206,401,411,812
820847207,515,538,1053
820847301,274,257,531
820847302,202,156,358
820847401,150,145,295
820847402,400,396,796
820847501,17,17,34
820847502,22,15,37
820847503,189,203,392
820847504,226,238,464
820847601,40,31,71
820847602,121,132,253
820847701,103,84,187
820847702,128,118,246
820847703,177,167,344
820847704,445,405,850
820847705,557,542,1099
820847706,33,20,53
820847707,8,4,12
820847708,531,565,1096
820847709,479,505,984
820847710,505,546,1051
820847711,678,685,1363
820847712,538,590,1128
820847713,603,618,1221
820847714,303,328,631
820847715,258,293,551
820847716,434,460,894
820847717,362,389,751
820847718,1035,975,2010
820847719,469,548,1017
820847720,512,599,1111
820847721,551,616,1167
820847722,364,485,849
820847723,665,784,1449
820847724,368,437,805
820847725,387,454,841
820847801,12,9,21
820847802,197,169,366
820847803,425,449,874
820847804,514,536,1050
820847805,323,284,607
820847806,521,543,1064
820847807,497,549,1046
820847901,10,12,22
820847902,97,107,204
820847903,60,64,124
820847904,6,3,9
820847905,422,450,872
820847906,484,552,1036
820848001,420,510,930
820848002,453,473,926
820848003,360,478,838
820848004,324,406,730
820848005,338,381,719
820848006,270,310,580
820848007,285,308,593
820848008,460,576,1036
820848009,397,462,859
820848010,268,332,600
820848011,219,260,479
820848012,190,251,441
820848013,361,425,786
820848014,305,362,667
820848015,282,344,626
820848016,367,401,768
820848017,351,403,754
820848018,296,331,627
820848019,312,362,674
820848020,381,480,861
820848021,295,334,629
820848022,302,347,649
820848101,452,545,997
820848102,307,357,664
820848103,290,306,596
820848104,289,335,624
820848105,286,358,644
820848106,296,345,641
820848107,356,367,723
820848108,284,365,649
820848109,412,505,917
820848110,437,480,917
820848111,260,305,565
820848112,362,436,798
820848113,261,313,574
820848114,256,327,583
820848115,152,173,325
820848116,458,501,959
820848117,341,389,730
820848118,372,447,819
820848119,434,443,877
820848120,395,396,791
820848121,273,317,590
820848201,887,845,1732
820848202,685,739,1424
820848203,720,674,1394
820848204,717,817,1534
820848205,495,565,1060
820848206,508,517,1025
820848207,593,622,1215
820848208,822,835,1657
820848209,1073,1103,2176
820848210,988,951,1939
820848211,727,761,1488
820848212,698,763,1461
820848213,958,953,1911
820848214,639,662,1301
820848215,560,546,1106
820848216,625,667,1292
820848301,505,531,1036
820848302,541,623,1164
820848303,365,416,781
820848304,470,580,1050
820848305,398,470,868
820848306,382,456,838
820848307,380,420,800
820848308,471,540,1011
820848309,257,294,551
820848310,260,296,556
820848311,438,494,932
820848312,321,376,697
820848313,385,405,790
820848314,510,616,1126
820848315,399,466,865
820848401,651,633,1284
820848402,558,601,1159
820848403,808,865,1673
820848404,885,899,1784
820848405,373,429,802
820848406,422,481,903
820848407,303,312,615
820848408,476,548,1024
820848409,880,972,1852
820848410,914,976,1890
820848411,807,890,1697
820848412,1063,1101,2164
820848413,897,899,1796
820848414,706,676,1382
820848415,463,435,898
820848416,180,135,315
820848501,1173,1092,2265
820848502,833,846,1679
820848503,595,568,1163
820848504,486,474,960
820848505,340,407,747
820848506,315,324,639
820848507,428,436,864
820848508,381,420,801
820848509,512,530,1042
820848510,753,749,1502
820848511,447,454,901
820848512,739,709,1448
820848513,653,669,1322
820848514,825,795,1620
820848515,521,500,1021
820848516,435,406,841
820848601,441,488,929
820848602,652,722,1374
820848603,535,561,1096
820848604,498,525,1023
820848605,665,675,1340
820848606,803,862,1665
820848607,951,1007,1958
820848608,493,579,1072
820848609,640,674,1314
820848610,1203,1268,2471
820848611,631,632,1263
820848701,141,162,303
820848702,361,415,776
820848703,371,416,787
820848704,447,587,1034
820848705,442,451,893
820848706,851,878,1729
820848707,640,737,1377
820848708,650,735,1385
820848709,532,582,1114
820848710,587,638,1225
820848711,367,382,749
820848712,394,412,806
820848713,443,495,938
820848714,351,396,747
820848715,316,347,663
820848801,739,739,1478
820848802,604,637,1241
820848803,386,401,787
820848804,405,468,873
820848805,463,538,1001
820848806,771,742,1513
820848807,973,942,1915
820848808,475,527,1002
820848809,413,433,846
820848810,488,517,1005
820848811,681,717,1398
820848812,714,706,1420
820848813,613,617,1230
820848814,416,381,797
820848815,469,506,975
820848816,642,666,1308
820848817,557,473,1030
820848901,393,418,811
820848902,799,769,1568
820848903,1031,1019,2050
820848904,643,637,1280
820848905,703,708,1411
820848906,309,381,690
820848907,416,433,849
820848908,327,266,593
820848909,760,825,1585
820848910,1035,1061,2096
820848911,1639,1620,3259
820848912,1404,1362,2766
820849001,292,322,614
820849002,985,964,1949
820849003,787,821,1608
820849004,416,472,888
820849005,288,318,606
820849006,149,172,321
820849007,905,932,1837
820849008,433,420,853
820849009,189,217,406
820849010,487,506,993
820849011,583,582,1165
820849012,485,503,988
820849013,397,336,733
820849501,5,4,9
820910101,341,337,678
820910102,509,588,1097
820910103,412,482,894
820910104,270,226,496
820910105,235,171,406
820910106,152,147,299
820910107,375,386,761
820910108,216,199,415
820910109,105,115,220
820910110,85,82,167
820910111,187,148,335
820910112,462,435,897
820910113,487,516,1003
820910201,119,87,206
820910202,137,101,238
820910203,268,194,462
820910204,119,85,204
820910205,16,16,32
820910206,214,167,381
820910207,261,252,513
820910208,38,41,79
820910209,169,136,305
820910210,99,87,186
820910211,310,355,665
820910212,50,38,88
820910213,81,80,161
820910214,541,542,1083
820910216,48,42,90
820910217,235,193,428
820910218,77,66,143
820910301,169,122,291
820910302,429,442,871
820910303,278,284,562
820910304,911,838,1749
820910305,443,328,771
820910306,715,630,1345
820910307,224,178,402
820910308,371,435,806
820910309,279,295,574
820910310,530,527,1057
820910311,240,279,519
820910312,796,841,1637
820910313,474,485,959
820910314,650,557,1207
820910315,316,247,563
820910316,6,10,16
820910317,736,779,1515
820910318,559,551,1110
820910319,372,412,784
820910320,382,376,758
820910321,516,547,1063
820910322,651,693,1344
820910323,277,302,579
820910401,263,212,475
820910402,113,132,245
820910403,264,281,545
820910404,172,175,347
820910405,54,48,102
820910406,65,64,129
820910407,56,58,114
820910408,457,478,935
820910409,197,222,419
820910410,461,496,957
820910411,157,130,287
820910412,69,71,140
820910413,67,61,128
820910414,77,69,146
820910415,149,133,282
820910501,438,463,901
820910502,450,547,997
820910503,439,476,915
820910504,453,537,990
820910505,974,1002,1976
820910506,407,515,922
820910507,1256,1314,2570
820910508,816,916,1732
820910509,889,916,1805
820910510,154,145,299
820910511,254,239,493
820910512,344,347,691
820910513,499,501,1000
820910601,835,850,1685
820910602,431,472,903
820910603,422,484,906
820910604,306,356,662
820910605,305,373,678
820910606,271,338,609
820910607,226,283,509
820910608,791,870,1661
820910609,511,567,1078
820910610,662,721,1383
820910611,449,534,983
820910612,746,821,1567
820910613,324,331,655
820910614,286,324,610
820910615,314,282,596
820910616,204,233,437
820980101,45,30,75
820980102,27,21,48
820980103,18,10,28
820980104,35,37,72
820980105,69,40,109
820980106,33,28,61
820980107,29,24,53
820980108,192,178,370
820980109,18,16,34
820980110,53,38,91
820980111,59,60,119
820980112,81,69,150
820980113,369,412,781
820980114,578,679,1257
820980115,43,47,90
820980116,94,94,188
820980117,98,85,183
820980118,596,619,1215
820980119,526,516,1042
820980120,375,340,715
820980121,741,702,1443
820980122,686,588,1274
820980201,149,106,255
820980202,54,57,111
820980203,412,404,816
820980204,37,28,65
820980205,282,238,520
820980206,495,489,984
820980207,674,736,1410
820980301,33,15,48
820980302,317,272,589
820980303,17,8,25
820980304,250,199,449
820980305,117,96,213
820980306,83,78,161
820980307,28,18,46
820980308,92,81,173
820980309,74,72,146
820980310,329,304,633
820980311,914,901,1815
820980312,242,200,442
820980313,89,72,161
820980314,74,68,142
820980315,160,169,329
820980316,1644,1696,3340
820980401,569,585,1154
820980402,513,603,1116
820980403,305,363,668
820980404,387,373,760
820980405,427,416,843
820980406,327,377,704
820980407,474,552,1026
820980408,351,380,731
820980409,294,317,611
820980410,519,556,1075
821050101,228,210,438
821050102,324,301,625
821050103,471,475,946
821050104,71,72,143
821050105,414,443,857
821050106,40,36,76
821050107,244,243,487
821050108,470,464,934
821050109,386,333,719
821050110,436,366,802
821050111,332,340,672
821050112,455,481,936
821050113,63,44,107
821050114,401,419,820
821050115,563,442,1005
821050116,437,470,907
821050117,351,403,754
821050118,354,382,736
821050119,421,452,873
821050120,547,565,1112
821050121,382,352,734
821050201,110,91,201
821050202,45,41,86
821050203,48,38,86
821050204,135,113,248
821050205,80,82,162
821050206,126,97,223
821050207,39,33,72
821050208,55,57,112
821050209,141,109,250
821050210,122,105,227
821050211,148,113,261
821050212,407,448,855
821050213,664,732,1396
821050214,640,694,1334
821050215,110,115,225
821050216,44,35,79
821050217,395,429,824
821050218,461,489,950
821050219,78,80,158
821050220,304,345,649
821050221,571,621,1192
821050222,581,611,1192
821050223,318,343,661
821050224,476,548,1024
821050225,163,189,352
821050226,263,315,578
821050227,356,365,721
821050228,652,672,1324
821050229,275,321,596
821050230,329,356,685
821050231,478,476,954
821050301,1206,1177,2383
821050302,567,596,1163
821050303,406,501,907
821050304,276,362,638
821050305,355,399,754
821050306,662,717,1379
821050307,319,380,699
821050308,617,631,1248
821050309,1032,35,1067
821050310,934,886,1820
821050311,344,357,701
821050312,324,409,733
821050313,303,330,633
821050314,365,395,760
821050315,253,220,473
821050316,519,585,1104
821050401,626,632,1258
821050402,395,401,796
821050403,342,411,753
821050404,291,384,675
821050405,333,346,679
821050406,288,381,669
821050407,565,599,1164
821050408,259,350,609
821050409,421,476,897
821050410,674,625,1299
821050411,286,382,668
821050412,564,579,1143
821050413,599,602,1201
821050414,747,707,1454
821050415,484,455,939
821050416,563,576,1139
821050417,378,388,766
821050418,313,361,674
821050419,720,776,1496
821050420,368,414,782
821050501,90,75,165
821050502,532,539,1071
821050503,335,315,650
821050504,262,236,498
821050505,418,430,848
821050506,472,518,990
821050507,248,225,473
821050508,530,522,1052
821050509,364,331,695
821050510,55,59,114
821050511,530,515,1045
821050512,371,398,769
821050513,606,630,1236
821050514,587,657,1244
821050515,301,325,626
821050516,349,365,714
821050517,382,385,767
821120101,266,288,554
821120102,95,76,171
821120103,487,510,997
821120104,346,285,631
821120105,468,487,955
821120106,93,78,171
821120107,131,70,201
821120108,343,389,732
821120201,32,25,57
821120202,70,71,141
821120203,502,519,1021
821120204,277,225,502
821120205,280,283,563
821120206,183,177,360
821120207,267,283,550
821120208,340,363,703
821120209,743,760,1503
821120210,496,536,1032
821120211,84,77,161
821120212,70,52,122
821120213,86,69,155
821120214,35,26,61
821120215,30,25,55
821120216,203,162,365
821120217,488,455,943
821120218,578,625,1203
821120219,375,430,805
821120301,100,61,161
821120302,83,58,141
821120303,295,300,595
821120304,34,28,62
821120305,58,45,103
821120306,87,65,152
821120307,130,108,238
821120308,20,21,41
821120309,43,38,81
821120310,170,171,341
821120311,339,388,727
821120312,170,159,329
821120313,145,101,246
821120314,643,657,1300
821120315,28,21,49
821120316,432,483,915
821120401,829,853,1682
821120402,335,387,722
821120403,232,301,533
821120404,431,516,947
821120405,877,885,1762
821120406,728,714,1442
821120407,498,553,1051
821120408,412,466,878
821120409,326,392,718
821120410,429,524,953
821120411,284,329,613
821120412,703,685,1388
821120413,1140,1157,2297
821120414,385,430,815
821120415,616,700,1316
821120416,401,466,867
821120417,257,281,538
821120418,434,416,850
821120419,662,675,1337
821190101,307,293,600
821190102,1063,1098,2161
821190103,88,76,164
821190104,412,428,840
821190105,758,771,1529
821190106,551,632,1183
821190107,275,281,556
821190108,399,451,850
821190109,304,283,587
821190110,714,735,1449
821190111,435,401,836
821190112,91,69,160
821190113,19,20,39
821190114,2,0,2
821190115,70,70,140
821190116,76,65,141
821190117,769,764,1533
821190118,436,462,898
821190119,630,624,1254
821190120,1954,1939,3893
821190121,1137,1103,2240
821190122,540,573,1113
821190201,603,608,1211
821190202,702,763,1465
821190203,672,722,1394
821190204,444,530,974
821190205,516,608,1124
821190206,508,529,1037
821190207,239,280,519
821190208,307,353,660
821190209,308,352,660
821190301,130,129,259
821190302,878,946,1824
821190303,364,420,784
821190304,674,743,1417
821190305,322,377,699
821190306,541,536,1077
821190307,301,351,652
821190308,1211,1216,2427
821190309,392,431,823
821190310,307,320,627
821190311,450,436,886
821190312,557,531,1088
821190313,432,474,906
821190314,504,527,1031
821190315,66,70,136
821190401,96,73,169
821190402,545,566,1111
821190403,583,599,1182
821190404,473,507,980
821190405,122,116,238
821190406,540,534,1074
821190407,638,691,1329
821190408,572,627,1199
821190409,796,814,1610
821190410,510,601,1111
821190411,148,154,302
821190412,458,530,988
821190413,704,734,1438
821190414,1034,1056,2090
821190415,716,780,1496
821190416,466,535,1001
821190417,806,859,1665
821190418,319,330,649
821190419,448,541,989
821190420,480,497,977
821190422,513,522,1035
821190423,420,425,845
821190424,533,508,1041
821190425,374,435,809
821190426,683,671,1354
821190501,77,62,139
821190502,610,658,1268
821190503,656,717,1373
821190504,136,119,255
821190505,1,1,2
821190506,129,118,247
821190507,878,857,1735
821190508,509,509,1018
821190509,351,397,748
821190510,763,755,1518
821190511,527,613,1140
821190512,349,338,687
821190513,402,434,836
821190514,602,624,1226
821190515,953,974,1927
821190516,181,169,350
821190517,291,338,629
821190518,337,335,672
821190519,657,652,1309
821190601,168,161,329
821190602,361,398,759
821190603,800,808,1608
821190604,395,462,857
821190605,43,26,69
821190606,332,351,683
821190607,25,22,47
821190608,752,806,1558
821190609,591,642,1233
821190610,95,62,157
821190611,446,495,941
821190612,543,569,1112
821190613,33,27,60
821190614,505,498,1003
821190701,625,706,1331
821190702,763,724,1487
821190703,655,680,1335
821190704,523,525,1048
821190705,719,722,1441
821190706,444,475,919
821190707,240,300,540
821190708,432,440,872
821190709,464,479,943
821190710,424,445,869
821190711,258,322,580
821190712,379,443,822
821190713,178,139,317
821190714,374,420,794
821190715,953,923,1876
821190716,630,628,1258
821190801,635,564,1199
821190802,720,777,1497
821190803,493,557,1050
821190804,424,501,925
821190805,1008,1034,2042
821190806,277,319,596
821190807,547,574,1121
821190808,516,610,1126
821190809,359,456,815
821190810,426,501,927
821190811,364,390,754
821190812,248,272,520
821190813,498,520,1018
821190814,671,710,1381
821190815,621,675,1296
821190816,456,499,955
821190817,108,95,203
821190818,328,379,707
821190901,56,49,105
821190902,485,469,954
821190903,507,488,995
821190904,390,411,801
821190905,384,380,764
821190906,863,861,1724
821190907,389,439,828
821190908,324,367,691
821190909,364,406,770
821190910,236,258,494
821190911,264,269,533
821190912,336,338,674
821190913,940,935,1875
821190914,74,71,145
821191001,325,339,664
821191002,264,366,630
821191003,283,331,614
821191004,433,456,889
821191005,363,412,775
821191006,469,472,941
821191007,758,734,1492
821191008,370,413,783
821191009,323,372,695
821191010,229,283,512
821191011,389,425,814
821191012,441,533,974
821191013,401,465,866
821191014,254,303,557
821199301,39,28,67
821199401,5,5,10
821199402,6,5,11
821199403,6,2,8
821199601,2,4,6
821199701,3,2,5
821260101,310,304,614
821260102,134,133,267
821260103,223,198,421
821260104,426,446,872
821260105,242,199,441
821260106,579,615,1194
821260107,565,530,1095
821260108,514,572,1086
821260109,284,314,598
821260110,344,358,702
821260111,96,63,159
821260112,193,131,324
821260113,144,129,273
821260114,292,329,621
821260201,575,578,1153
821260202,464,444,908
821260203,33,32,65
821260204,177,181,358
821260205,92,80,172
821260206,362,367,729
821260207,627,636,1263
821260208,671,709,1380
821260209,441,468,909
821260210,719,737,1456
821260211,78,54,132
821260212,113,83,196
821260213,122,99,221
821260214,62,63,125
821260215,213,171,384
821260216,90,65,155
821260217,587,559,1146
821260301,163,128,291
821260302,466,522,988
821260303,484,523,1007
821260304,612,580,1192
821260305,217,220,437
821260306,146,133,279
821260307,593,566,1159
821260308,339,328,667
821260309,567,564,1131
821260310,313,360,673
821260311,456,534,990
821260312,281,354,635
821260313,744,765,1509
821260314,519,556,1075
821260315,350,400,750
821260316,228,266,494
821260317,664,684,1348
821260318,297,351,648
821260319,573,593,1166
821260401,638,640,1278
821260402,142,105,247
821260403,114,83,197
821260404,536,606,1142
821260405,530,532,1062
821260406,553,579,1132
821260407,382,357,739
821260408,404,403,807
821260409,809,801,1610
821260410,317,380,697
821260411,731,727,1458
821260501,305,336,641
821260502,468,488,956
821260503,588,635,1223
821260504,344,447,791
821260505,385,456,841
821260506,964,981,1945
821260507,349,441,790
821260508,312,402,714
821260509,589,575,1164
821260510,481,502,983
821260511,511,563,1074
821260512,572,589,1161
821260513,378,432,810
821260514,527,486,1013
821260515,504,563,1067
821260516,554,569,1123
821260517,634,685,1319
821330101,53,32,85
821330102,76,41,117
821330103,17,7,24
821330104,36,16,52
821330105,63,8,71
821330106,6,1,7
821330107,124,94,218
821330108,50,41,91
821330109,3,1,4
821330110,0,0,0
821330201,535,517,1052
821330202,48,27,75
821330203,10,12,22
821330204,256,262,518
821330205,10,8,18
821330206,171,160,331
821330207,74,53,127
821330208,8,7,15
821330209,166,158,324
821330210,13,10,23
821330211,103,87,190
821330212,807,792,1599
821330213,538,507,1045
821330214,74,65,139
821330215,96,97,193
821330216,55,57,112
821330217,28,17,45
821330218,64,49,113
821330219,491,504,995
821330220,7,5,12
821330301,12,10,22
821330302,0,0,0
821330303,111,94,205
821330304,28,17,45
821330305,23,21,44
821330306,1,0,1
821330307,59,26,85
821330308,102,72,174
821330309,28,23,51
821330310,83,70,153
821330311,229,216,445
821330312,143,109,252
821330313,992,999,1991
821330314,117,124,241
821330315,37,40,77
821330316,47,35,82
821330317,34,31,65
821330318,78,67,145
821330401,763,837,1600
821330402,528,612,1140
821330403,411,452,863
821330404,599,659,1258
821330405,459,527,986
821330406,476,556,1032
821330407,311,343,654
821330408,210,245,455
821330409,435,469,904
821330410,685,741,1426
821330411,348,400,748
821330412,539,566,1105
821330413,614,552,1166
821330414,443,478,921
821330415,1086,1199,2285
821330416,531,585,1116
821330417,623,699,1322
821330501,93,87,180
821330502,51,42,93
821330503,16,15,31
821330504,221,188,409
821330505,151,115,266
821330506,5,4,9
821330507,7,4,11
821330508,11,10,21
821330509,100,98,198
821330510,86,18,104
821330511,147,130,277
821330512,33,29,62
821330513,17,2,19
821330514,72,50,122
821330515,34,31,65
821330516,23,11,34
821330517,215,218,433
821330518,85,88,173
821330519,0,0,0
821330520,25,16,41
821330521,0,0,0
821330522,73,46,119
821330523,57,47,104
821330524,54,31,85
821330525,60,43,103
821330526,21,6,27
821330527,41,20,61
821330528,106,107,213
821330529,15,6,21
821330530,33,15,48
821330531,21,18,39
821330532,25,13,38
821330533,592,604,1196
821330534,419,429,848
821330601,19,17,36
821330602,161,161,322
821330603,208,202,410
821330604,702,817,1519
821330605,694,745,1439
821330606,20,13,33
821330607,10,12,22
821330608,182,166,348
821330609,20,13,33
821330610,44,40,84
821330611,11,5,16
821330612,21,16,37
821330613,30,18,48
821330614,76,53,129
821330615,16,12,28
821330616,10,7,17
821330617,575,524,1099
821330618,560,561,1121
821330619,954,1037,1991
821330620,954,987,1941
821330621,383,394,777
821330622,50,33,83
821330623,41,30,71
821330624,25,22,47
821330625,16,11,27
821330626,28,21,49
821330627,34,19,53
821330628,20,8,28
821330629,926,944,1870
821330630,408,425,833
821330631,412,445,857
860070101,73,84,157
860070102,174,155,329
860070103,284,231,515
860070104,291,219,510
860070105,327,373,700
860070106,679,660,1339
860070107,695,703,1398
860070108,529,529,1058
860070201,18,10,28
860070202,65,38,103
860070203,80,64,144
860070204,8,6,14
860070205,14,9,23
860070206,514,516,1030
860070301,18,8,26
860070302,42,20,62
860070303,39,31,70
860070304,63,41,104
860140101,628,603,1231
860140102,166,150,316
860140103,285,207,492
860140201,129,118,247
860140202,427,284,711
860140203,111,91,202
860140301,131,81,212
860140302,21,10,31
860140401,55,20,75
860140402,165,102,267
860140501,87,48,135
860140502,609,531,1140
860140503,462,499,961
860140504,568,551,1119
860140601,50,44,94
860140602,150,149,299
860140603,283,276,559
860140701,4,2,6
860140702,699,575,1274
860140703,737,753,1490
860140704,858,839,1697
860140705,672,673,1345
860140706,782,793,1575
860140801,153,129,282
860140802,100,65,165
860140901,398,361,759
860140902,156,148,304
860140903,149,115,264
860210101,59,69,128
860210102,136,127,263
860210103,301,289,590
860210104,216,252,468
860210105,57,69,126
860210201,810,831,1641
860210202,848,788,1636
860210203,71,89,160
860210204,460,454,914
860210205,218,170,388
860210206,300,265,565
860210207,507,521,1028
860210208,494,611,1105
860210209,562,594,1156
860210301,111,117,228
860210302,91,81,172
860210303,38,25,63
860210304,75,76,151
860210305,21,17,38
860210306,58,45,103
860280101,230,261,491
860280102,190,207,397
860280103,132,127,259
860280104,142,139,281
860280201,131,107,238
860280202,78,76,154
860280203,280,222,502
860280204,111,112,223
860280205,165,154,319
860280206,460,434,894
860280207,593,629,1222
860280301,428,397,825
860280302,338,322,660
860280303,191,145,336
860280304,514,531,1045
860280305,418,431,849
860280401,237,203,440
860280402,157,119,276
860280403,440,426,866
860280404,268,256,524
860280405,283,245,528
860280406,584,541,1125
860280407,466,459,925
860280408,814,862,1676
860280409,739,736,1475
860280410,540,510,1050
860280501,348,321,669
860280502,315,299,614
860280503,258,230,488
860280504,698,714,1412
860350101,164,138,302
860350102,165,152,317
860350201,118,108,226
860350202,79,71,150
860350203,390,346,736
860350301,88,77,165
860350302,35,25,60
860350303,108,88,196
860350401,298,273,571
860350402,304,272,576
860350501,249,296,545
860350502,249,205,454
860350503,151,144,295
860350601,598,637,1235
860350602,376,463,839
860350701,204,212,416
860350702,315,270,585
860350703,236,224,460
860350704,639,650,1289
860350705,173,142,315
860350706,209,221,430
860350707,531,534,1065
860350801,202,149,351
860350802,134,135,269
860350803,517,461,978
860350804,517,582,1099
860350805,760,800,1560
860350806,467,497,964
860350807,917,1002,1919
860350808,492,481,973
860350809,568,605,1173
860350810,932,1041,1973
860350901,385,342,727
860350902,237,215,452
860351001,923,838,1761
860351002,483,420,903
860351003,121,90,211
860351004,408,380,788
860351005,266,241,507
860351101,634,661,1295
860351102,447,398,845
860351103,146,120,266
860351104,178,167,345
860351105,96,89,185
860351106,287,347,634
860351107,1199,1145,2344
860351108,830,941,1771
860351109,927,1022,1949
860351110,1,0,1
860351111,170,178,348
860351112,542,628,1170
860351113,736,813,1549
860351114,586,616,1202
860351201,197,198,395
860351202,341,361,702
860351203,476,484,960
860351204,329,337,666
860351205,831,809,1640
860351206,442,475,917
860351207,916,939,1855
860351208,618,634,1252
860351209,427,491,918
860351210,399,471,870
860351211,494,564,1058
860351213,636,679,1315
860351214,779,820,1599
860351215,571,592,1163
860351216,376,434,810
860351217,481,495,976
860351218,420,427,847
860351219,997,1019,2016
860351220,485,590,1075
860351221,52,57,109
860351301,704,804,1508
860351302,706,722,1428
860351303,845,908,1753
860351304,379,450,829
860351305,303,333,636
860351306,424,461,885
860351307,861,889,1750
860351308,959,1020,1979
860351309,503,536,1039
860351310,589,635,1224
860351311,481,581,1062
860351312,532,610,1142
860351313,608,674,1282
860351314,620,631,1251
860351315,793,795,1588
860351316,833,769,1602
860351317,439,488,927
860351318,635,660,1295
860351319,748,808,1556
860351401,1084,1083,2167
860351402,646,667,1313
860351403,948,999,1947
860351404,661,667,1328
860351405,849,839,1688
860351406,525,556,1081
860351407,525,564,1089
860351408,609,632,1241
860351409,459,570,1029
860351410,417,522,939
860351411,316,414,730
860351412,534,588,1122
860351413,436,464,900
860351414,946,945,1891
860351415,557,591,1148
860351416,502,509,1011
860351501,364,460,824
860351502,460,599,1059
860351503,468,501,969
860351504,724,761,1485
860351505,496,552,1048
860351506,778,854,1632
860351507,468,581,1049
860351508,195,258,453
860351509,379,460,839
860351510,702,736,1438
860351511,830,831,1661
860351512,446,470,916
860351513,719,666,1385
860351514,624,664,1288
860351515,591,596,1187
860351516,696,653,1349
860351517,557,569,1126
860351601,272,316,588
860351602,290,365,655
860351603,465,517,982
860351604,604,707,1311
860351605,420,490,910
860351606,365,368,733
860351607,565,629,1194
860351608,448,491,939
860351609,713,760,1473
860351610,646,789,1435
860351611,545,560,1105
860351612,901,984,1885
860351613,559,560,1119
860420101,180,103,283
860420102,31,14,45
860420103,43,10,53
860420201,22,19,41
860420202,540,570,1110
860420203,31,34,65
860420204,16,9,25
860420205,461,433,894
860420206,819,801,1620
860420207,756,735,1491
860420208,580,608,1188
860420209,694,662,1356
860420301,191,190,381
860420302,30,15,45
860420303,55,43,98
860420304,45,16,61
860420305,240,247,487
860490101,413,365,778
860490102,360,309,669
860490103,151,139,290
860490201,751,636,1387
860490202,1106,1060,2166
860490301,30,24,54
860490302,22,27,49
860490303,726,770,1496
860490304,478,531,1009
860490305,658,725,1383
860490306,726,764,1490
860490307,619,660,1279
860490308,586,532,1118
860490309,631,660,1291
860490310,458,461,919
860490311,548,606,1154
860490312,418,445,863
860490313,251,260,511
860490314,692,744,1436
860490401,181,126,307
860490402,324,247,571
860490403,94,91,185
860490404,81,72,153
860490501,1490,1559,3049
860490502,1192,1163,2355
860490503,599,611,1210
860490504,630,691,1321
860490505,404,393,797
860490506,723,696,1419
860490507,572,560,1132
860490508,574,657,1231
860490509,814,861,1675
860490510,282,277,559
860490511,540,575,1115
860490512,665,671,1336
860490513,596,594,1190
860490514,828,927,1755
860490515,498,571,1069
860490516,722,802,1524
860490517,402,469,871
860490518,539,615,1154
860490519,630,689,1319
860490520,532,532,1064
860490521,331,383,714
860490522,680,741,1421
860490523,199,180,379
860490601,221,168,389
860490602,127,114,241
860490801,621,637,1258
860490802,476,497,973
860490803,315,360,675
860490804,394,483,877
860490805,283,355,638
860490806,201,281,482
860490807,304,372,676
860490808,261,314,575
860490809,386,480,866
860490810,429,545,974
860490811,311,359,670
860490812,653,802,1455
860490813,465,517,982
860490814,398,449,847
860490815,506,537,1043
860490816,478,458,936
860490817,729,792,1521
860490818,413,492,905
860490819,444,476,920
860490901,605,609,1214
860490902,399,469,868
860490903,354,396,750
860490904,430,527,957
860490905,368,428,796
860490906,276,338,614
860490907,203,277,480
860490908,199,259,458
860490909,300,408,708
860490910,132,201,333
860490911,157,245,402
860490912,192,262,454
860490913,241,356,597
860490914,263,336,599
860490915,362,450,812
860490916,343,422,765
860490917,446,508,954
860490918,474,539,1013
860490919,356,429,785
860490920,144,203,347
860490921,254,350,604
860490922,195,267,462
860491001,704,735,1439
860491002,575,505,1080
860491003,1227,1172,2399
860491004,689,692,1381
860491005,512,602,1114
860491006,876,951,1827
860491007,797,814,1611
860491008,683,662,1345
860491009,412,495,907
860491010,285,339,624
860491011,292,342,634
860491012,429,484,913
860491013,246,281,527
860491014,245,327,572
860491015,392,481,873
860491016,434,517,951
860491017,845,885,1730
860491018,676,682,1358
860491019,721,774,1495
860491020,546,610,1156
860491101,737,754,1491
860491102,576,617,1193
860491103,696,783,1479
860491104,415,455,870
860491105,472,492,964
860491106,722,782,1504
860491107,478,445,923
860491108,480,528,1008
860491109,645,678,1323
860491110,407,501,908
860491111,520,597,1117
860491112,638,745,1383
860491113,761,792,1553
860491114,633,689,1322
860491115,543,628,1171
860491201,388,566,954
860491202,357,409,766
860491203,452,499,951
860491204,446,468,914
860491205,390,412,802
860491206,467,542,1009
860491207,396,433,829
860491208,562,629,1191
860491209,411,460,871
860491210,656,684,1340
860491211,332,346,678
860491212,328,372,700
860491213,452,550,1002
860491214,379,453,832
860491215,478,519,997
860491216,524,592,1116
860491217,556,620,1176
860491218,418,476,894
860491219,357,502,859
860491220,416,460,876
860491301,397,557,954
860491302,309,403,712
860491303,328,402,730
860491304,435,537,972
860491305,429,552,981
860491306,396,528,924
860491307,451,502,953
860491308,685,431,1116
860491309,522,664,1186
860491310,454,509,963
860491311,371,469,840
860491312,268,342,610
860491313,173,228,401
860491314,236,315,551
860491401,300,329,629
860491402,461,526,987
860491403,566,649,1215
860491404,441,496,937
860491405,451,516,967
860491406,484,586,1070
860491407,442,492,934
860491408,359,445,804
860491409,294,322,616
860491410,446,557,1003
860491411,441,489,930
860491412,605,670,1275
860491413,415,491,906
860491414,411,453,864
860491415,592,653,1245
860491501,538,573,1111
860491502,487,513,1000
860491503,542,652,1194
860491504,445,558,1003
860491505,358,403,761
860491506,728,778,1506
860491507,514,525,1039
860491508,909,932,1841
860491509,559,606,1165
860491510,546,567,1113
860491511,494,519,1013
860491512,684,671,1355
860491513,312,330,642
860491514,791,865,1656
860491515,474,444,918
860491601,776,794,1570
860491602,739,809,1548
860491603,600,645,1245
860491604,620,702,1322
860491605,764,751,1515
860491606,524,540,1064
860491607,747,799,1546
860491608,402,515,917
860491609,412,490,902
860491610,672,774,1446
860491611,301,391,692
860491612,465,560,1025
860491613,584,694,1278
860491614,468,483,951
860491615,710,741,1451
860491616,542,594,1136
860491701,372,358,730
860491702,422,446,868
860491703,473,566,1039
860491704,607,626,1233
860491705,563,594,1157
860491706,600,654,1254
860491707,710,731,1441
860491708,497,495,992
860491709,760,792,1552
860491710,729,737,1466
860491711,580,662,1242
860491712,941,1024,1965
860491713,623,705,1328
860491714,653,662,1315
860491715,591,690,1281
860491716,566,618,1184
860491717,581,600,1181
860491718,610,667,1277
860491801,635,632,1267
860491802,751,812,1563
860491803,690,683,1373
860491804,729,724,1453
860491805,670,704,1374
860491806,393,456,849
860491807,607,592,1199
860491808,496,569,1065
860491809,620,638,1258
860491810,581,626,1207
860491811,440,473,913
860491812,179,183,362
860491813,386,426,812
860491814,419,433,852
860491815,631,697,1328
860491816,536,611,1147
860491817,639,683,1322
860491901,426,465,891
860491902,787,794,1581
860491903,787,824,1611
860491904,632,724,1356
860491905,583,700,1283
860491906,716,780,1496
860491907,486,530,1016
860491908,648,727,1375
860491909,482,580,1062
860491910,105,122,227
860491911,561,601,1162
860491912,587,623,1210
860491913,289,357,646
860491914,585,625,1210
860491915,350,380,730
860491916,602,624,1226
860560101,442,363,805
860560102,801,729,1530
860560103,549,525,1074
860560104,726,673,1399
860560201,121,95,216
860560202,378,309,687
860560203,407,374,781
860560204,218,166,384
860560205,258,229,487
860560206,135,114,249
860560301,110,92,202
860560302,136,121,257
860560303,342,272,614
860560304,228,174,402
860560305,189,136,325
860560306,847,902,1749
860560307,766,757,1523
860560308,647,654,1301
860560309,524,533,1057
860560310,431,458,889
860560311,528,515,1043
860560312,958,1036,1994
860560313,325,337,662
860560314,449,458,907
860560315,571,604,1175
860560401,151,126,277
860560402,284,184,468
860560403,152,124,276
860560404,386,351,737
860560405,773,744,1517
860560501,1253,789,2042
860560502,533,527,1060
860560503,551,492,1043
860560504,579,576,1155
860560505,565,552,1117
860630101,22,26,48
860630102,301,263,564
860630103,386,353,739
860630104,233,172,405
860630105,80,69,149
860630106,395,392,787
860630201,257,248,505
860630202,150,112,262
860630203,187,134,321
860630204,61,54,115
860630205,587,610,1197
860630301,185,169,354
860630302,75,68,143
860630303,516,526,1042
860630401,58,56,114
860630402,88,57,145
860630403,354,337,691
860630501,163,122,285
860630502,91,61,152
860630601,399,406,805
860630602,521,584,1105
860630603,280,291,571
860630604,416,419,835
860630605,567,614,1181
860630606,484,511,995
860630607,398,434,832
860630608,389,396,785
860630609,451,487,938
860630610,471,492,963
860630611,484,510,994
860630612,448,494,942
860630613,516,471,987
860630614,430,476,906
860630615,323,336,659
860630701,0,0,0
860630702,0,0,0
860630703,0,0,0
860630801,725,675,1400
860630802,406,429,835
860630803,220,251,471
860630804,310,375,685
860630805,327,374,701
860630806,437,454,891
860630807,481,545,1026
860630808,423,402,825
860630809,203,239,442
860630810,434,536,970
860630811,467,539,1006
860630812,383,392,775
860630813,558,538,1096
860630814,369,376,745
860630815,647,636,1283
860700101,361,252,613
860700102,329,287,616
860700103,378,312,690
860700104,384,346,730
860700201,635,593,1228
860700202,1006,960,1966
860700203,394,422,816
860700301,104,57,161
860700302,320,286,606
860700401,1589,1326,2915
860700402,668,576,1244
860700403,438,396,834
860700501,326,304,630
860700502,335,267,602
860700503,546,456,1002
860700504,115,67,182
860700505,296,267,563
860700601,197,169,366
860700602,197,163,360
860700603,868,828,1696
860770101,762,687,1449
860770102,523,444,967
860770103,619,594,1213
860770201,313,203,516
860770202,1132,1105,2237
860770203,510,442,952
860770204,225,202,427
860770205,680,718,1398
860770206,533,536,1069
860770207,428,474,902
860770301,522,441,963
860770302,424,406,830
860770303,129,100,229
860770401,132,93,225
860770402,382,280,662
860770403,370,269,639
860770404,108,74,182
860770405,511,549,1060
860770501,534,515,1049
860770502,668,677,1345
860770503,428,427,855
860770504,451,505,956
860770505,733,792,1525
860770506,495,478,973
860770507,415,445,860
860770508,546,630,1176
860770509,342,368,710
860770510,288,359,647
860770511,379,386,765
860770512,417,459,876
860770601,383,407,790
860770602,327,372,699
860770603,317,364,681
860770604,326,340,666
860770605,357,405,762
860770606,307,377,684
860770607,354,365,719
860770608,749,784,1533
860770609,393,429,822
860770610,515,573,1088
860770611,474,516,990
860770612,498,516,1014
860840101,99,54,153
860840102,257,226,483
860840103,59,37,96
860840201,280,196,476
860840202,127,103,230
860840301,456,466,922
860840302,119,116,235
860840303,210,198,408
860840304,196,183,379
860840305,158,160,318
860840401,134,101,235
860840402,35,24,59
860840403,68,26,94
860840404,45,41,86
860840405,168,128,296
860840406,329,340,669
860840407,435,486,921
860840408,419,432,851
860840409,341,350,691
860910101,288,237,525
860910102,79,59,138
860910103,309,318,627
860910104,224,137,361
860910105,769,780,1549
860910106,412,347,759
860910107,222,188,410
860910108,25,29,54
860910109,654,721,1375
860910201,116,105,221
860910202,40,23,63
860910203,199,201,400
860910204,12,13,25
860910301,127,108,235
860910302,55,39,94
860910401,83,82,165
860910402,133,93,226
860910403,284,284,568
860910404,333,296,629
860910405,352,320,672
860910406,733,735,1468
860910407,382,381,763
860910408,95,86,181
860910409,60,77,137
860910410,717,675,1392
860910411,658,657,1315
860980101,140,161,301
860980102,34,18,52
860980103,288,254,542
860980104,74,54,128
860980105,85,63,148
860980106,60,56,116
860980107,21,14,35
860980108,791,893,1684
860980109,969,1037,2006
860980110,673,669,1342
860980111,630,649,1279
860980112,436,454,890
860980201,291,294,585
860980202,28,6,34
860980203,98,65,163
860980204,90,79,169
860980205,564,608,1172
860980301,143,127,270
860980302,102,66,168
860980303,21,10,31
860980304,38,14,52
860980305,880,843,1723
860980401,532,452,984
860980402,343,290,633
860980403,354,227,581
860980501,139,130,269
860980502,474,446,920
860980503,596,514,1110
860980601,47,41,88
860980602,141,117,258
860980603,36,36,72
860980701,71,77,148
860980702,35,33,68
860980703,16,14,30
861050101,1231,1148,2379
861050102,162,120,282
861050201,609,690,1299
861050202,104,103,207
861050203,778,821,1599
861050204,867,934,1801
861050205,514,577,1091
861050206,542,617,1159
861050207,670,682,1352
861050208,538,625,1163
861050209,665,732,1397
861050210,660,825,1485
861050211,565,617,1182
861050212,614,621,1235
861050301,644,699,1343
861050302,301,339,640
861050303,232,190,422
861120101,82,79,161
861120102,158,136,294
861120103,74,70,144
861120104,76,61,137
861120105,82,72,154
861120201,128,86,214
861120202,43,42,85
861120203,245,265,510
861120302,109,82,191
861190101,1015,863,1878
861190102,1134,1058,2192
861190103,765,729,1494
861190104,1012,1024,2036
861190201,271,228,499
861190202,90,24,114
861190203,146,106,252
861190301,330,267,597
861190302,165,123,288
861190303,247,208,455
861190304,75,80,155
861190401,264,208,472
861190402,54,39,93
861190403,101,72,173
861190404,778,684,1462
861190405,318,314,632
861190406,984,996,1980
861190407,593,618,1211
861190408,782,910,1692
861190409,729,747,1476
861190410,791,843,1634
861190411,585,551,1136
861190412,796,804,1600
861190413,1111,1143,2254
861190414,686,692,1378
861190415,645,565,1210
861190501,710,667,1377
861190502,1000,819,1819
861190503,310,261,571
861260101,65,63,128
861260102,10,9,19
861260201,381,332,713
861260202,65,67,132
861260203,255,205,460
861260204,203,184,387
861260301,405,371,776
861260302,172,159,331
861260303,145,140,285
861260304,50,42,92
861260305,132,88,220
861260306,61,38,99
861260307,570,585,1155
861260308,614,668,1282
861260309,830,843,1673
861260310,835,920,1755
861260311,455,537,992
861260312,566,653,1219
861260313,547,590,1137
861260401,158,123,281
861260402,157,142,299
861260403,265,225,490
861260404,48,35,83
861330101,126,86,212
861330102,207,157,364
861330103,288,255,543
861330201,301,282,583
861330202,156,130,286
861330203,503,436,939
861330204,346,331,677
861330205,684,679,1363
861330301,334,222,556
861330302,181,185,366
861330303,304,262,566
861330304,55,43,98
861330305,83,93,176
861330401,159,113,272
861330402,106,82,188
861330403,676,621,1297
861330404,687,697,1384
861330405,99,72,171
861330406,366,263,629
861330407,342,338,680
861330408,391,387,778
861330409,393,455,848
861330410,962,985,1947
861330501,28,23,51
861330502,44,23,67
861330503,77,70,147
861330504,260,200,460
861330505,641,662,1303
861330601,120,147,267
861330602,133,100,233
861330603,155,142,297
861330701,483,464,947
861330702,264,258,522
861330801,161,140,301
861330802,535,461,996
861400101,187,190,377
861400102,92,96,188
861400103,426,410,836
861400104,138,148,286
861400105,259,202,461
861400201,210,208,418
861400202,146,116,262
861400203,135,111,246
861400204,289,242,531
861400205,285,323,608
861400206,615,725,1340
861400207,401,447,848
861400208,352,397,749
861400209,577,589,1166
861400210,408,440,848
861400301,300,258,558
861400302,157,122,279
861400303,307,260,567
861470101,266,232,498
861470102,605,536,1141
861470103,728,667,1395
861470104,360,329,689
861470201,413,387,800
861470202,889,867,1756
861470301,1985,1948,3933
861470302,322,301,623
861470401,1409,1283,2692
861470402,271,239,510
861470403,420,418,838
861470501,414,357,771
861470502,595,575,1170
861470503,277,248,525
861470504,256,273,529
861470601,325,314,639
861470602,265,245,510
861470603,302,302,604
861470701,91,78,169
861470702,143,158,301
861470703,379,410,789
861470704,450,414,864
861470705,198,184,382
861470706,304,269,573
861470801,643,699,1342
861470802,596,615,1211
861470803,542,587,1129
861470804,313,336,649
861470805,321,377,698
861470806,480,588,1068
861470807,685,749,1434
861470808,595,627,1222
861470809,524,528,1052
861470810,398,405,803
861470811,509,618,1127
861470812,479,536,1015
861470813,473,476,949
861470814,544,585,1129
861470815,182,240,422
861470816,344,397,741
861470817,322,376,698
861470901,456,432,888
861470902,744,773,1517
861470903,455,486,941
861470904,432,437,869
861470905,544,545,1089
861470906,317,374,691
861470907,165,179,344
861470908,254,269,523
861470909,410,445,855
861470910,251,275,526
861470911,108,140,248
861470912,486,577,1063
861470913,354,375,729
861470914,531,534,1065
861470915,365,451,816
861470916,504,481,985
861470917,359,393,752
861470918,325,324,649
861470919,448,479,927
861540101,60,34,94
861540102,133,119,252
861540103,33,25,58
861540104,100,74,174
861540105,70,51,121
861540106,501,551,1052
861540107,621,597,1218
861540108,291,317,608
861540201,66,44,110
861540202,121,85,206
861540203,288,257,545
861540204,23,17,40
861540301,53,40,93
861540302,99,94,193
861540303,135,116,251
861610101,375,342,717
861610102,515,441,956
861610103,363,287,650
861610104,286,239,525
861610105,723,649,1372
861610106,484,440,924
861610107,465,467,932
861610108,551,554,1105
861610109,622,670,1292
861610110,688,783,1471
861610111,598,598,1196
861610112,638,650,1288
861610201,175,129,304
861610202,58,46,104
861610203,714,698,1412
861610204,504,456,960
861610205,393,388,781
861610206,533,466,999
861610301,868,824,1692
861610302,681,621,1302
861610303,95,74,169
861610304,197,169,366
861610305,647,620,1267
861610306,350,335,685
861610307,107,81,188
861610308,923,950,1873
861610309,590,594,1184
861610310,465,468,933
861610311,365,398,763
861610312,420,500,920
861610313,311,362,673
861610314,432,473,905
861610315,577,573,1150
861610316,717,743,1460
861610317,430,436,866
861610318,581,674,1255
861610319,448,456,904
861610401,164,130,294
861610402,212,175,387
861610403,260,236,496
861610404,422,396,818
861610405,214,213,427
861610406,242,235,477
861610407,130,135,265
861610408,126,119,245
861610409,638,601,1239
861610410,632,646,1278
861610411,429,431,860
861610412,646,653,1299
861610413,387,400,787
861680101,232,199,431
861680102,291,228,519
861680103,324,302,626
861680104,174,149,323
861680105,256,283,539
861680201,397,348,745
861680202,462,384,846
861680203,294,312,606
861680204,295,273,568
861680205,432,397,829
861680206,724,684,1408
861680207,568,566,1134
861680301,516,473,989
861680302,430,384,814
861680303,161,134,295
861680304,289,256,545
861750101,847,627,1474
861750102,129,118,247
861750103,257,228,485
861750201,181,194,375
861750202,163,153,316
861750203,286,290,576
861750204,568,624,1192
861750301,461,447,908
861750302,122,101,223
861750303,384,376,760
861750304,481,449,930
861750305,316,319,635
861750306,322,359,681
861750307,478,551,1029
861820101,33,18,51
861820102,62,61,123
861820103,212,183,395
861820201,139,113,252
861820202,62,69,131
861820203,196,159,355
861820204,76,66,142
861820205,560,560,1120
861820206,733,731,1464
861820301,178,123,301
861820302,141,132,273
861890101,677,608,1285
861890102,304,258,562
861890103,577,559,1136
861890201,554,499,1053
861890202,363,320,683
861890203,20,9,29
861890301,364,313,677
861890302,600,596,1196
861890303,552,539,1091
900070101,20,29,49
900070102,40,33,73
900070103,93,74,167
900070104,189,160,349
900070105,154,133,287
900070201,55,49,104
900070202,55,54,109
900070203,35,31,66
900070204,244,195,439
900070205,272,280,552
900070206,197,177,374
900070301,58,43,101
900070302,34,36,70
900070303,50,45,95
900070304,28,32,60
900070305,46,62,108
900070306,244,248,492
900070401,170,125,295
900070402,120,91,211
900070403,255,237,492
900070404,155,140,295
900070405,515,530,1045
900070406,16,12,28
900070407,226,179,405
900070408,738,702,1440
900070409,649,656,1305
900070410,711,697,1408
900070501,149,143,292
900070502,112,90,202
900070503,181,181,362
900070504,140,116,256
900070505,201,195,396
900070506,210,183,393
900070507,152,130,282
900070508,177,145,322
900070509,241,230,471
900070601,258,257,515
900070602,206,181,387
900070603,80,82,162
900070604,328,316,644
900070605,163,160,323
900070606,250,252,502
900070607,420,388,808
900070608,127,150,277
900070609,287,264,551
900070610,235,216,451
900070611,533,489,1022
900070701,235,246,481
900070702,227,204,431
900070703,322,301,623
900070704,335,335,670
900070705,134,120,254
900070706,33,21,54
900070707,156,140,296
900070708,170,149,319
900070709,138,123,261
900070710,793,827,1620
900070711,315,304,619
900070712,881,974,1855
900070801,254,245,499
900070802,72,63,135
900070803,170,150,320
900070804,69,74,143
900070805,365,364,729
900070806,139,140,279
900070807,648,629,1277
900070808,405,371,776
900070809,136,121,257
900070901,33,36,69
900070902,199,175,374
900070903,308,252,560
900070904,485,468,953
900070905,141,116,257
900071001,314,260,574
900071002,124,111,235
900071003,117,131,248
900071004,97,74,171
900071005,508,453,961
900071006,110,95,205
900071007,727,682,1409
900140101,251,217,468
900140102,611,562,1173
900140103,960,938,1898
900140104,383,386,769
900140105,448,480,928
900140106,339,362,701
900140107,623,592,1215
900140108,455,446,901
900140109,1001,1054,2055
900140110,787,796,1583
900140111,310,330,640
900140112,1318,1344,2662
900140113,825,904,1729
900140114,1002,1085,2087
900140115,908,898,1806
900140116,1026,1014,2040
900140117,418,444,862
900140118,607,618,1225
900140119,570,622,1192
900140120,496,513,1009
900140121,786,872,1658
900140122,933,1011,1944
900140123,671,692,1363
900140124,555,596,1151
900140125,613,587,1200
900140126,1118,1151,2269
900140127,893,967,1860
900140128,573,550,1123
900140129,716,738,1454
900140130,1179,1143,2322
900140131,963,973,1936
900140201,134,122,256
900140202,336,295,631
900140203,74,61,135
900140204,319,298,617
900140205,439,406,845
900140206,94,80,174
900140207,733,734,1467
900140208,713,731,1444
900140209,491,471,962
900140210,467,499,966
900140211,546,574,1120
900140301,521,454,975
900140302,115,113,228
900140303,74,41,115
900140304,149,142,291
900140401,90,74,164
900140402,115,80,195
900140403,443,424,867
900140404,475,484,959
900140501,65,50,115
900140502,221,182,403
900140503,291,251,542
900140504,137,106,243
900140505,186,127,313
900140506,201,189,390
900140601,284,266,550
900140602,31,25,56
900140603,17,8,25
900140604,52,39,91
900140605,12,10,22
900140606,262,277,539
900140607,110,112,222
900140608,352,376,728
900140609,556,616,1172
900140610,757,847,1604
900140611,588,567,1155
900140612,724,698,1422
900140613,691,740,1431
900140614,532,503,1035
900140701,262,267,529
900140702,24,30,54
900140703,452,452,904
900140704,467,463,930
900140705,135,118,253
900140706,330,335,665
900140707,86,70,156
900140708,473,445,918
900140709,120,149,269
900140710,690,725,1415
900140711,690,656,1346
900140712,567,554,1121
900140713,859,928,1787
900140714,611,612,1223
900140801,175,171,346
900140802,151,143,294
900140803,224,199,423
900140804,77,79,156
900140805,328,344,672
900140806,148,114,262
900140901,474,449,923
900140902,279,275,554
900140903,332,313,645
900140904,165,154,319
900140905,318,295,613
900140906,248,262,510
900141001,305,308,613
900141002,211,190,401
900141003,346,323,669
900141101,133,131,264
900141102,540,566,1106
900141103,111,105,216
900141104,335,323,658
900141105,768,785,1553
900141106,761,839,1600
900141201,538,584,1122
900141202,385,359,744
900141203,169,148,317
900141204,936,975,1911
900141205,745,710,1455
900141206,533,588,1121
900141207,685,750,1435
900141208,542,572,1114
900141209,702,780,1482
900141210,884,889,1773
900141211,631,622,1253
900141212,481,515,996
900141213,669,732,1401
900141214,782,798,1580
900141215,412,408,820
900141216,458,506,964
900141217,730,788,1518
900141218,534,570,1104
900141219,619,674,1293
900141220,52,53,105
900141221,344,327,671
900141222,901,944,1845
900141223,594,609,1203
900141224,415,445,860
900141225,445,441,886
900141301,763,791,1554
900141302,569,622,1191
900141303,775,888,1663
900141304,388,415,803
900141305,547,593,1140
900141306,971,987,1958
900141307,634,677,1311
900141308,458,519,977
900141309,479,470,949
900141310,1065,1085,2150
900141311,853,887,1740
900141312,787,806,1593
900141313,541,612,1153
900141314,466,418,884
900141401,22,15,37
900141402,12,9,21
900141403,47,58,105
900141404,110,95,205
900141405,566,601,1167
900141406,596,544,1140
900141407,691,729,1420
900141408,1084,1161,2245
900141409,834,832,1666
900141410,586,604,1190
900141501,582,627,1209
900141502,563,565,1128
900141503,64,63,127
900141504,1081,1010,2091
900141505,162,160,322
900141506,795,847,1642
900141507,946,949,1895
900141601,359,375,734
900141602,661,791,1452
900141603,470,521,991
900141604,373,403,776
900141605,554,593,1147
900141606,466,465,931
900141607,460,511,971
900141608,514,530,1044
900141609,487,554,1041
900141610,386,411,797
900141611,460,461,921
900141612,406,415,821
900141613,780,835,1615
900141614,676,730,1406
900141615,728,742,1470
900141616,1136,1182,2318
900141617,495,513,1008
900141618,659,689,1348
900210101,2,0,2
900210102,235,205,440
900210103,0,0,0
900210104,702,673,1375
900210105,266,286,552
900210106,318,302,620
900210107,147,127,274
900210108,409,375,784
900210109,479,474,953
900210110,383,363,746
900210111,247,219,466
900210201,127,127,254
900210202,177,141,318
900210203,245,237,482
900210204,403,370,773
900210205,1012,1060,2072
900210206,431,376,807
900210207,355,326,681
900210208,294,273,567
900210209,324,346,670
900210301,261,230,491
900210302,299,277,576
900210303,309,299,608
900210304,269,251,520
900210401,218,236,454
900210402,121,120,241
900210403,283,293,576
900210404,140,160,300
900210405,54,50,104
900210406,385,376,761
900210407,617,584,1201
900210408,371,441,812
900210409,691,711,1402
900210410,444,458,902
900210411,583,575,1158
900210501,299,311,610
900210502,674,659,1333
900210503,376,320,696
900210504,355,330,685
900210505,46,40,86
900210506,422,408,830
900210507,760,751,1511
900210601,56,70,126
900210602,1062,1129,2191
900210603,752,784,1536
900210604,696,774,1470
900210605,591,722,1313
900210606,677,729,1406
900210607,589,653,1242
900210608,698,705,1403
900210609,290,344,634
900210610,717,792,1509
900210611,600,746,1346
900210612,529,612,1141
900210613,363,404,767
900210614,631,731,1362
900210615,444,522,966
900210616,548,515,1063
900210617,357,411,768
900210618,559,597,1156
900210619,371,417,788
900210620,294,347,641
900210701,841,909,1750
900210702,730,782,1512
900210703,644,458,1102
900210704,334,364,698
900210705,409,436,845
900210706,611,727,1338
900210707,467,568,1035
900210708,271,329,600
900210709,599,611,1210
900210710,584,658,1242
900210711,222,255,477
900210712,363,472,835
900210713,288,350,638
900210714,490,559,1049
900210715,504,543,1047
900210716,485,523,1008
900210717,670,697,1367
900210718,508,479,987
900210719,1023,986,2009
900210720,625,653,1278
900210721,522,494,1016
900210722,617,651,1268
900210723,452,453,905
900210724,512,516,1028
900210725,824,882,1706
900210726,604,660,1264
900280101,836,835,1671
900280102,775,801,1576
900280103,755,808,1563
900280104,599,662,1261
900280105,616,643,1259
900280106,410,489,899
900280107,532,527,1059
900280108,657,689,1346
900280109,411,424,835
900280110,423,447,870
900280111,644,709,1353
900280112,986,1017,2003
900280113,539,578,1117
900280201,20,12,32
900280202,96,58,154
900280203,118,103,221
900280204,116,106,222
900280205,233,268,501
900280206,1114,1153,2267
900280207,651,555,1206
900280208,453,437,890
900280301,14,6,20
900280302,156,106,262
900280303,74,65,139
900280304,266,225,491
900280305,542,592,1134
900280306,521,473,994
900280307,643,597,1240
900280308,12,7,19
900280309,131,130,261
900280310,213,205,418
900280311,126,111,237
900280312,288,238,526
900280313,11,11,22
900280314,41,7,48
900280315,7,6,13
900280316,542,599,1141
900280317,670,655,1325
900280318,773,760,1533
900280319,764,754,1518
900280320,438,458,896
900350101,496,476,972
900350102,71,50,121
900350103,68,52,120
900350104,16,12,28
900350105,40,36,76
900350106,100,68,168
900350107,50,37,87
900350108,32,14,46
900350109,81,60,141
900350110,149,137,286
900350111,377,334,711
900350112,362,324,686
900350113,640,634,1274
900350114,543,558,1101
900350201,50,37,87
900350202,38,25,63
900350203,25,16,41
900350204,101,90,191
900350205,162,150,312
900350206,205,186,391
900350207,151,147,298
900350208,99,76,175
900350209,70,73,143
900350210,12,12,24
900350211,10,4,14
900350212,434,425,859
900350213,640,642,1282
900350214,329,371,700
900350301,189,143,332
900350302,64,58,122
900350303,56,48,104
900350304,67,46,113
900350305,109,86,195
900350306,27,18,45
900350307,136,98,234
900350308,28,20,48
900350309,42,43,85
900350310,233,194,427
900350311,110,98,208
900350312,623,618,1241
900420101,589,641,1230
900420102,649,693,1342
900420103,350,358,708
900420104,274,332,606
900420105,456,505,961
900420106,466,504,970
900420107,618,675,1293
900420108,606,640,1246
900420109,236,244,480
900420110,330,347,677
900420111,289,320,609
900420112,383,442,825
900420113,492,552,1044
900420114,510,587,1097
900420115,619,679,1298
900420116,491,511,1002
900420201,290,261,551
900420202,125,121,246
900420203,108,84,192
900420204,122,124,246
900420205,155,138,293
900420206,128,107,235
900420207,122,94,216
900420208,345,302,647
900420209,642,603,1245
900420210,301,334,635
900420211,619,645,1264
900420212,1042,1019,2061
900420213,229,212,441
900420214,427,479,906
900420215,262,270,532
900420216,283,274,557
900420217,363,356,719
900420301,150,123,273
900420302,447,437,884
900420303,166,161,327
900420304,167,158,325
900420305,229,216,445
900420306,596,609,1205
900420401,50,41,91
900420402,184,129,313
900490101,260,259,519
900490102,490,470,960
900490201,325,299,624
900490202,43,25,68
900490203,651,604,1255
900490204,898,856,1754
900490205,170,162,332
900490301,477,419,896
900490302,164,155,319
900490401,240,218,458
900490402,322,348,670
900490403,282,295,577
900490404,60,63,123
900490501,557,621,1178
900490502,251,259,510
900490503,26,15,41
900490504,77,50,127
900490505,23,20,43
900490506,207,163,370
900490507,108,87,195
900490508,456,515,971
900490509,724,767,1491
900490510,616,621,1237
900490511,711,706,1417
900490512,440,471,911
900490601,6,4,10
900490602,277,260,537
900490603,98,102,200
900490701,2,3,5
900490702,273,276,549
900490703,344,311,655
900560101,52,42,94
900560102,86,67,153
900560103,513,548,1061
900560201,109,94,203
900560202,3,0,3
900560203,358,343,701
900560301,490,524,1014
900560302,565,604,1169
900560303,463,473,936
900560304,306,326,632
900560305,847,824,1671
900560306,714,762,1476
900560307,386,394,780
900560308,520,565,1085
900560309,530,569,1099
900560310,540,629,1169
900560311,820,841,1661
900560312,750,780,1530
900560401,198,184,382
900560402,454,414,868
900560403,278,274,552
900560404,86,69,155
900560405,45,36,81
900560406,186,143,329
900560407,42,51,93
900560408,277,292,569
900560501,144,135,279
900560502,457,458,915
900560503,250,233,483
900560504,391,406,797
900560505,148,153,301
900560601,80,60,140
900560602,285,301,586
900560603,424,374,798
900560604,92,83,175
900560605,96,86,182
900560606,217,198,415
900560607,149,123,272
900560701,241,194,435
900560702,662,653,1315
900560703,58,58,116
900560704,318,292,610
900560705,192,177,369
900560706,229,229,458
900560801,125,120,245
900560802,70,59,129
900560803,254,228,482
900560804,235,222,457
900560805,466,442,908
900560901,146,124,270
900560902,12,7,19
900560903,245,257,502
900560904,282,322,604
900560905,43,43,86
900560906,149,136,285
900560907,198,201,399
900560908,260,215,475
900560909,114,80,194
900560910,68,62,130
900560911,75,66,141
900561001,325,303,628
900561002,29,25,54
900561003,410,372,782
900561004,223,225,448
900561005,212,202,414
900561101,13,13,26
900561102,21,8,29
900561103,66,66,132
900561104,184,164,348
900561105,178,177,355
900561106,144,114,258
900561107,437,393,830
900561108,621,616,1237
900561201,191,189,380
900561202,183,166,349
900561203,349,359,708
900561204,311,308,619
900561205,278,236,514
900561206,242,237,479
900561207,301,295,596
900561208,77,71,148
900561209,174,187,361
900561210,65,57,122
900561211,244,203,447
900561212,195,176,371
900561213,613,613,1226
900561301,316,296,612
900561302,195,205,400
900561303,69,70,139
900561304,440,392,832
900561305,532,545,1077
900561306,82,68,150
900561401,142,141,283
900561402,151,150,301
900561403,343,325,668
900561404,736,797,1533
900561405,247,227,474
900561406,462,452,914
900561407,575,596,1171
900561408,546,550,1096
900630101,516,506,1022
900630102,639,655,1294
900630103,516,503,1019
900630104,772,788,1560
900630105,742,790,1532
900630106,490,569,1059
900630107,328,332,660
900630108,833,811,1644
900630109,585,604,1189
900630110,753,781,1534
900630111,740,848,1588
900630112,514,543,1057
900630113,638,647,1285
900630114,667,683,1350
900630201,106,68,174
900630202,191,186,377
900630203,34,34,68
900630204,55,42,97
900630205,31,39,70
900630206,483,451,934
900630207,280,237,517
900630208,8,11,19
900630209,26,23,49
900630210,76,53,129
900630211,94,79,173
900630212,809,796,1605
900630213,491,590,1081
900630214,329,317,646
900630215,656,721,1377
900630216,564,601,1165
900630217,624,623,1247
900630218,628,634,1262
900630219,624,613,1237
900630301,1144,1150,2294
900630302,1019,990,2009
900630303,300,298,598
900630304,102,86,188
900630305,1104,1053,2157
900630401,16,7,23
900630402,38,41,79
900630403,328,293,621
900630404,784,707,1491
900630405,137,121,258
900630406,193,200,393
900630407,67,59,126
900630408,279,320,599
900630409,4,3,7
900630410,130,108,238
900630411,316,287,603
900630412,326,331,657
900630413,909,913,1822
900630414,450,460,910
900630415,494,509,1003
900630416,149,153,302
900630417,421,433,854
900630418,571,551,1122
900630419,787,767,1554
900630420,441,458,899
900630501,658,729,1387
900630502,364,442,806
900630503,788,821,1609
900630504,541,567,1108
900630505,587,650,1237
900630506,653,718,1371
900630507,811,805,1616
900630508,532,567,1099
900630509,903,921,1824
900630510,780,797,1577
900630511,629,636,1265
900630512,687,706,1393
900630513,661,694,1355
900700101,234,222,456
900700102,254,221,475
900700201,42,27,69
900700202,166,160,326
900700203,215,221,436
900700204,430,450,880
900700205,802,736,1538
900700206,623,624,1247
900700207,406,402,808
900700208,524,500,1024
900700301,800,801,1601
900700302,101,71,172
900700303,68,61,129
900700304,72,64,136
900700305,99,103,202
900700306,383,388,771
900700307,505,524,1029
900700401,123,123,246
900700402,194,203,397
900700403,560,557,1117
900700404,366,353,719
900700405,245,224,469
900700406,384,346,730
900700407,134,129,263
900700408,94,81,175
900700409,374,408,782
900700410,98,85,183
900700411,153,142,295
900700412,537,554,1091
900700413,750,703,1453
900700414,488,498,986
900700501,306,280,586
900700502,275,267,542
900700601,4,5,9
900700602,658,667,1325
900700603,413,380,793
900700604,541,533,1074
900700605,373,386,759
900700606,436,474,910
900700607,553,569,1122
900700701,179,205,384
900700702,114,94,208
900700703,3,0,3
900700801,104,99,203
900700802,25,23,48
900700803,193,174,367
900700804,336,299,635
900700805,364,370,734
900700806,418,452,870
900700807,937,985,1922
900700808,351,363,714
900700901,0,0,0
900700902,160,115,275
900700903,645,602,1247
900700904,132,152,284
900701001,4,0,4
900701002,188,179,367
900701003,161,172,333
900701101,180,178,358
900701102,248,247,495
900701201,3,2,5
900701202,116,99,215
900701203,232,214,446
900701204,386,344,730
900701301,745,777,1522
900701302,261,237,498
900701303,463,473,936
900701304,636,684,1320
900701401,313,355,668
900701402,478,497,975
900701403,286,307,593
900701404,367,406,773
900701405,642,686,1328
900701406,624,693,1317
900701407,301,338,639
900701408,259,325,584
900701409,805,874,1679
900701410,553,594,1147
900701411,324,417,741
900701412,443,469,912
900701413,201,276,477
900701414,390,437,827
900701415,610,718,1328
900701416,422,479,901
900701417,757,833,1590
900701418,775,762,1537
900701419,565,653,1218
900701420,566,599,1165
900701421,376,418,794
900770101,672,657,1329
900770102,645,669,1314
900770103,591,604,1195
900770104,884,903,1787
900770105,807,804,1611
900770106,648,700,1348
900770107,473,511,984
900770108,366,438,804
900770109,437,504,941
900770110,518,615,1133
900770111,362,459,821
900770112,393,458,851
900770113,454,473,927
900770114,304,312,616
900770115,729,757,1486
900770116,552,629,1181
900770117,481,529,1010
900770118,311,345,656
900770119,504,534,1038
900770120,634,607,1241
900770121,592,599,1191
900770122,400,441,841
900770123,412,451,863
900770124,464,482,946
900770201,140,144,284
900770202,600,582,1182
900770203,440,431,871
900770204,166,139,305
900770205,19,19,38
900770206,108,97,205
900770207,147,138,285
900770208,10,7,17
900770209,694,657,1351
900770210,854,857,1711
900770211,483,521,1004
900770212,221,189,410
900770213,520,542,1062
900770214,299,311,610
900770301,234,193,427
900770302,314,278,592
900770401,6,4,10
900770402,12,8,20
900770403,542,473,1015
900770404,599,576,1175
900770405,389,366,755
900770406,337,337,674
900770407,612,593,1205
900770408,158,156,314
900770409,321,288,609
900770410,236,204,440
900770411,376,309,685
900770412,179,168,347
900770413,352,347,699
900770414,813,758,1571
900770415,528,515,1043
900770416,325,272,597
900770417,625,584,1209
900770418,312,259,571
900770419,394,400,794
900770501,357,347,704
900770601,417,404,821
900770602,460,453,913
900770603,124,123,247
900770604,108,108,216
900770605,387,348,735
900770606,667,708,1375
900770607,780,855,1635
900840101,430,404,834
900840102,479,466,945
900840103,644,680,1324
900840104,598,693,1291
900840105,578,598,1176
900840106,760,785,1545
900840107,646,715,1361
900840108,611,671,1282
900840109,421,472,893
900840110,465,533,998
900840111,521,535,1056
900840112,610,672,1282
900840113,695,767,1462
900840114,531,635,1166
900840115,552,601,1153
900840116,500,548,1048
900840117,366,369,735
900840118,236,261,497
900840119,293,301,594
900840120,361,412,773
900840121,349,405,754
900840122,345,369,714
900840123,734,840,1574
900840124,642,656,1298
900840125,527,570,1097
900840126,710,756,1466
900840201,346,345,691
900840202,693,712,1405
900840203,601,570,1171
900840204,356,397,753
900840205,920,1000,1920
900840206,485,551,1036
900840207,347,383,730
900840208,698,767,1465
900840209,496,556,1052
900840210,495,558,1053
900840211,291,334,625
900840212,741,787,1528
900840213,360,403,763
900840214,417,481,898
900840215,299,366,665
900840216,301,368,669
900840217,384,423,807
900840218,351,417,768
900840219,421,473,894
900840220,314,369,683
900840221,797,878,1675
900840222,666,721,1387
900840223,363,390,753
900840301,1042,984,2026
900840302,918,906,1824
900840303,661,747,1408
900840304,682,724,1406
900840305,533,549,1082
900840306,621,704,1325
900840307,570,632,1202
900840308,504,553,1057
900840309,396,537,933
900840310,621,713,1334
900840311,356,388,744
900840312,439,398,837
900840313,394,456,850
900840314,261,312,573
900840315,238,300,538
900840401,810,877,1687
900840402,621,717,1338
900840403,528,662,1190
900840404,660,701,1361
900840405,538,570,1108
900840406,575,696,1271
900840407,558,632,1190
900840408,211,219,430
900840409,560,544,1104
900840410,584,597,1181
900840411,364,391,755
900840412,382,429,811
900840413,601,583,1184
900840414,459,429,888
900840415,1105,1033,2138
900840416,848,880,1728
900840501,568,624,1192
900840502,379,421,800
900840503,470,508,978
900840504,269,335,604
900840505,330,361,691
900840506,641,663,1304
900840507,512,531,1043
900840508,404,428,832
900840509,295,327,622
900840510,357,371,728
900840511,272,314,586
900840512,301,384,685
900840513,386,424,810
900840601,290,304,594
900840602,702,776,1478
900840603,1277,625,1902
900840604,524,581,1105
900840605,582,668,1250
900840606,484,512,996
900840607,460,507,967
900840608,581,623,1204
900840609,421,409,830
900840610,311,396,707
900840611,323,352,675
900840612,207,222,429
900840613,247,251,498
900840614,211,252,463
900840701,621,715,1336
900840702,282,320,602
900840703,498,677,1175
900840704,595,663,1258
900840705,425,468,893
900840706,654,683,1337
900840707,487,556,1043
900840708,582,744,1326
900840709,486,533,1019
900840710,328,350,678
900840711,368,441,809
900840712,330,411,741
900840713,291,317,608
900840714,369,343,712
900840801,409,429,838
900840802,397,382,779
900840803,691,734,1425
900840804,534,539,1073
900840805,987,1077,2064
900840806,525,551,1076
900840807,499,517,1016
900840808,634,670,1304
900840809,457,499,956
900840810,453,459,912
900840811,478,556,1034
900840812,616,704,1320
900840813,500,575,1075
900840814,1106,1104,2210
900840815,471,496,967
900840816,561,654,1215
900840817,333,370,703
900840818,303,359,662
900840819,651,712,1363
900840820,565,531,1096
900840901,316,356,672
900840902,438,520,958
900840903,316,419,735
900840904,348,377,725
900840905,418,470,888
900840906,327,381,708
900840907,392,438,830
900840908,338,375,713
900840909,280,306,586
900840910,326,351,677
900840911,441,515,956
900840912,209,247,456
900840913,151,173,324
900840914,357,444,801
900840915,487,527,1014
900841001,514,543,1057
900841002,1056,1053,2109
900841003,525,561,1086
900841004,735,824,1559
900841005,775,772,1547
900841006,663,738,1401
900841007,440,418,858
900841008,799,860,1659
900841009,638,690,1328
900841010,846,900,1746
900841011,680,734,1414
900841012,397,466,863
900841013,547,577,1124
900841014,389,468,857
900841015,338,341,679
900841016,349,426,775
900841017,380,438,818
900841018,476,528,1004
900841019,292,295,587
900841020,527,611,1138
900841021,151,173,324
900841022,433,496,929
900841023,660,767,1427
900841024,584,735,1319
900841025,167,162,329
900841101,300,341,641
900841102,320,377,697
900841103,309,351,660
900841104,220,303,523
900841105,587,632,1219
900841106,769,740,1509
900841107,698,710,1408
900841108,689,687,1376
900841109,718,764,1482
900841110,429,505,934
900841111,543,575,1118
900841112,379,425,804
900841113,383,507,890
900841201,341,416,757
900841202,319,422,741
900841203,329,406,735
900841204,379,463,842
900841205,211,257,468
900841206,204,276,480
900841207,292,377,669
900841208,426,520,946
900841209,332,446,778
900841210,301,403,704
900841211,316,409,725
900841212,360,453,813
900841213,283,344,627
900841214,346,444,790
900841215,174,230,404
900841216,416,544,960
900841217,248,365,613
900841218,198,278,476
900841219,364,493,857
900841220,349,419,768
900841221,269,415,684
900841222,152,247,399
900841223,275,397,672
900841224,95,125,220
900841225,222,299,521
900841226,332,435,767
900841301,286,336,622
900841302,340,397,737
900841303,308,281,589
900841304,236,354,590
900841305,448,478,926
900841306,317,403,720
900841307,179,191,370
900841308,271,355,626
900841309,292,421,713
900841310,255,318,573
900841311,151,223,374
900841312,313,485,798
900841313,91,117,208
900841314,274,402,676
900841315,137,260,397
900841316,200,278,478
900841317,285,375,660
900841318,477,537,1014
900841401,630,646,1276
900841402,404,484,888
900841403,288,315,603
900841404,626,700,1326
900841405,518,611,1129
900841406,462,511,973
900841407,478,514,992
900841408,338,407,745
900841409,341,368,709
900841410,382,449,831
900841411,466,557,1023
900841412,538,578,1116
900841413,424,548,972
900841414,497,540,1037
900841501,422,492,914
900841502,562,647,1209
900841503,385,438,823
900841504,594,659,1253
900841505,507,571,1078
900841506,524,640,1164
900841507,265,374,639
900841508,248,304,552
900841509,555,646,1201
900841510,481,575,1056
900841511,289,324,613
900841512,262,286,548
900841513,270,335,605
900841601,506,540,1046
900841602,364,449,813
900841603,532,582,1114
900841604,718,787,1505
900841605,587,682,1269
900841606,332,382,714
900841607,617,748,1365
900841608,526,594,1120
900841609,490,493,983
900841610,341,398,739
900841611,622,686,1308
900841612,370,410,780
900841613,293,335,628
900841614,455,449,904
900841615,710,742,1452
900841616,449,485,934
900841617,646,580,1226
900841618,669,701,1370
900841619,496,521,1017
900841620,555,615,1170
900841621,488,530,1018
900841622,302,307,609
900841701,511,548,1059
900841702,563,656,1219
900841703,480,518,998
900841704,568,601,1169
900841705,432,505,937
900841706,531,551,1082
900841707,329,384,713
900841708,611,707,1318
900841709,656,704,1360
900841710,214,257,471
900841711,400,482,882
900841712,494,573,1067
900841801,570,692,1262
900841802,434,485,919
900841803,217,279,496
900841804,180,233,413
900841805,425,530,955
900841806,459,543,1002
900841807,543,581,1124
900841808,544,643,1187
900841809,412,495,907
900841810,363,408,771
900841811,506,574,1080
900841812,282,322,604
900841901,255,346,601
900841902,323,451,774
900841903,248,348,596
900841904,192,254,446
900841905,254,319,573
900841906,207,267,474
900841907,413,498,911
900841908,243,313,556
900841909,345,479,824
900841910,260,400,660
900841911,324,470,794
900841912,366,477,843
900841913,276,357,633
900841914,256,302,558
900841915,228,267,495
900841916,276,326,602
900841917,145,213,358
900841918,190,226,416
900841919,577,766,1343
900842001,190,249,439
900842002,187,292,479
900842003,162,264,426
900842004,155,222,377
900842005,176,263,439
900842006,180,256,436
900842007,362,471,833
900842008,218,348,566
900842009,224,317,541
900842010,259,340,599
900842011,162,243,405
900842012,291,429,720
900842013,235,317,552
900842014,173,242,415
900842015,272,385,657
900842016,234,267,501
900842017,200,288,488
900842018,434,548,982
900842019,398,498,896
900842101,264,317,581
900842102,374,495,869
900842103,182,264,446
900842104,239,323,562
900842105,256,278,534
900842106,468,573,1041
900842107,455,618,1073
900842108,283,332,615
900842109,342,451,793
900842110,504,583,1087
900842111,405,383,788
900842112,320,407,727
900842113,738,837,1575
900842114,1014,1019,2033
900842115,511,508,1019
900842116,283,303,586
900842117,278,342,620
900842118,434,450,884
900842119,776,881,1657
900842120,245,319,564
900842121,239,324,563
900842122,246,355,601
900842123,5,1,6
900842201,840,935,1775
900842202,824,820,1644
900842203,512,526,1038
900842204,410,430,840
900842205,425,440,865
900842206,658,738,1396
900842207,1059,1005,2064
900842208,575,601,1176
900842209,478,542,1020
900842210,523,627,1150
900842211,500,503,1003
900842212,434,457,891
900842213,673,723,1396
900842214,815,862,1677
900842215,940,977,1917
900842216,713,685,1398
900842217,918,930,1848
900842218,386,397,783
900842219,784,772,1556
900842220,683,692,1375
900842221,786,804,1590
900842222,314,330,644
900842223,495,477,972
900842301,360,388,748
900842302,297,372,669
900842303,257,287,544
900842304,527,637,1164
900842305,505,606,1111
900842306,731,771,1502
900842307,338,446,784
900842308,359,454,813
900842309,577,615,1192
900842310,564,643,1207
900842311,619,695,1314
900842312,430,518,948
900842313,373,380,753
900842314,389,424,813
900842401,539,555,1094
900842402,532,607,1139
900842403,610,665,1275
900842404,661,703,1364
900842405,417,439,856
900842406,542,623,1165
900842407,299,330,629
900842408,812,864,1676
900842409,631,711,1342
900842410,522,584,1106
900842411,384,412,796
900842412,527,561,1088
900842413,442,456,898
900842414,528,551,1079
900842415,970,1098,2068
900842416,933,988,1921
900842417,425,511,936
900842418,597,613,1210
900842419,341,374,715
900842420,462,509,971
900842501,934,958,1892
900842502,351,364,715
900842503,550,683,1233
900842504,518,565,1083
900842505,611,737,1348
900842506,344,326,670
900842507,737,833,1570
900842508,786,817,1603
900842509,423,462,885
900842510,516,563,1079
900842511,1037,1067,2104
900842512,769,829,1598
900842513,673,747,1420
900842514,627,679,1306
900842515,490,508,998
900842516,414,449,863
900842517,609,578,1187
900842518,587,635,1222
900842519,572,617,1189
900842601,771,901,1672
900842602,523,515,1038
900842603,404,467,871
900842604,662,714,1376
900842605,677,718,1395
900842606,524,524,1048
900842607,550,566,1116
900842608,374,435,809
900842609,417,432,849
900842610,519,515,1034
900842611,501,596,1097
900842612,488,561,1049
900842613,361,412,773
900842614,726,747,1473
900842615,735,785,1520
900842616,740,766,1506
900842701,468,523,991
900842702,917,998,1915
900842703,521,545,1066
900842704,569,683,1252
900842705,669,766,1435
900842706,748,824,1572
900842707,848,870,1718
900842708,667,727,1394
900842709,920,835,1755
900842710,792,820,1612
900842711,578,650,1228
900842712,463,470,933
900842713,393,447,840
900842714,729,788,1517
900842801,829,871,1700
900842802,593,666,1259
900842803,900,986,1886
900842804,509,483,992
900842805,636,670,1306
900842806,646,667,1313
900842807,675,654,1329
900842808,554,514,1068
900842809,453,506,959
900842810,544,553,1097
900842811,639,704,1343
900842812,731,758,1489
900842813,566,614,1180
900842814,423,420,843
900842815,715,731,1446
900842816,644,611,1255
900842817,616,610,1226
900842818,490,539,1029
900842819,522,552,1074
900842820,429,486,915
900842821,405,432,837
900842822,606,688,1294
900842823,564,591,1155
900842824,821,860,1681
900842901,849,862,1711
900842902,788,843,1631
900842903,512,571,1083
900842904,574,570,1144
900842905,478,549,1027
900842906,578,541,1119
900842907,561,571,1132
900842908,981,1015,1996
900842909,695,734,1429
900842910,528,582,1110
900842911,818,789,1607
900842912,444,446,890
900842913,753,743,1496
900842914,1176,1297,2473
900842915,679,680,1359
900842916,437,438,875
900843001,652,690,1342
900843002,624,633,1257
900843003,741,720,1461
900843004,416,467,883
900843005,466,505,971
900843006,415,449,864
900843007,753,825,1578
900843008,578,566,1144
900843009,725,683,1408
900843010,694,653,1347
900843011,767,738,1505
900843012,799,814,1613
900843013,843,845,1688
900843014,676,704,1380
900843015,886,947,1833
900843016,781,740,1521
900843017,384,420,804
900843018,968,1042,2010
900843019,217,231,448
900910101,915,941,1856
900910102,693,769,1462
900910103,733,740,1473
900910104,707,740,1447
900910105,534,591,1125
900910106,457,531,988
900910201,341,348,689
900910202,172,144,316
900910203,324,309,633
900910204,451,391,842
900910205,225,188,413
900910206,209,171,380
900910207,326,315,641
900910208,321,268,589
900910209,249,209,458
900910301,165,148,313
900910302,347,304,651
900910303,318,297,615
900910304,371,349,720
900910305,331,306,637
900910306,300,298,598
900910307,224,188,412
900910308,96,80,176
900910401,115,96,211
900910402,206,166,372
900910403,260,240,500
900910404,185,185,370
900910405,215,217,432
900910406,90,97,187
900910501,347,294,641
900910502,243,220,463
900910503,231,211,442
900910504,72,56,128
900910601,59,53,112
900910602,263,219,482
900910603,121,119,240
900910604,96,61,157
900910605,52,47,99
900910606,64,54,118
900910607,189,210,399
900910701,441,395,836
900910702,376,344,720
900910703,142,127,269
900910704,153,138,291
900910801,77,58,135
900910802,44,43,87
900910803,132,112,244
900910804,156,149,305
900910805,118,86,204
900910806,82,65,147
900910807,31,16,47
900910808,269,276,545
900910809,441,439,880
900910901,127,124,251
900910902,169,166,335
900910903,155,131,286
900910904,46,37,83
900911001,121,102,223
900911002,110,97,207
900911003,236,210,446
900911004,88,65,153
900911101,112,81,193
900911102,43,43,86
900911103,110,106,216
900911104,110,104,214
900911201,233,197,430
900911202,109,101,210
900911203,30,16,46
900980101,254,226,480
900980102,140,107,247
900980103,25,31,56
900980104,107,105,212
900980105,127,79,206
900980106,329,303,632
900980107,21,13,34
900980108,0,0,0
900980201,21,19,40
900980202,3,2,5
900980203,35,34,69
900980301,21,10,31
900980302,17,9,26
900980303,30,24,54
900980304,175,179,354
900980305,70,58,128
900980306,0,0,0
900980307,10,2,12
900980308,434,424,858
900980309,184,196,380
900980310,334,362,696
900980311,317,314,631
900980401,360,320,680
900980402,512,455,967
900980403,21,16,37
900980404,4,4,8
900980405,306,275,581
900980406,305,297,602
900980407,145,129,274
900980408,414,385,799
900980409,225,182,407
900980410,172,148,320
900980411,133,139,272
900980412,269,274,543
900980413,191,182,373
900980414,304,315,619
900980415,560,566,1126
900980416,377,392,769
900980417,185,183,368
900980418,217,202,419
900980419,44,53,97
900980420,266,255,521
901050101,57,61,118
901050102,53,62,115
901050103,67,56,123
901050104,27,22,49
901050201,94,81,175
901050202,18,14,32
901050203,137,133,270
901050204,306,308,614
901050205,342,323,665
901050206,189,209,398
901050207,124,100,224
901050208,406,377,783
901050301,19,11,30
901050302,283,278,561
901050401,170,156,326
901050402,432,433,865
901050501,321,327,648
901050502,52,48,100
901050503,464,466,930
901050504,993,999,1992
901050505,315,308,623
901050506,529,603,1132
901050601,394,360,754
901050602,573,534,1107
901050603,729,819,1548
901050604,624,669,1293
901050605,653,685,1338
901050606,494,520,1014
901050607,360,331,691
901050608,288,282,570
901050609,540,529,1069
901050610,475,487,962
901050611,609,692,1301
901050612,633,647,1280
901050613,473,512,985
901050614,266,249,515
901050615,446,502,948
901050616,384,435,819
901050617,409,456,865
901050618,484,550,1034
901050619,435,459,894
901050620,655,683,1338
901050621,968,1019,1987
901050622,236,265,501
901050623,800,907,1707
901050624,239,253,492
901050625,423,430,853
901050701,1085,1123,2208
901050702,542,519,1061
901050703,265,290,555
901050704,679,705,1384
901050705,404,473,877
901050706,553,617,1170
901050707,264,264,528
901050708,569,580,1149
901050709,607,593,1200
901050710,497,523,1020
901050711,725,730,1455
901050712,811,893,1704
901050713,414,431,845
901050714,457,480,937
901050715,278,292,570
901050716,0,0,0
901050717,3,0,3
901050718,35,45,80
901050801,181,175,356
901050802,805,866,1671
901050803,624,665,1289
901050804,734,773,1507
901050805,803,741,1544
901050806,513,548,1061
901050807,543,598,1141
901050808,936,1001,1937
901050809,618,660,1278
901050810,646,667,1313
901050811,634,640,1274
901050812,637,716,1353
901050813,620,663,1283
901050814,607,655,1262
901050815,478,495,973
901050816,462,492,954
901050817,490,567,1057
901050901,33,39,72
901050902,581,590,1171
901050903,977,1017,1994
901050904,654,752,1406
901050905,672,655,1327
901050906,704,784,1488
901050907,526,568,1094
901050908,501,535,1036
901050909,449,500,949
901050910,215,260,475
901050911,263,328,591
901050912,642,656,1298
901050913,729,748,1477
901050914,639,652,1291
901050915,400,523,923
901050916,569,614,1183
901050917,321,312,633
901051001,563,659,1222
901051002,476,494,970
901051003,640,657,1297
901051004,931,913,1844
901051005,837,883,1720
901051006,637,652,1289
901051007,546,582,1128
901051008,239,229,468
901051009,862,850,1712
901051010,697,687,1384
901051011,555,541,1096
901051012,483,490,973
901051013,446,503,949
901051014,10,6,16
901051015,649,635,1284
901051016,554,569,1123
901051017,842,906,1748
901051018,861,857,1718
901051019,430,433,863
901051020,342,332,674
901051021,614,667,1281
901051022,559,590,1149
901051023,593,628,1221
901051024,739,725,1464
901120101,25,15,40
901120102,69,44,113
901120103,90,77,167
901120104,51,45,96
901120105,105,71,176
901120106,50,28,78
901120107,25,17,42
901120108,95,78,173
901120109,259,242,501
901120110,252,245,497
901120111,249,251,500
901120112,159,204,363
901120113,142,175,317
901120114,202,185,387
901120115,295,285,580
901120116,188,178,366
901120201,69,36,105
901120202,28,24,52
901120203,181,156,337
901120204,147,116,263
901120205,527,476,1003
901120206,90,77,167
901120207,71,49,120
901120208,30,17,47
901120209,104,95,199
901120210,737,716,1453
901120211,9,3,12
901120212,47,35,82
901120213,739,820,1559
901120214,555,618,1173
901120215,294,306,600
901120216,548,549,1097
901120301,118,111,229
901120302,499,487,986
901120303,267,232,499
901120304,61,46,107
901120305,94,100,194
901120306,94,86,180
901120307,265,210,475
901120308,226,245,471
901120401,52,43,95
901120402,109,105,214
901120403,215,184,399
901120404,461,396,857
901190101,28,25,53
901190102,16,8,24
901190103,108,97,205
901190201,597,640,1237
901190202,388,406,794
901190203,400,445,845
901190204,612,647,1259
901190205,417,471,888
901190206,740,812,1552
901190207,307,351,658
901190208,511,554,1065
901190209,579,616,1195
901190210,390,437,827
901190211,608,626,1234
901190212,289,306,595
901190213,442,498,940
901190214,329,376,705
901190215,513,535,1048
901190216,399,449,848
901190217,552,551,1103
901190301,5,6,11
901190302,332,353,685
901190303,294,341,635
901190304,550,554,1104
901190305,314,356,670
901190306,707,663,1370
901190307,478,533,1011
901190308,350,386,736
901190309,431,445,876
901190310,406,406,812
901190311,379,366,745
901190312,316,345,661
901190313,640,698,1338
901190314,507,511,1018
901190315,497,532,1029
901190316,495,504,999
901190317,797,812,1609
901190318,409,384,793
901190319,473,512,985
901190401,479,461,940
901190402,635,620,1255
901190403,713,733,1446
901190404,756,703,1459
901190405,736,739,1475
901190406,687,719,1406
901190407,957,1016,1973
901190408,756,785,1541
901190409,962,970,1932
901190410,395,488,883
901190411,453,501,954
901190412,393,436,829
901190413,373,424,797
901190414,361,423,784
901190415,258,268,526
901190416,219,245,464
901190417,476,526,1002
901190418,360,388,748
901190419,639,667,1306
901190420,541,587,1128
901190421,325,361,686
901190501,11,9,20
901190502,462,485,947
901190503,545,529,1074
901190504,457,490,947
901190505,400,409,809
901190506,320,343,663
901190507,736,788,1524
901190508,744,771,1515
901190509,633,635,1268
901190510,458,471,929
901190511,405,430,835
901190512,741,740,1481
901190513,769,864,1633
901190514,693,690,1383
901190515,536,591,1127
901190516,587,638,1225
940070101,168,29,197
940070201,45,10,55
940070301,43,29,72
940070401,40,18,58
940070501,55,17,72
940070502,262,233,495
940070503,526,507,1033
940070504,411,338,749
940070505,357,315,672
940070601,59,18,77
940070701,36,7,43
940070801,34,10,44
940071001,675,649,1324
940071002,246,189,435
940071003,643,654,1297
940071004,586,628,1214
940071005,560,562,1122
940071006,554,575,1129
940071007,575,595,1170
940071008,459,511,970
940071009,484,542,1026
940071010,509,497,1006
940071011,589,559,1148
940071012,498,489,987
940071013,484,493,977
940071101,442,445,887
940071102,468,494,962
940071103,489,461,950
940071104,685,699,1384
940071105,422,455,877
940071106,466,410,876
940071107,281,246,527
940071108,282,231,513
940071109,397,373,770
940071110,364,316,680
940071111,580,476,1056
940071112,498,470,968
940071113,541,537,1078
940071201,357,332,689
940071202,408,415,823
940071203,298,265,563
940071204,594,558,1152
940071205,651,640,1291
940071206,564,607,1171
940071207,500,551,1051
940071208,563,601,1164
940071209,536,495,1031
940071210,518,445,963
940071211,341,333,674
940071212,486,459,945
940071213,439,419,858
940071301,499,516,1015
940071302,545,505,1050
940071303,558,588,1146
940071304,534,528,1062
940071305,566,477,1043
940071306,191,192,383
940071307,584,556,1140
940071308,469,404,873
940071309,452,447,899
940071310,326,306,632
940071311,465,498,963
940071312,491,467,958
940071313,567,552,1119
940071314,281,296,577
940071401,628,536,1164
940071402,707,659,1366
940071403,683,652,1335
940071404,546,508,1054
940071405,584,539,1123
940071406,435,382,817
940071407,521,520,1041
940071408,533,479,1012
940071409,622,596,1218
940071410,493,494,987
940071411,517,446,963
940071412,583,486,1069
940071413,404,347,751
940071414,505,406,911
940071415,429,385,814
940071416,161,121,282
940140101,14,9,23
940140102,101,63,164
940140103,75,30,105
940140201,0,0,0
940140202,19,5,24
940140301,1,0,1
940140302,32,14,46
940140401,214,215,429
940140402,409,332,741
940140403,207,178,385
940140404,151,139,290
940140405,243,199,442
940140406,396,336,732
940140407,505,430,935
940140408,232,236,468
940140409,508,512,1020
940140410,356,365,721
940140411,446,420,866
940140412,437,444,881
940140413,577,528,1105
940140414,627,587,1214
940140415,519,499,1018
940140416,533,604,1137
940140501,362,352,714
940140502,387,396,783
940140503,419,443,862
940140504,175,165,340
940140505,458,424,882
940140506,825,369,1194
940140507,224,212,436
940140508,395,359,754
940140509,654,606,1260
940140510,347,330,677
940140511,329,329,658
940140601,330,333,663
940140602,552,580,1132
940140603,524,463,987
940140604,564,569,1133
940140605,580,537,1117
940140606,406,418,824
940140607,493,500,993
940140608,422,472,894
940140609,547,582,1129
940140610,537,515,1052
940140611,589,508,1097
940140612,601,515,1116
940140701,395,385,780
940140702,438,436,874
940140703,494,501,995
940140704,486,461,947
940140705,518,504,1022
940140706,255,274,529
940140707,529,585,1114
940140708,444,432,876
940140709,212,242,454
940140710,200,207,407
940140711,636,595,1231
940140712,536,554,1090
940140713,520,467,987
940140714,734,707,1441
940140801,169,108,277
940140802,264,281,545
940140803,192,203,395
940140804,349,370,719
940140805,375,407,782
940140806,579,575,1154
940140807,401,429,830
940140808,544,495,1039
940140809,380,369,749
940140810,676,668,1344
940140811,455,451,906
940140812,473,478,951
940140813,554,520,1074
940210101,17,0,17
940280101,161,29,190
